Datetime,NetPV_MW,Delivered_MW,Charge_MW,Discharge_MW,SOC_MWh,NG_MW,Unmet_MW,Season,PV_Utilization_%,BESS_Used_%,NG_Used_%,Deficit_%
2020-01-01 00:00:00,0.0,40.0,0.0,0.0,0.0,40.0,60.0,Winter,0.0,0.0,100.0,60.0
2020-01-01 01:00:00,0.0,40.0,0.0,0.0,0.0,40.0,60.0,Winter,0.0,0.0,100.0,60.0
2020-01-01 02:00:00,0.0,40.0,0.0,0.0,0.0,40.0,60.0,Winter,0.0,0.0,100.0,60.0
2020-01-01 03:00:00,0.0,40.0,0.0,0.0,0.0,40.0,60.0,Winter,0.0,0.0,100.0,60.0
2020-01-01 04:00:00,0.0,40.0,0.0,0.0,0.0,40.0,60.0,Winter,0.0,0.0,100.0,60.0
2020-01-01 05:00:00,0.0,40.0,0.0,0.0,0.0,40.0,60.0,Winter,0.0,0.0,100.0,60.0
2020-01-01 06:00:00,0.0,40.0,0.0,0.0,0.0,40.0,60.0,Winter,0.0,0.0,100.0,60.0
2020-01-01 07:00:00,0.0,40.0,0.0,0.0,0.0,40.0,60.0,Winter,0.0,0.0,100.0,60.0
2020-01-01 08:00:00,344.718,100.0,200.0,0.0,187.6166303929372,0.0,0.0,Winter,19.151,0.0,0.0,0.0
2020-01-01 09:00:00,809.982,100.0,200.0,0.0,375.2332607858744,0.0,0.0,Winter,44.999,0.0,0.0,0.0
2020-01-01 10:00:00,890.856,100.0,200.0,0.0,562.8498911788115,0.0,0.0,Winter,49.492,0.0,0.0,0.0
2020-01-01 11:00:00,516.96,100.0,137.15010882118844,0.0,691.5080975540917,0.0,0.0,Winter,28.720000000000002,0.0,0.0,0.0
2020-01-01 12:00:00,956.106,100.0,8.491902445908286,0.0,699.4742081667259,0.0,0.0,Winter,53.117000000000004,0.0,0.0,0.0
2020-01-01 13:00:00,590.058,100.0,0.5257918332740664,0.0,699.9674446269609,0.0,0.0,Winter,32.781,0.0,0.0,0.0
2020-01-01 14:00:00,644.76,100.0,0.03255537303909659,0.0,699.9979842739149,0.0,0.0,Winter,35.82,0.0,0.0,0.0
2020-01-01 15:00:00,586.944,100.0,0.0020157260851701724,0.0,699.9998751925942,0.0,0.0,Winter,32.608,0.0,0.0,0.0
2020-01-01 16:00:00,72.2952,100.0,0.0,29.533416032444585,670.4664591601497,0.0,0.0,Winter,4.0164,4.219059433206369,0.0,0.0
2020-01-01 17:00:00,0.0,100.0,0.0,106.60035817780522,563.8661009823445,0.0,0.0,Winter,0.0,15.228622596829316,0.0,0.0
2020-01-01 18:00:00,0.0,100.0,0.0,106.60035817780522,457.2657428045393,0.0,0.0,Winter,0.0,15.228622596829316,0.0,0.0
2020-01-01 19:00:00,0.0,100.0,0.0,106.60035817780522,350.66538462673407,0.0,0.0,Winter,0.0,15.228622596829316,0.0,0.0
2020-01-01 20:00:00,0.0,100.0,0.0,106.60035817780522,244.06502644892888,0.0,0.0,Winter,0.0,15.228622596829316,0.0,0.0
2020-01-01 21:00:00,0.0,100.0,0.0,106.60035817780522,137.46466827112366,0.0,0.0,Winter,0.0,15.228622596829316,0.0,0.0
2020-01-01 22:00:00,0.0,100.0,0.0,106.60035817780522,30.864310093318448,0.0,0.0,Winter,0.0,15.228622596829316,0.0,0.0
2020-01-01 23:00:00,0.0,68.95328929555563,0.0,30.864310093318448,0.0,40.0,31.046710704444365,Winter,0.0,4.4091871561883496,100.0,31.046710704444365
2020-01-02 00:00:00,0.0,40.0,0.0,0.0,0.0,40.0,60.0,Winter,0.0,0.0,100.0,60.0
2020-01-02 01:00:00,0.0,40.0,0.0,0.0,0.0,40.0,60.0,Winter,0.0,0.0,100.0,60.0
2020-01-02 02:00:00,0.0,40.0,0.0,0.0,0.0,40.0,60.0,Winter,0.0,0.0,100.0,60.0
2020-01-02 03:00:00,0.0,40.0,0.0,0.0,0.0,40.0,60.0,Winter,0.0,0.0,100.0,60.0
2020-01-02 04:00:00,0.0,40.0,0.0,0.0,0.0,40.0,60.0,Winter,0.0,0.0,100.0,60.0
2020-01-02 05:00:00,0.0,40.0,0.0,0.0,0.0,40.0,60.0,Winter,0.0,0.0,100.0,60.0
2020-01-02 06:00:00,0.0,40.0,0.0,0.0,0.0,40.0,60.0,Winter,0.0,0.0,100.0,60.0
2020-01-02 07:00:00,22.8402,62.840199999999996,0.0,0.0,0.0,40.0,37.159800000000004,Winter,1.2689,0.0,100.0,37.159800000000004
2020-01-02 08:00:00,1090.638,100.0,200.0,0.0,187.6166303929372,0.0,0.0,Winter,60.590999999999994,0.0,0.0,0.0
2020-01-02 09:00:00,1741.356,100.0,200.0,0.0,375.2332607858744,0.0,0.0,Winter,96.74199999999999,0.0,0.0,0.0
2020-01-02 10:00:00,1590.012,100.0,200.0,0.0,562.8498911788115,0.0,0.0,Winter,88.334,0.0,0.0,0.0
2020-01-02 11:00:00,1503.378,100.0,137.15010882118844,0.0,691.5080975540917,0.0,0.0,Winter,83.521,0.0,0.0,0.0
2020-01-02 12:00:00,1443.654,100.0,8.491902445908286,0.0,699.4742081667259,0.0,0.0,Winter,80.203,0.0,0.0,0.0
2020-01-02 13:00:00,1624.482,100.0,0.5257918332740664,0.0,699.9674446269609,0.0,0.0,Winter,90.249,0.0,0.0,0.0
2020-01-02 14:00:00,1661.364,100.0,0.03255537303909659,0.0,699.9979842739149,0.0,0.0,Winter,92.298,0.0,0.0,0.0
2020-01-02 15:00:00,1019.052,100.0,0.0020157260851701724,0.0,699.9998751925942,0.0,0.0,Winter,56.614,0.0,0.0,0.0
2020-01-02 16:00:00,16.329420000000002,100.0,0.0,89.19313796944705,610.8067372231471,0.0,0.0,Winter,0.90719,12.74187685277815,0.0,0.0
2020-01-02 17:00:00,0.0,100.0,0.0,106.60035817780522,504.206379045342,0.0,0.0,Winter,0.0,15.228622596829316,0.0,0.0
2020-01-02 18:00:00,0.0,100.0,0.0,106.60035817780522,397.60602086753676,0.0,0.0,Winter,0.0,15.228622596829316,0.0,0.0
2020-01-02 19:00:00,0.0,100.0,0.0,106.60035817780522,291.0056626897316,0.0,0.0,Winter,0.0,15.228622596829316,0.0,0.0
2020-01-02 20:00:00,0.0,100.0,0.0,106.60035817780522,184.40530451192637,0.0,0.0,Winter,0.0,15.228622596829316,0.0,0.0
2020-01-02 21:00:00,0.0,100.0,0.0,106.60035817780522,77.80494633412115,0.0,0.0,Winter,0.0,15.228622596829316,0.0,0.0
2020-01-02 22:00:00,0.0,100.0,0.0,77.80494633412115,0.0,27.01249070444439,0.0,Winter,0.0,11.11499233344588,67.53122676111097,0.0
2020-01-02 23:00:00,0.0,40.0,0.0,0.0,0.0,40.0,60.0,Winter,0.0,0.0,100.0,60.0
2020-01-03 00:00:00,0.0,40.0,0.0,0.0,0.0,40.0,60.0,Winter,0.0,0.0,100.0,60.0
2020-01-03 01:00:00,0.0,40.0,0.0,0.0,0.0,40.0,60.0,Winter,0.0,0.0,100.0,60.0
2020-01-03 02:00:00,0.0,40.0,0.0,0.0,0.0,40.0,60.0,Winter,0.0,0.0,100.0,60.0
2020-01-03 03:00:00,0.0,40.0,0.0,0.0,0.0,40.0,60.0,Winter,0.0,0.0,100.0,60.0
2020-01-03 04:00:00,0.0,40.0,0.0,0.0,0.0,40.0,60.0,Winter,0.0,0.0,100.0,60.0
2020-01-03 05:00:00,0.0,40.0,0.0,0.0,0.0,40.0,60.0,Winter,0.0,0.0,100.0,60.0
2020-01-03 06:00:00,0.0,40.0,0.0,0.0,0.0,40.0,60.0,Winter,0.0,0.0,100.0,60.0
2020-01-03 07:00:00,27.117,67.117,0.0,0.0,0.0,40.0,32.882999999999996,Winter,1.5065,0.0,100.0,32.882999999999996
2020-01-03 08:00:00,1280.412,100.0,200.0,0.0,187.6166303929372,0.0,0.0,Winter,71.134,0.0,0.0,0.0
2020-01-03 09:00:00,1825.11,100.0,200.0,0.0,375.2332607858744,0.0,0.0,Winter,101.395,0.0,0.0,0.0
2020-01-03 10:00:00,1683.738,100.0,200.0,0.0,562.8498911788115,0.0,0.0,Winter,93.54100000000001,0.0,0.0,0.0
2020-01-03 11:00:00,1480.392,100.0,137.15010882118844,0.0,691.5080975540917,0.0,0.0,Winter,82.244,0.0,0.0,0.0
2020-01-03 12:00:00,1466.532,100.0,8.491902445908286,0.0,699.4742081667259,0.0,0.0,Winter,81.47399999999999,0.0,0.0,0.0
2020-01-03 13:00:00,1587.978,100.0,0.5257918332740664,0.0,699.9674446269609,0.0,0.0,Winter,88.221,0.0,0.0,0.0
2020-01-03 14:00:00,1284.408,100.0,0.03255537303909659,0.0,699.9979842739149,0.0,0.0,Winter,71.356,0.0,0.0,0.0
2020-01-03 15:00:00,412.02,100.0,0.0020157260851701724,0.0,699.9998751925942,0.0,0.0,Winter,22.89,0.0,0.0,0.0
2020-01-03 16:00:00,61.419599999999996,100.0,0.0,41.12684458642997,658.8730306061642,0.0,0.0,Winter,3.4122,5.875263512347138,0.0,0.0
2020-01-03 17:00:00,0.0,100.0,0.0,106.60035817780522,552.2726724283591,0.0,0.0,Winter,0.0,15.228622596829316,0.0,0.0
2020-01-03 18:00:00,0.0,100.0,0.0,106.60035817780522,445.6723142505538,0.0,0.0,Winter,0.0,15.228622596829316,0.0,0.0
2020-01-03 19:00:00,0.0,100.0,0.0,106.60035817780522,339.07195607274866,0.0,0.0,Winter,0.0,15.228622596829316,0.0,0.0
2020-01-03 20:00:00,0.0,100.0,0.0,106.60035817780522,232.47159789494344,0.0,0.0,Winter,0.0,15.228622596829316,0.0,0.0
2020-01-03 21:00:00,0.0,100.0,0.0,106.60035817780522,125.87123971713822,0.0,0.0,Winter,0.0,15.228622596829316,0.0,0.0
2020-01-03 22:00:00,0.0,100.0,0.0,106.60035817780522,19.270881539333,0.0,0.0,Winter,0.0,15.228622596829316,0.0,0.0
2020-01-03 23:00:00,0.0,58.07768929555558,0.0,19.270881539333,0.0,40.0,41.92231070444441,Winter,0.0,2.7529830770475714,100.0,41.92231070444441
2020-01-04 00:00:00,0.0,40.0,0.0,0.0,0.0,40.0,60.0,Winter,0.0,0.0,100.0,60.0
2020-01-04 01:00:00,0.0,40.0,0.0,0.0,0.0,40.0,60.0,Winter,0.0,0.0,100.0,60.0
2020-01-04 02:00:00,0.0,40.0,0.0,0.0,0.0,40.0,60.0,Winter,0.0,0.0,100.0,60.0
2020-01-04 03:00:00,0.0,40.0,0.0,0.0,0.0,40.0,60.0,Winter,0.0,0.0,100.0,60.0
2020-01-04 04:00:00,0.0,40.0,0.0,0.0,0.0,40.0,60.0,Winter,0.0,0.0,100.0,60.0
2020-01-04 05:00:00,0.0,40.0,0.0,0.0,0.0,40.0,60.0,Winter,0.0,0.0,100.0,60.0
2020-01-04 06:00:00,0.0,40.0,0.0,0.0,0.0,40.0,60.0,Winter,0.0,0.0,100.0,60.0
2020-01-04 07:00:00,22.586399999999998,62.5864,0.0,0.0,0.0,40.0,37.4136,Winter,1.2548,0.0,100.0,37.4136
2020-01-04 08:00:00,177.5376,100.0,77.5376,0.0,72.73671620377704,0.0,0.0,Winter,9.863199999999999,0.0,0.0,0.0
2020-01-04 09:00:00,772.11,100.0,200.0,0.0,260.35334659671423,0.0,0.0,Winter,42.895,0.0,0.0,0.0
2020-01-04 10:00:00,766.08,100.0,200.0,0.0,447.96997698965146,0.0,0.0,Winter,42.56,0.0,0.0,0.0
2020-01-04 11:00:00,466.992,100.0,200.0,0.0,635.5866073825887,0.0,0.0,Winter,25.944,0.0,0.0,0.0
2020-01-04 12:00:00,475.2,100.0,64.41339261741133,0.0,696.0117257578687,0.0,0.0,Winter,26.400000000000002,0.0,0.0,0.0
2020-01-04 13:00:00,1007.244,100.0,3.9882742421312725,0.0,699.7530586298268,0.0,0.0,Winter,55.958,0.0,0.0,0.0
2020-01-04 14:00:00,1475.46,100.0,0.246941370173241,0.0,699.9847101687094,0.0,0.0,Winter,81.97,0.0,0.0,0.0
2020-01-04 15:00:00,1204.524,100.0,0.015289831290603616,0.0,699.9990533018395,0.0,0.0,Winter,66.91799999999999,0.0,0.0,0.0
2020-01-04 16:00:00,62.476200000000006,100.0,0.0,40.00050520192327,659.9985480999162,0.0,0.0,Winter,3.4709000000000003,5.714357885989038,0.0,0.0
2020-01-04 17:00:00,0.0,100.0,0.0,106.60035817780522,553.398189922111,0.0,0.0,Winter,0.0,15.228622596829316,0.0,0.0
2020-01-04 18:00:00,0.0,100.0,0.0,106.60035817780522,446.79783174430577,0.0,0.0,Winter,0.0,15.228622596829316,0.0,0.0
2020-01-04 19:00:00,0.0,100.0,0.0,106.60035817780522,340.1974735665006,0.0,0.0,Winter,0.0,15.228622596829316,0.0,0.0
2020-01-04 20:00:00,0.0,100.0,0.0,106.60035817780522,233.59711538869539,0.0,0.0,Winter,0.0,15.228622596829316,0.0,0.0
2020-01-04 21:00:00,0.0,100.0,0.0,106.60035817780522,126.99675721089017,0.0,0.0,Winter,0.0,15.228622596829316,0.0,0.0
2020-01-04 22:00:00,0.0,100.0,0.0,106.60035817780522,20.396399033084947,0.0,0.0,Winter,0.0,15.228622596829316,0.0,0.0
2020-01-04 23:00:00,0.0,59.133518293685796,0.0,20.396399033084947,0.0,40.0,40.866481706314204,Winter,0.0,2.9137712904407067,100.0,40.866481706314204
2020-01-05 00:00:00,0.0,40.0,0.0,0.0,0.0,40.0,60.0,Winter,0.0,0.0,100.0,60.0
2020-01-05 01:00:00,0.0,40.0,0.0,0.0,0.0,40.0,60.0,Winter,0.0,0.0,100.0,60.0
2020-01-05 02:00:00,0.0,40.0,0.0,0.0,0.0,40.0,60.0,Winter,0.0,0.0,100.0,60.0
2020-01-05 03:00:00,0.0,40.0,0.0,0.0,0.0,40.0,60.0,Winter,0.0,0.0,100.0,60.0
2020-01-05 04:00:00,0.0,40.0,0.0,0.0,0.0,40.0,60.0,Winter,0.0,0.0,100.0,60.0
2020-01-05 05:00:00,0.0,40.0,0.0,0.0,0.0,40.0,60.0,Winter,0.0,0.0,100.0,60.0
2020-01-05 06:00:00,0.0,40.0,0.0,0.0,0.0,40.0,60.0,Winter,0.0,0.0,100.0,60.0
2020-01-05 07:00:00,19.5264,59.526399999999995,0.0,0.0,0.0,40.0,40.473600000000005,Winter,1.0848,0.0,100.0,40.473600000000005
2020-01-05 08:00:00,954.792,100.0,200.0,0.0,187.6166303929372,0.0,0.0,Winter,53.044000000000004,0.0,0.0,0.0
2020-01-05 09:00:00,993.798,100.0,200.0,0.0,375.2332607858744,0.0,0.0,Winter,55.211,0.0,0.0,0.0
2020-01-05 10:00:00,1188.324,100.0,200.0,0.0,562.8498911788115,0.0,0.0,Winter,66.018,0.0,0.0,0.0
2020-01-05 11:00:00,1320.624,100.0,137.15010882118844,0.0,691.5080975540917,0.0,0.0,Winter,73.368,0.0,0.0,0.0
2020-01-05 12:00:00,1168.128,100.0,8.491902445908286,0.0,699.4742081667259,0.0,0.0,Winter,64.896,0.0,0.0,0.0
2020-01-05 13:00:00,925.02,100.0,0.5257918332740664,0.0,699.9674446269609,0.0,0.0,Winter,51.39,0.0,0.0,0.0
2020-01-05 14:00:00,1035.576,100.0,0.03255537303909659,0.0,699.9979842739149,0.0,0.0,Winter,57.532000000000004,0.0,0.0,0.0
2020-01-05 15:00:00,158.994,100.0,0.0020157260851701724,0.0,699.9998751925942,0.0,0.0,Winter,8.833,0.0,0.0,0.0
2020-01-05 16:00:00,51.147,100.0,0.0,52.07747298060318,647.922402211991,0.0,0.0,Winter,2.8415,7.439638997229025,0.0,0.0
2020-01-05 17:00:00,0.0,100.0,0.0,106.60035817780522,541.3220440341859,0.0,0.0,Winter,0.0,15.228622596829316,0.0,0.0
2020-01-05 18:00:00,0.0,100.0,0.0,106.60035817780522,434.7216858563806,0.0,0.0,Winter,0.0,15.228622596829316,0.0,0.0
2020-01-05 19:00:00,0.0,100.0,0.0,106.60035817780522,328.1213276785754,0.0,0.0,Winter,0.0,15.228622596829316,0.0,0.0
2020-01-05 20:00:00,0.0,100.0,0.0,106.60035817780522,221.5209695007702,0.0,0.0,Winter,0.0,15.228622596829316,0.0,0.0
2020-01-05 21:00:00,0.0,100.0,0.0,106.60035817780522,114.92061132296499,0.0,0.0,Winter,0.0,15.228622596829316,0.0,0.0
2020-01-05 22:00:00,0.0,100.0,0.0,106.60035817780522,8.320253145159775,0.0,0.0,Winter,0.0,15.228622596829316,0.0,0.0
2020-01-05 23:00:00,0.0,47.805089295555575,0.0,8.320253145159775,0.0,40.0,52.194910704444425,Winter,0.0,1.1886075921656822,100.0,52.19491070444442
2020-01-06 00:00:00,0.0,40.0,0.0,0.0,0.0,40.0,60.0,Winter,0.0,0.0,100.0,60.0
2020-01-06 01:00:00,0.0,40.0,0.0,0.0,0.0,40.0,60.0,Winter,0.0,0.0,100.0,60.0
2020-01-06 02:00:00,0.0,40.0,0.0,0.0,0.0,40.0,60.0,Winter,0.0,0.0,100.0,60.0
2020-01-06 03:00:00,0.0,40.0,0.0,0.0,0.0,40.0,60.0,Winter,0.0,0.0,100.0,60.0
2020-01-06 04:00:00,0.0,40.0,0.0,0.0,0.0,40.0,60.0,Winter,0.0,0.0,100.0,60.0
2020-01-06 05:00:00,0.0,40.0,0.0,0.0,0.0,40.0,60.0,Winter,0.0,0.0,100.0,60.0
2020-01-06 06:00:00,0.0,40.0,0.0,0.0,0.0,40.0,60.0,Winter,0.0,0.0,100.0,60.0
2020-01-06 07:00:00,16.6212,56.6212,0.0,0.0,0.0,40.0,43.3788,Winter,0.9234000000000001,0.0,100.0,43.3788
2020-01-06 08:00:00,950.31,100.0,200.0,0.0,187.6166303929372,0.0,0.0,Winter,52.794999999999995,0.0,0.0,0.0
2020-01-06 09:00:00,1744.56,100.0,200.0,0.0,375.2332607858744,0.0,0.0,Winter,96.92,0.0,0.0,0.0
2020-01-06 10:00:00,1673.334,100.0,200.0,0.0,562.8498911788115,0.0,0.0,Winter,92.96300000000001,0.0,0.0,0.0
2020-01-06 11:00:00,1511.568,100.0,137.15010882118844,0.0,691.5080975540917,0.0,0.0,Winter,83.976,0.0,0.0,0.0
2020-01-06 12:00:00,1384.326,100.0,8.491902445908286,0.0,699.4742081667259,0.0,0.0,Winter,76.907,0.0,0.0,0.0
2020-01-06 13:00:00,1633.734,100.0,0.5257918332740664,0.0,699.9674446269609,0.0,0.0,Winter,90.76299999999999,0.0,0.0,0.0
2020-01-06 14:00:00,1818.072,100.0,0.03255537303909659,0.0,699.9979842739149,0.0,0.0,Winter,101.004,0.0,0.0,0.0
2020-01-06 15:00:00,1216.998,100.0,0.0020157260851701724,0.0,699.9998751925942,0.0,0.0,Winter,67.611,0.0,0.0,0.0
2020-01-06 16:00:00,56.0286,100.0,0.0,46.873669895795445,653.1262052967988,0.0,0.0,Winter,3.1127,6.696238556542207,0.0,0.0
2020-01-06 17:00:00,0.0,100.0,0.0,106.60035817780522,546.5258471189936,0.0,0.0,Winter,0.0,15.228622596829316,0.0,0.0
2020-01-06 18:00:00,0.0,100.0,0.0,106.60035817780522,439.92548894118846,0.0,0.0,Winter,0.0,15.228622596829316,0.0,0.0
2020-01-06 19:00:00,0.0,100.0,0.0,106.60035817780522,333.32513076338324,0.0,0.0,Winter,0.0,15.228622596829316,0.0,0.0
2020-01-06 20:00:00,0.0,100.0,0.0,106.60035817780522,226.72477258557802,0.0,0.0,Winter,0.0,15.228622596829316,0.0,0.0
2020-01-06 21:00:00,0.0,100.0,0.0,106.60035817780522,120.12441440777282,0.0,0.0,Winter,0.0,15.228622596829316,0.0,0.0
2020-01-06 22:00:00,0.0,100.0,0.0,106.60035817780522,13.524056229967595,0.0,0.0,Winter,0.0,15.228622596829316,0.0,0.0
2020-01-06 23:00:00,0.0,52.68668929555565,0.0,13.524056229967595,0.0,40.0,47.31331070444435,Winter,0.0,1.9320080328525133,100.0,47.31331070444435
2020-01-07 00:00:00,0.0,40.0,0.0,0.0,0.0,40.0,60.0,Winter,0.0,0.0,100.0,60.0
2020-01-07 01:00:00,0.0,40.0,0.0,0.0,0.0,40.0,60.0,Winter,0.0,0.0,100.0,60.0
2020-01-07 02:00:00,0.0,40.0,0.0,0.0,0.0,40.0,60.0,Winter,0.0,0.0,100.0,60.0
2020-01-07 03:00:00,0.0,40.0,0.0,0.0,0.0,40.0,60.0,Winter,0.0,0.0,100.0,60.0
2020-01-07 04:00:00,0.0,40.0,0.0,0.0,0.0,40.0,60.0,Winter,0.0,0.0,100.0,60.0
2020-01-07 05:00:00,0.0,40.0,0.0,0.0,0.0,40.0,60.0,Winter,0.0,0.0,100.0,60.0
2020-01-07 06:00:00,0.0,40.0,0.0,0.0,0.0,40.0,60.0,Winter,0.0,0.0,100.0,60.0
2020-01-07 07:00:00,22.584600000000002,62.5846,0.0,0.0,0.0,40.0,37.415400000000005,Winter,1.2547000000000001,0.0,100.0,37.415400000000005
2020-01-07 08:00:00,1251.09,100.0,200.0,0.0,187.6166303929372,0.0,0.0,Winter,69.505,0.0,0.0,0.0
2020-01-07 09:00:00,1798.11,100.0,200.0,0.0,375.2332607858744,0.0,0.0,Winter,99.895,0.0,0.0,0.0
2020-01-07 10:00:00,1728.828,100.0,200.0,0.0,562.8498911788115,0.0,0.0,Winter,96.04599999999999,0.0,0.0,0.0
2020-01-07 11:00:00,1509.372,100.0,137.15010882118844,0.0,691.5080975540917,0.0,0.0,Winter,83.85400000000001,0.0,0.0,0.0
2020-01-07 12:00:00,1468.746,100.0,8.491902445908286,0.0,699.4742081667259,0.0,0.0,Winter,81.59700000000001,0.0,0.0,0.0
2020-01-07 13:00:00,1609.758,100.0,0.5257918332740664,0.0,699.9674446269609,0.0,0.0,Winter,89.43100000000001,0.0,0.0,0.0
2020-01-07 14:00:00,1774.998,100.0,0.03255537303909659,0.0,699.9979842739149,0.0,0.0,Winter,98.611,0.0,0.0,0.0
2020-01-07 15:00:00,1245.06,100.0,0.0020157260851701724,0.0,699.9998751925942,0.0,0.0,Winter,69.17,0.0,0.0,0.0
2020-01-07 16:00:00,83.76840000000001,100.0,0.0,17.302943737988617,682.6969314546056,0.0,0.0,Winter,4.653800000000001,2.471849105426945,0.0,0.0
2020-01-07 17:00:00,0.0,100.0,0.0,106.60035817780522,576.0965732768004,0.0,0.0,Winter,0.0,15.228622596829316,0.0,0.0
2020-01-07 18:00:00,0.0,100.0,0.0,106.60035817780522,469.49621509899526,0.0,0.0,Winter,0.0,15.228622596829316,0.0,0.0
2020-01-07 19:00:00,0.0,100.0,0.0,106.60035817780522,362.89585692119005,0.0,0.0,Winter,0.0,15.228622596829316,0.0,0.0
2020-01-07 20:00:00,0.0,100.0,0.0,106.60035817780522,256.2954987433848,0.0,0.0,Winter,0.0,15.228622596829316,0.0,0.0
2020-01-07 21:00:00,0.0,100.0,0.0,106.60035817780522,149.69514056557963,0.0,0.0,Winter,0.0,15.228622596829316,0.0,0.0
2020-01-07 22:00:00,0.0,100.0,0.0,106.60035817780522,43.09478238777442,0.0,0.0,Winter,0.0,15.228622596829316,0.0,0.0
2020-01-07 23:00:00,0.0,80.42648929555565,0.0,43.09478238777442,0.0,40.0,19.573510704444338,Winter,0.0,6.156397483967774,100.0,19.573510704444338
2020-01-08 00:00:00,0.0,40.0,0.0,0.0,0.0,40.0,60.0,Winter,0.0,0.0,100.0,60.0
2020-01-08 01:00:00,0.0,40.0,0.0,0.0,0.0,40.0,60.0,Winter,0.0,0.0,100.0,60.0
2020-01-08 02:00:00,0.0,40.0,0.0,0.0,0.0,40.0,60.0,Winter,0.0,0.0,100.0,60.0
2020-01-08 03:00:00,0.0,40.0,0.0,0.0,0.0,40.0,60.0,Winter,0.0,0.0,100.0,60.0
2020-01-08 04:00:00,0.0,40.0,0.0,0.0,0.0,40.0,60.0,Winter,0.0,0.0,100.0,60.0
2020-01-08 05:00:00,0.0,40.0,0.0,0.0,0.0,40.0,60.0,Winter,0.0,0.0,100.0,60.0
2020-01-08 06:00:00,0.0,40.0,0.0,0.0,0.0,40.0,60.0,Winter,0.0,0.0,100.0,60.0
2020-01-08 07:00:00,30.4074,70.4074,0.0,0.0,0.0,40.0,29.592600000000004,Winter,1.6892999999999998,0.0,100.0,29.5926
2020-01-08 08:00:00,1390.392,100.0,200.0,0.0,187.6166303929372,0.0,0.0,Winter,77.244,0.0,0.0,0.0
2020-01-08 09:00:00,1888.812,100.0,200.0,0.0,375.2332607858744,0.0,0.0,Winter,104.934,0.0,0.0,0.0
2020-01-08 10:00:00,1723.086,100.0,200.0,0.0,562.8498911788115,0.0,0.0,Winter,95.72699999999999,0.0,0.0,0.0
2020-01-08 11:00:00,1543.23,100.0,137.15010882118844,0.0,691.5080975540917,0.0,0.0,Winter,85.735,0.0,0.0,0.0
2020-01-08 12:00:00,1535.13,100.0,8.491902445908286,0.0,699.4742081667259,0.0,0.0,Winter,85.28500000000001,0.0,0.0,0.0
2020-01-08 13:00:00,1651.896,100.0,0.5257918332740664,0.0,699.9674446269609,0.0,0.0,Winter,91.77199999999999,0.0,0.0,0.0
2020-01-08 14:00:00,1807.722,100.0,0.03255537303909659,0.0,699.9979842739149,0.0,0.0,Winter,100.42899999999999,0.0,0.0,0.0
2020-01-08 15:00:00,1384.434,100.0,0.0020157260851701724,0.0,699.9998751925942,0.0,0.0,Winter,76.913,0.0,0.0,0.0
2020-01-08 16:00:00,114.2712,100.0,0.00012480740575119854,0.0,699.9999922723188,0.0,0.0,Winter,6.3484,0.0,0.0,0.0
2020-01-08 17:00:00,0.0,100.0,0.0,106.60035817780522,593.3996340945137,0.0,0.0,Winter,0.0,15.228622596829316,0.0,0.0
2020-01-08 18:00:00,0.0,100.0,0.0,106.60035817780522,486.7992759167084,0.0,0.0,Winter,0.0,15.228622596829316,0.0,0.0
2020-01-08 19:00:00,0.0,100.0,0.0,106.60035817780522,380.1989177389032,0.0,0.0,Winter,0.0,15.228622596829316,0.0,0.0
2020-01-08 20:00:00,0.0,100.0,0.0,106.60035817780522,273.598559561098,0.0,0.0,Winter,0.0,15.228622596829316,0.0,0.0
2020-01-08 21:00:00,0.0,100.0,0.0,106.60035817780522,166.99820138329278,0.0,0.0,Winter,0.0,15.228622596829316,0.0,0.0
2020-01-08 22:00:00,0.0,100.0,0.0,106.60035817780522,60.397843205487575,0.0,0.0,Winter,0.0,15.228622596829316,0.0,0.0
2020-01-08 23:00:00,0.0,96.65819912607267,0.0,60.397843205487575,0.0,40.0,3.341800873927326,Winter,0.0,8.628263315069654,100.0,3.341800873927326
2020-01-09 00:00:00,0.0,40.0,0.0,0.0,0.0,40.0,60.0,Winter,0.0,0.0,100.0,60.0
2020-01-09 01:00:00,0.0,40.0,0.0,0.0,0.0,40.0,60.0,Winter,0.0,0.0,100.0,60.0
2020-01-09 02:00:00,0.0,40.0,0.0,0.0,0.0,40.0,60.0,Winter,0.0,0.0,100.0,60.0
2020-01-09 03:00:00,0.0,40.0,0.0,0.0,0.0,40.0,60.0,Winter,0.0,0.0,100.0,60.0
2020-01-09 04:00:00,0.0,40.0,0.0,0.0,0.0,40.0,60.0,Winter,0.0,0.0,100.0,60.0
2020-01-09 05:00:00,0.0,40.0,0.0,0.0,0.0,40.0,60.0,Winter,0.0,0.0,100.0,60.0
2020-01-09 06:00:00,0.0,40.0,0.0,0.0,0.0,40.0,60.0,Winter,0.0,0.0,100.0,60.0
2020-01-09 07:00:00,28.5786,68.5786,0.0,0.0,0.0,40.0,31.421400000000006,Winter,1.5877000000000003,0.0,100.0,31.421400000000006
2020-01-09 08:00:00,1161.594,100.0,200.0,0.0,187.6166303929372,0.0,0.0,Winter,64.533,0.0,0.0,0.0
2020-01-09 09:00:00,1824.534,100.0,200.0,0.0,375.2332607858744,0.0,0.0,Winter,101.363,0.0,0.0,0.0
2020-01-09 10:00:00,1745.154,100.0,200.0,0.0,562.8498911788115,0.0,0.0,Winter,96.953,0.0,0.0,0.0
2020-01-09 11:00:00,1424.988,100.0,137.15010882118844,0.0,691.5080975540917,0.0,0.0,Winter,79.166,0.0,0.0,0.0
2020-01-09 12:00:00,1568.016,100.0,8.491902445908286,0.0,699.4742081667259,0.0,0.0,Winter,87.112,0.0,0.0,0.0
2020-01-09 13:00:00,1720.656,100.0,0.5257918332740664,0.0,699.9674446269609,0.0,0.0,Winter,95.592,0.0,0.0,0.0
2020-01-09 14:00:00,1828.926,100.0,0.03255537303909659,0.0,699.9979842739149,0.0,0.0,Winter,101.607,0.0,0.0,0.0
2020-01-09 15:00:00,1416.636,100.0,0.0020157260851701724,0.0,699.9998751925942,0.0,0.0,Winter,78.702,0.0,0.0,0.0
2020-01-09 16:00:00,103.9176,100.0,0.00012480740575119854,0.0,699.9999922723188,0.0,0.0,Winter,5.7732,0.0,0.0,0.0
2020-01-09 17:00:00,0.0,100.0,0.0,106.60035817780522,593.3996340945137,0.0,0.0,Winter,0.0,15.228622596829316,0.0,0.0
2020-01-09 18:00:00,0.0,100.0,0.0,106.60035817780522,486.7992759167084,0.0,0.0,Winter,0.0,15.228622596829316,0.0,0.0
2020-01-09 19:00:00,0.0,100.0,0.0,106.60035817780522,380.1989177389032,0.0,0.0,Winter,0.0,15.228622596829316,0.0,0.0
2020-01-09 20:00:00,0.0,100.0,0.0,106.60035817780522,273.598559561098,0.0,0.0,Winter,0.0,15.228622596829316,0.0,0.0
2020-01-09 21:00:00,0.0,100.0,0.0,106.60035817780522,166.99820138329278,0.0,0.0,Winter,0.0,15.228622596829316,0.0,0.0
2020-01-09 22:00:00,0.0,100.0,0.0,106.60035817780522,60.397843205487575,0.0,0.0,Winter,0.0,15.228622596829316,0.0,0.0
2020-01-09 23:00:00,0.0,96.65819912607267,0.0,60.397843205487575,0.0,40.0,3.341800873927326,Winter,0.0,8.628263315069654,100.0,3.341800873927326
2020-01-10 00:00:00,0.0,40.0,0.0,0.0,0.0,40.0,60.0,Winter,0.0,0.0,100.0,60.0
2020-01-10 01:00:00,0.0,40.0,0.0,0.0,0.0,40.0,60.0,Winter,0.0,0.0,100.0,60.0
2020-01-10 02:00:00,0.0,40.0,0.0,0.0,0.0,40.0,60.0,Winter,0.0,0.0,100.0,60.0
2020-01-10 03:00:00,0.0,40.0,0.0,0.0,0.0,40.0,60.0,Winter,0.0,0.0,100.0,60.0
2020-01-10 04:00:00,0.0,40.0,0.0,0.0,0.0,40.0,60.0,Winter,0.0,0.0,100.0,60.0
2020-01-10 05:00:00,0.0,40.0,0.0,0.0,0.0,40.0,60.0,Winter,0.0,0.0,100.0,60.0
2020-01-10 06:00:00,0.0,40.0,0.0,0.0,0.0,40.0,60.0,Winter,0.0,0.0,100.0,60.0
2020-01-10 07:00:00,0.0,40.0,0.0,0.0,0.0,40.0,60.0,Winter,0.0,0.0,100.0,60.0
2020-01-10 08:00:00,153.684,100.0,53.684,0.0,50.3600559300722,0.0,0.0,Winter,8.538,0.0,0.0,0.0
2020-01-10 09:00:00,577.512,100.0,200.0,0.0,237.9766863230094,0.0,0.0,Winter,32.083999999999996,0.0,0.0,0.0
2020-01-10 10:00:00,288.666,100.0,188.666,0.0,414.96108227157885,0.0,0.0,Winter,16.037,0.0,0.0,0.0
2020-01-10 11:00:00,423.828,100.0,200.0,0.0,602.5777126645161,0.0,0.0,Winter,23.545999999999996,0.0,0.0,0.0
2020-01-10 12:00:00,409.662,100.0,97.42228733548394,0.0,693.9679190397961,0.0,0.0,Winter,22.759,0.0,0.0,0.0
2020-01-10 13:00:00,221.922,100.0,6.032080960203894,0.0,699.6265125598503,0.0,0.0,Winter,12.328999999999999,0.0,0.0,0.0
2020-01-10 14:00:00,154.1556,100.0,0.373487440149649,0.0,699.9768748349252,0.0,0.0,Winter,8.5642,0.0,0.0,0.0
2020-01-10 15:00:00,64.5084,100.0,0.0,37.83417272303392,662.1427021118913,0.0,0.0,Winter,3.5837999999999997,5.404881817576275,0.0,0.0
2020-01-10 16:00:00,0.0,100.0,0.0,106.60035817780522,555.542343934086,0.0,0.0,Winter,0.0,15.228622596829316,0.0,0.0
2020-01-10 17:00:00,0.0,100.0,0.0,106.60035817780522,448.9419857562808,0.0,0.0,Winter,0.0,15.228622596829316,0.0,0.0
2020-01-10 18:00:00,0.0,100.0,0.0,106.60035817780522,342.34162757847565,0.0,0.0,Winter,0.0,15.228622596829316,0.0,0.0
2020-01-10 19:00:00,0.0,100.0,0.0,106.60035817780522,235.74126940067043,0.0,0.0,Winter,0.0,15.228622596829316,0.0,0.0
2020-01-10 20:00:00,0.0,100.0,0.0,106.60035817780522,129.1409112228652,0.0,0.0,Winter,0.0,15.228622596829316,0.0,0.0
2020-01-10 21:00:00,0.0,100.0,0.0,106.60035817780522,22.54055304505999,0.0,0.0,Winter,0.0,15.228622596829316,0.0,0.0
2020-01-10 22:00:00,0.0,61.144913047537074,0.0,22.54055304505999,0.0,40.0,38.855086952462926,Winter,0.0,3.2200790064371416,100.0,38.855086952462926
2020-01-10 23:00:00,0.0,40.0,0.0,0.0,0.0,40.0,60.0,Winter,0.0,0.0,100.0,60.0
2020-01-11 00:00:00,0.0,40.0,0.0,0.0,0.0,40.0,60.0,Winter,0.0,0.0,100.0,60.0
2020-01-11 01:00:00,0.0,40.0,0.0,0.0,0.0,40.0,60.0,Winter,0.0,0.0,100.0,60.0
2020-01-11 02:00:00,0.0,40.0,0.0,0.0,0.0,40.0,60.0,Winter,0.0,0.0,100.0,60.0
2020-01-11 03:00:00,0.0,40.0,0.0,0.0,0.0,40.0,60.0,Winter,0.0,0.0,100.0,60.0
2020-01-11 04:00:00,0.0,40.0,0.0,0.0,0.0,40.0,60.0,Winter,0.0,0.0,100.0,60.0
2020-01-11 05:00:00,0.0,40.0,0.0,0.0,0.0,40.0,60.0,Winter,0.0,0.0,100.0,60.0
2020-01-11 06:00:00,0.0,40.0,0.0,0.0,0.0,40.0,60.0,Winter,0.0,0.0,100.0,60.0
2020-01-11 07:00:00,0.0,40.0,0.0,0.0,0.0,40.0,60.0,Winter,0.0,0.0,100.0,60.0
2020-01-11 08:00:00,302.364,100.0,200.0,0.0,187.6166303929372,0.0,0.0,Winter,16.798,0.0,0.0,0.0
2020-01-11 09:00:00,650.736,100.0,200.0,0.0,375.2332607858744,0.0,0.0,Winter,36.152,0.0,0.0,0.0
2020-01-11 10:00:00,889.884,100.0,200.0,0.0,562.8498911788115,0.0,0.0,Winter,49.437999999999995,0.0,0.0,0.0
2020-01-11 11:00:00,867.006,100.0,137.15010882118844,0.0,691.5080975540917,0.0,0.0,Winter,48.167,0.0,0.0,0.0
2020-01-11 12:00:00,782.406,100.0,8.491902445908286,0.0,699.4742081667259,0.0,0.0,Winter,43.46699999999999,0.0,0.0,0.0
2020-01-11 13:00:00,474.534,100.0,0.5257918332740664,0.0,699.9674446269609,0.0,0.0,Winter,26.362999999999996,0.0,0.0,0.0
2020-01-11 14:00:00,247.914,100.0,0.03255537303909659,0.0,699.9979842739149,0.0,0.0,Winter,13.773,0.0,0.0,0.0
2020-01-11 15:00:00,83.1402,100.0,0.0,17.972607188061613,682.0253770858533,0.0,0.0,Winter,4.618899999999999,2.5675153125802304,0.0,0.0
2020-01-11 16:00:00,24.3612,100.0,0.0,80.63123172139373,601.3941453644595,0.0,0.0,Winter,1.3534000000000002,11.518747388770532,0.0,0.0
2020-01-11 17:00:00,0.0,100.0,0.0,106.60035817780522,494.7937871866543,0.0,0.0,Winter,0.0,15.228622596829316,0.0,0.0
2020-01-11 18:00:00,0.0,100.0,0.0,106.60035817780522,388.1934290088491,0.0,0.0,Winter,0.0,15.228622596829316,0.0,0.0
2020-01-11 19:00:00,0.0,100.0,0.0,106.60035817780522,281.59307083104386,0.0,0.0,Winter,0.0,15.228622596829316,0.0,0.0
2020-01-11 20:00:00,0.0,100.0,0.0,106.60035817780522,174.99271265323867,0.0,0.0,Winter,0.0,15.228622596829316,0.0,0.0
2020-01-11 21:00:00,0.0,100.0,0.0,106.60035817780522,68.39235447543346,0.0,0.0,Winter,0.0,15.228622596829316,0.0,0.0
2020-01-11 22:00:00,0.0,100.0,0.0,68.39235447543346,0.0,35.84228454339929,0.0,Winter,0.0,9.770336353633352,89.60571135849821,0.0
2020-01-11 23:00:00,0.0,40.0,0.0,0.0,0.0,40.0,60.0,Winter,0.0,0.0,100.0,60.0
2020-01-12 00:00:00,0.0,40.0,0.0,0.0,0.0,40.0,60.0,Winter,0.0,0.0,100.0,60.0
2020-01-12 01:00:00,0.0,40.0,0.0,0.0,0.0,40.0,60.0,Winter,0.0,0.0,100.0,60.0
2020-01-12 02:00:00,0.0,40.0,0.0,0.0,0.0,40.0,60.0,Winter,0.0,0.0,100.0,60.0
2020-01-12 03:00:00,0.0,40.0,0.0,0.0,0.0,40.0,60.0,Winter,0.0,0.0,100.0,60.0
2020-01-12 04:00:00,0.0,40.0,0.0,0.0,0.0,40.0,60.0,Winter,0.0,0.0,100.0,60.0
2020-01-12 05:00:00,0.0,40.0,0.0,0.0,0.0,40.0,60.0,Winter,0.0,0.0,100.0,60.0
2020-01-12 06:00:00,0.0,40.0,0.0,0.0,0.0,40.0,60.0,Winter,0.0,0.0,100.0,60.0
2020-01-12 07:00:00,40.41,80.41,0.0,0.0,0.0,40.0,19.590000000000003,Winter,2.2449999999999997,0.0,100.0,19.590000000000003
2020-01-12 08:00:00,1419.39,100.0,200.0,0.0,187.6166303929372,0.0,0.0,Winter,78.855,0.0,0.0,0.0
2020-01-12 09:00:00,1812.006,100.0,200.0,0.0,375.2332607858744,0.0,0.0,Winter,100.667,0.0,0.0,0.0
2020-01-12 10:00:00,1765.53,100.0,200.0,0.0,562.8498911788115,0.0,0.0,Winter,98.085,0.0,0.0,0.0
2020-01-12 11:00:00,1576.368,100.0,137.15010882118844,0.0,691.5080975540917,0.0,0.0,Winter,87.576,0.0,0.0,0.0
2020-01-12 12:00:00,1576.278,100.0,8.491902445908286,0.0,699.4742081667259,0.0,0.0,Winter,87.571,0.0,0.0,0.0
2020-01-12 13:00:00,1730.358,100.0,0.5257918332740664,0.0,699.9674446269609,0.0,0.0,Winter,96.131,0.0,0.0,0.0
2020-01-12 14:00:00,1853.982,100.0,0.03255537303909659,0.0,699.9979842739149,0.0,0.0,Winter,102.999,0.0,0.0,0.0
2020-01-12 15:00:00,1501.794,100.0,0.0020157260851701724,0.0,699.9998751925942,0.0,0.0,Winter,83.433,0.0,0.0,0.0
2020-01-12 16:00:00,133.04880000000003,100.0,0.00012480740575119854,0.0,699.9999922723188,0.0,0.0,Winter,7.391600000000001,0.0,0.0,0.0
2020-01-12 17:00:00,0.0,100.0,0.0,106.60035817780522,593.3996340945137,0.0,0.0,Winter,0.0,15.228622596829316,0.0,0.0
2020-01-12 18:00:00,0.0,100.0,0.0,106.60035817780522,486.7992759167084,0.0,0.0,Winter,0.0,15.228622596829316,0.0,0.0
2020-01-12 19:00:00,0.0,100.0,0.0,106.60035817780522,380.1989177389032,0.0,0.0,Winter,0.0,15.228622596829316,0.0,0.0
2020-01-12 20:00:00,0.0,100.0,0.0,106.60035817780522,273.598559561098,0.0,0.0,Winter,0.0,15.228622596829316,0.0,0.0
2020-01-12 21:00:00,0.0,100.0,0.0,106.60035817780522,166.99820138329278,0.0,0.0,Winter,0.0,15.228622596829316,0.0,0.0
2020-01-12 22:00:00,0.0,100.0,0.0,106.60035817780522,60.397843205487575,0.0,0.0,Winter,0.0,15.228622596829316,0.0,0.0
2020-01-12 23:00:00,0.0,96.65819912607267,0.0,60.397843205487575,0.0,40.0,3.341800873927326,Winter,0.0,8.628263315069654,100.0,3.341800873927326
2020-01-13 00:00:00,0.0,40.0,0.0,0.0,0.0,40.0,60.0,Winter,0.0,0.0,100.0,60.0
2020-01-13 01:00:00,0.0,40.0,0.0,0.0,0.0,40.0,60.0,Winter,0.0,0.0,100.0,60.0
2020-01-13 02:00:00,0.0,40.0,0.0,0.0,0.0,40.0,60.0,Winter,0.0,0.0,100.0,60.0
2020-01-13 03:00:00,0.0,40.0,0.0,0.0,0.0,40.0,60.0,Winter,0.0,0.0,100.0,60.0
2020-01-13 04:00:00,0.0,40.0,0.0,0.0,0.0,40.0,60.0,Winter,0.0,0.0,100.0,60.0
2020-01-13 05:00:00,0.0,40.0,0.0,0.0,0.0,40.0,60.0,Winter,0.0,0.0,100.0,60.0
2020-01-13 06:00:00,0.0,40.0,0.0,0.0,0.0,40.0,60.0,Winter,0.0,0.0,100.0,60.0
2020-01-13 07:00:00,0.0,40.0,0.0,0.0,0.0,40.0,60.0,Winter,0.0,0.0,100.0,60.0
2020-01-13 08:00:00,82.70459999999999,100.0,0.0,0.0,0.0,17.295400000000015,0.0,Winter,4.5947,0.0,43.23850000000004,0.0
2020-01-13 09:00:00,335.664,100.0,200.0,0.0,187.6166303929372,0.0,0.0,Winter,18.647999999999996,0.0,0.0,0.0
2020-01-13 10:00:00,1357.776,100.0,200.0,0.0,375.2332607858744,0.0,0.0,Winter,75.432,0.0,0.0,0.0
2020-01-13 11:00:00,1581.84,100.0,200.0,0.0,562.8498911788115,0.0,0.0,Winter,87.88,0.0,0.0,0.0
2020-01-13 12:00:00,1546.56,100.0,137.15010882118844,0.0,691.5080975540917,0.0,0.0,Winter,85.92,0.0,0.0,0.0
2020-01-13 13:00:00,1225.872,100.0,8.491902445908286,0.0,699.4742081667259,0.0,0.0,Winter,68.10400000000001,0.0,0.0,0.0
2020-01-13 14:00:00,1136.502,100.0,0.5257918332740664,0.0,699.9674446269609,0.0,0.0,Winter,63.139,0.0,0.0,0.0
2020-01-13 15:00:00,809.37,100.0,0.03255537303909659,0.0,699.9979842739149,0.0,0.0,Winter,44.964999999999996,0.0,0.0,0.0
2020-01-13 16:00:00,23.328,100.0,0.0,81.73262662208681,618.265357651828,0.0,0.0,Winter,1.2959999999999998,11.676089517440973,0.0,0.0
2020-01-13 17:00:00,0.0,100.0,0.0,106.60035817780522,511.66499947402275,0.0,0.0,Winter,0.0,15.228622596829316,0.0,0.0
2020-01-13 18:00:00,0.0,100.0,0.0,106.60035817780522,405.0646412962176,0.0,0.0,Winter,0.0,15.228622596829316,0.0,0.0
2020-01-13 19:00:00,0.0,100.0,0.0,106.60035817780522,298.46428311841237,0.0,0.0,Winter,0.0,15.228622596829316,0.0,0.0
2020-01-13 20:00:00,0.0,100.0,0.0,106.60035817780522,191.86392494060715,0.0,0.0,Winter,0.0,15.228622596829316,0.0,0.0
2020-01-13 21:00:00,0.0,100.0,0.0,106.60035817780522,85.26356676280194,0.0,0.0,Winter,0.0,15.228622596829316,0.0,0.0
2020-01-13 22:00:00,0.0,100.0,0.0,85.26356676280194,0.0,20.015684543399317,0.0,Winter,0.0,12.180509537543134,50.03921135849829,0.0
2020-01-13 23:00:00,0.0,40.0,0.0,0.0,0.0,40.0,60.0,Winter,0.0,0.0,100.0,60.0
2020-01-14 00:00:00,0.0,40.0,0.0,0.0,0.0,40.0,60.0,Winter,0.0,0.0,100.0,60.0
2020-01-14 01:00:00,0.0,40.0,0.0,0.0,0.0,40.0,60.0,Winter,0.0,0.0,100.0,60.0
2020-01-14 02:00:00,0.0,40.0,0.0,0.0,0.0,40.0,60.0,Winter,0.0,0.0,100.0,60.0
2020-01-14 03:00:00,0.0,40.0,0.0,0.0,0.0,40.0,60.0,Winter,0.0,0.0,100.0,60.0
2020-01-14 04:00:00,0.0,40.0,0.0,0.0,0.0,40.0,60.0,Winter,0.0,0.0,100.0,60.0
2020-01-14 05:00:00,0.0,40.0,0.0,0.0,0.0,40.0,60.0,Winter,0.0,0.0,100.0,60.0
2020-01-14 06:00:00,0.0,40.0,0.0,0.0,0.0,40.0,60.0,Winter,0.0,0.0,100.0,60.0
2020-01-14 07:00:00,61.21620000000001,100.0,0.0,0.0,0.0,38.78379999999999,0.0,Winter,3.4009000000000005,0.0,96.95949999999998,0.0
2020-01-14 08:00:00,1174.716,100.0,200.0,0.0,187.6166303929372,0.0,0.0,Winter,65.262,0.0,0.0,0.0
2020-01-14 09:00:00,1683.63,100.0,200.0,0.0,375.2332607858744,0.0,0.0,Winter,93.535,0.0,0.0,0.0
2020-01-14 10:00:00,1767.132,100.0,200.0,0.0,562.8498911788115,0.0,0.0,Winter,98.174,0.0,0.0,0.0
2020-01-14 11:00:00,1560.276,100.0,137.15010882118844,0.0,691.5080975540917,0.0,0.0,Winter,86.682,0.0,0.0,0.0
2020-01-14 12:00:00,1519.29,100.0,8.491902445908286,0.0,699.4742081667259,0.0,0.0,Winter,84.405,0.0,0.0,0.0
2020-01-14 13:00:00,1718.226,100.0,0.5257918332740664,0.0,699.9674446269609,0.0,0.0,Winter,95.45700000000001,0.0,0.0,0.0
2020-01-14 14:00:00,1824.516,100.0,0.03255537303909659,0.0,699.9979842739149,0.0,0.0,Winter,101.362,0.0,0.0,0.0
2020-01-14 15:00:00,1360.368,100.0,0.0020157260851701724,0.0,699.9998751925942,0.0,0.0,Winter,75.576,0.0,0.0,0.0
2020-01-14 16:00:00,48.1356,100.0,0.0,55.28763616676961,644.7122390258246,0.0,0.0,Winter,2.6742,7.898233738109944,0.0,0.0
2020-01-14 17:00:00,0.0,100.0,0.0,106.60035817780522,538.1118808480194,0.0,0.0,Winter,0.0,15.228622596829316,0.0,0.0
2020-01-14 18:00:00,0.0,100.0,0.0,106.60035817780522,431.51152267021416,0.0,0.0,Winter,0.0,15.228622596829316,0.0,0.0
2020-01-14 19:00:00,0.0,100.0,0.0,106.60035817780522,324.911164492409,0.0,0.0,Winter,0.0,15.228622596829316,0.0,0.0
2020-01-14 20:00:00,0.0,100.0,0.0,106.60035817780522,218.31080631460378,0.0,0.0,Winter,0.0,15.228622596829316,0.0,0.0
2020-01-14 21:00:00,0.0,100.0,0.0,106.60035817780522,111.71044813679856,0.0,0.0,Winter,0.0,15.228622596829316,0.0,0.0
2020-01-14 22:00:00,0.0,100.0,0.0,106.60035817780522,5.110089958993339,0.0,0.0,Winter,0.0,15.228622596829316,0.0,0.0
2020-01-14 23:00:00,0.0,44.793689295555566,0.0,5.110089958993339,0.0,40.0,55.206310704444434,Winter,0.0,0.7300128512847628,100.0,55.20631070444444
2020-01-15 00:00:00,0.0,40.0,0.0,0.0,0.0,40.0,60.0,Winter,0.0,0.0,100.0,60.0
2020-01-15 01:00:00,0.0,40.0,0.0,0.0,0.0,40.0,60.0,Winter,0.0,0.0,100.0,60.0
2020-01-15 02:00:00,0.0,40.0,0.0,0.0,0.0,40.0,60.0,Winter,0.0,0.0,100.0,60.0
2020-01-15 03:00:00,0.0,40.0,0.0,0.0,0.0,40.0,60.0,Winter,0.0,0.0,100.0,60.0
2020-01-15 04:00:00,0.0,40.0,0.0,0.0,0.0,40.0,60.0,Winter,0.0,0.0,100.0,60.0
2020-01-15 05:00:00,0.0,40.0,0.0,0.0,0.0,40.0,60.0,Winter,0.0,0.0,100.0,60.0
2020-01-15 06:00:00,0.0,40.0,0.0,0.0,0.0,40.0,60.0,Winter,0.0,0.0,100.0,60.0
2020-01-15 07:00:00,19.4922,59.4922,0.0,0.0,0.0,40.0,40.5078,Winter,1.0829,0.0,100.0,40.5078
2020-01-15 08:00:00,937.08,100.0,200.0,0.0,187.6166303929372,0.0,0.0,Winter,52.06000000000001,0.0,0.0,0.0
2020-01-15 09:00:00,761.562,100.0,200.0,0.0,375.2332607858744,0.0,0.0,Winter,42.309000000000005,0.0,0.0,0.0
2020-01-15 10:00:00,596.25,100.0,200.0,0.0,562.8498911788115,0.0,0.0,Winter,33.125,0.0,0.0,0.0
2020-01-15 11:00:00,644.058,100.0,137.15010882118844,0.0,691.5080975540917,0.0,0.0,Winter,35.781,0.0,0.0,0.0
2020-01-15 12:00:00,599.94,100.0,8.491902445908286,0.0,699.4742081667259,0.0,0.0,Winter,33.330000000000005,0.0,0.0,0.0
2020-01-15 13:00:00,276.102,100.0,0.5257918332740664,0.0,699.9674446269609,0.0,0.0,Winter,15.339,0.0,0.0,0.0
2020-01-15 14:00:00,527.04,100.0,0.03255537303909659,0.0,699.9979842739149,0.0,0.0,Winter,29.28,0.0,0.0,0.0
2020-01-15 15:00:00,912.402,100.0,0.0020157260851701724,0.0,699.9998751925942,0.0,0.0,Winter,50.68900000000001,0.0,0.0,0.0
2020-01-15 16:00:00,177.228,100.0,0.00012480740575119854,0.0,699.9999922723188,0.0,0.0,Winter,9.846,0.0,0.0,0.0
2020-01-15 17:00:00,0.0,100.0,0.0,106.60035817780522,593.3996340945137,0.0,0.0,Winter,0.0,15.228622596829316,0.0,0.0
2020-01-15 18:00:00,0.0,100.0,0.0,106.60035817780522,486.7992759167084,0.0,0.0,Winter,0.0,15.228622596829316,0.0,0.0
2020-01-15 19:00:00,0.0,100.0,0.0,106.60035817780522,380.1989177389032,0.0,0.0,Winter,0.0,15.228622596829316,0.0,0.0
2020-01-15 20:00:00,0.0,100.0,0.0,106.60035817780522,273.598559561098,0.0,0.0,Winter,0.0,15.228622596829316,0.0,0.0
2020-01-15 21:00:00,0.0,100.0,0.0,106.60035817780522,166.99820138329278,0.0,0.0,Winter,0.0,15.228622596829316,0.0,0.0
2020-01-15 22:00:00,0.0,100.0,0.0,106.60035817780522,60.397843205487575,0.0,0.0,Winter,0.0,15.228622596829316,0.0,0.0
2020-01-15 23:00:00,0.0,96.65819912607267,0.0,60.397843205487575,0.0,40.0,3.341800873927326,Winter,0.0,8.628263315069654,100.0,3.341800873927326
2020-01-16 00:00:00,0.0,40.0,0.0,0.0,0.0,40.0,60.0,Winter,0.0,0.0,100.0,60.0
2020-01-16 01:00:00,0.0,40.0,0.0,0.0,0.0,40.0,60.0,Winter,0.0,0.0,100.0,60.0
2020-01-16 02:00:00,0.0,40.0,0.0,0.0,0.0,40.0,60.0,Winter,0.0,0.0,100.0,60.0
2020-01-16 03:00:00,0.0,40.0,0.0,0.0,0.0,40.0,60.0,Winter,0.0,0.0,100.0,60.0
2020-01-16 04:00:00,0.0,40.0,0.0,0.0,0.0,40.0,60.0,Winter,0.0,0.0,100.0,60.0
2020-01-16 05:00:00,0.0,40.0,0.0,0.0,0.0,40.0,60.0,Winter,0.0,0.0,100.0,60.0
2020-01-16 06:00:00,0.0,40.0,0.0,0.0,0.0,40.0,60.0,Winter,0.0,0.0,100.0,60.0
2020-01-16 07:00:00,19.6038,59.6038,0.0,0.0,0.0,40.0,40.39619999999999,Winter,1.0891,0.0,100.0,40.39619999999999
2020-01-16 08:00:00,1106.622,100.0,200.0,0.0,187.6166303929372,0.0,0.0,Winter,61.479000000000006,0.0,0.0,0.0
2020-01-16 09:00:00,1882.854,100.0,200.0,0.0,375.2332607858744,0.0,0.0,Winter,104.60300000000001,0.0,0.0,0.0
2020-01-16 10:00:00,1800.09,100.0,200.0,0.0,562.8498911788115,0.0,0.0,Winter,100.005,0.0,0.0,0.0
2020-01-16 11:00:00,1673.046,100.0,137.15010882118844,0.0,691.5080975540917,0.0,0.0,Winter,92.947,0.0,0.0,0.0
2020-01-16 12:00:00,1610.046,100.0,8.491902445908286,0.0,699.4742081667259,0.0,0.0,Winter,89.447,0.0,0.0,0.0
2020-01-16 13:00:00,1768.32,100.0,0.5257918332740664,0.0,699.9674446269609,0.0,0.0,Winter,98.24,0.0,0.0,0.0
2020-01-16 14:00:00,1884.402,100.0,0.03255537303909659,0.0,699.9979842739149,0.0,0.0,Winter,104.68900000000001,0.0,0.0,0.0
2020-01-16 15:00:00,1564.74,100.0,0.0020157260851701724,0.0,699.9998751925942,0.0,0.0,Winter,86.92999999999999,0.0,0.0,0.0
2020-01-16 16:00:00,59.443200000000004,100.0,0.0,43.2336940654561,656.7661811271382,0.0,0.0,Winter,3.3024000000000004,6.176242009350871,0.0,0.0
2020-01-16 17:00:00,0.0,100.0,0.0,106.60035817780522,550.165822949333,0.0,0.0,Winter,0.0,15.228622596829316,0.0,0.0
2020-01-16 18:00:00,0.0,100.0,0.0,106.60035817780522,443.5654647715278,0.0,0.0,Winter,0.0,15.228622596829316,0.0,0.0
2020-01-16 19:00:00,0.0,100.0,0.0,106.60035817780522,336.96510659372257,0.0,0.0,Winter,0.0,15.228622596829316,0.0,0.0
2020-01-16 20:00:00,0.0,100.0,0.0,106.60035817780522,230.3647484159174,0.0,0.0,Winter,0.0,15.228622596829316,0.0,0.0
2020-01-16 21:00:00,0.0,100.0,0.0,106.60035817780522,123.76439023811217,0.0,0.0,Winter,0.0,15.228622596829316,0.0,0.0
2020-01-16 22:00:00,0.0,100.0,0.0,106.60035817780522,17.164032060306955,0.0,0.0,Winter,0.0,15.228622596829316,0.0,0.0
2020-01-16 23:00:00,0.0,56.101289295555674,0.0,17.164032060306955,0.0,40.0,43.898710704444326,Winter,0.0,2.452004580043851,100.0,43.898710704444326
2020-01-17 00:00:00,0.0,40.0,0.0,0.0,0.0,40.0,60.0,Winter,0.0,0.0,100.0,60.0
2020-01-17 01:00:00,0.0,40.0,0.0,0.0,0.0,40.0,60.0,Winter,0.0,0.0,100.0,60.0
2020-01-17 02:00:00,0.0,40.0,0.0,0.0,0.0,40.0,60.0,Winter,0.0,0.0,100.0,60.0
2020-01-17 03:00:00,0.0,40.0,0.0,0.0,0.0,40.0,60.0,Winter,0.0,0.0,100.0,60.0
2020-01-17 04:00:00,0.0,40.0,0.0,0.0,0.0,40.0,60.0,Winter,0.0,0.0,100.0,60.0
2020-01-17 05:00:00,0.0,40.0,0.0,0.0,0.0,40.0,60.0,Winter,0.0,0.0,100.0,60.0
2020-01-17 06:00:00,0.0,40.0,0.0,0.0,0.0,40.0,60.0,Winter,0.0,0.0,100.0,60.0
2020-01-17 07:00:00,0.0,40.0,0.0,0.0,0.0,40.0,60.0,Winter,0.0,0.0,100.0,60.0
2020-01-17 08:00:00,92.5182,100.0,0.0,0.0,0.0,7.481800000000007,0.0,Winter,5.139899999999999,0.0,18.704500000000017,0.0
2020-01-17 09:00:00,351.108,100.0,200.0,0.0,187.6166303929372,0.0,0.0,Winter,19.506,0.0,0.0,0.0
2020-01-17 10:00:00,1452.51,100.0,200.0,0.0,375.2332607858744,0.0,0.0,Winter,80.695,0.0,0.0,0.0
2020-01-17 11:00:00,1640.862,100.0,200.0,0.0,562.8498911788115,0.0,0.0,Winter,91.159,0.0,0.0,0.0
2020-01-17 12:00:00,1643.796,100.0,137.15010882118844,0.0,691.5080975540917,0.0,0.0,Winter,91.322,0.0,0.0,0.0
2020-01-17 13:00:00,1678.536,100.0,8.491902445908286,0.0,699.4742081667259,0.0,0.0,Winter,93.252,0.0,0.0,0.0
2020-01-17 14:00:00,1241.388,100.0,0.5257918332740664,0.0,699.9674446269609,0.0,0.0,Winter,68.966,0.0,0.0,0.0
2020-01-17 15:00:00,854.532,100.0,0.03255537303909659,0.0,699.9979842739149,0.0,0.0,Winter,47.474,0.0,0.0,0.0
2020-01-17 16:00:00,195.156,100.0,0.0020157260851701724,0.0,699.9998751925942,0.0,0.0,Winter,10.842,0.0,0.0,0.0
2020-01-17 17:00:00,0.0,100.0,0.0,106.60035817780522,593.399517014789,0.0,0.0,Winter,0.0,15.228622596829316,0.0,0.0
2020-01-17 18:00:00,0.0,100.0,0.0,106.60035817780522,486.79915883698385,0.0,0.0,Winter,0.0,15.228622596829316,0.0,0.0
2020-01-17 19:00:00,0.0,100.0,0.0,106.60035817780522,380.19880065917863,0.0,0.0,Winter,0.0,15.228622596829316,0.0,0.0
2020-01-17 20:00:00,0.0,100.0,0.0,106.60035817780522,273.5984424813734,0.0,0.0,Winter,0.0,15.228622596829316,0.0,0.0
2020-01-17 21:00:00,0.0,100.0,0.0,106.60035817780522,166.99808430356822,0.0,0.0,Winter,0.0,15.228622596829316,0.0,0.0
2020-01-17 22:00:00,0.0,100.0,0.0,106.60035817780522,60.397726125763015,0.0,0.0,Winter,0.0,15.228622596829316,0.0,0.0
2020-01-17 23:00:00,0.0,96.65808929555563,0.0,60.397726125763015,0.0,40.0,3.3419107044443734,Winter,0.0,8.628246589394717,100.0,3.341910704444374
2020-01-18 00:00:00,0.0,40.0,0.0,0.0,0.0,40.0,60.0,Winter,0.0,0.0,100.0,60.0
2020-01-18 01:00:00,0.0,40.0,0.0,0.0,0.0,40.0,60.0,Winter,0.0,0.0,100.0,60.0
2020-01-18 02:00:00,0.0,40.0,0.0,0.0,0.0,40.0,60.0,Winter,0.0,0.0,100.0,60.0
2020-01-18 03:00:00,0.0,40.0,0.0,0.0,0.0,40.0,60.0,Winter,0.0,0.0,100.0,60.0
2020-01-18 04:00:00,0.0,40.0,0.0,0.0,0.0,40.0,60.0,Winter,0.0,0.0,100.0,60.0
2020-01-18 05:00:00,0.0,40.0,0.0,0.0,0.0,40.0,60.0,Winter,0.0,0.0,100.0,60.0
2020-01-18 06:00:00,0.0,40.0,0.0,0.0,0.0,40.0,60.0,Winter,0.0,0.0,100.0,60.0
2020-01-18 07:00:00,51.444,91.444,0.0,0.0,0.0,40.0,8.555999999999997,Winter,2.858,0.0,100.0,8.555999999999997
2020-01-18 08:00:00,1462.608,100.0,200.0,0.0,187.6166303929372,0.0,0.0,Winter,81.256,0.0,0.0,0.0
2020-01-18 09:00:00,1815.426,100.0,200.0,0.0,375.2332607858744,0.0,0.0,Winter,100.857,0.0,0.0,0.0
2020-01-18 10:00:00,1814.832,100.0,200.0,0.0,562.8498911788115,0.0,0.0,Winter,100.824,0.0,0.0,0.0
2020-01-18 11:00:00,1608.156,100.0,137.15010882118844,0.0,691.5080975540917,0.0,0.0,Winter,89.342,0.0,0.0,0.0
2020-01-18 12:00:00,1622.7,100.0,8.491902445908286,0.0,699.4742081667259,0.0,0.0,Winter,90.15,0.0,0.0,0.0
2020-01-18 13:00:00,1723.806,100.0,0.5257918332740664,0.0,699.9674446269609,0.0,0.0,Winter,95.767,0.0,0.0,0.0
2020-01-18 14:00:00,1741.248,100.0,0.03255537303909659,0.0,699.9979842739149,0.0,0.0,Winter,96.736,0.0,0.0,0.0
2020-01-18 15:00:00,1506.474,100.0,0.0020157260851701724,0.0,699.9998751925942,0.0,0.0,Winter,83.693,0.0,0.0,0.0
2020-01-18 16:00:00,223.398,100.0,0.00012480740575119854,0.0,699.9999922723188,0.0,0.0,Winter,12.411,0.0,0.0,0.0
2020-01-18 17:00:00,0.0,100.0,0.0,106.60035817780522,593.3996340945137,0.0,0.0,Winter,0.0,15.228622596829316,0.0,0.0
2020-01-18 18:00:00,0.0,100.0,0.0,106.60035817780522,486.7992759167084,0.0,0.0,Winter,0.0,15.228622596829316,0.0,0.0
2020-01-18 19:00:00,0.0,100.0,0.0,106.60035817780522,380.1989177389032,0.0,0.0,Winter,0.0,15.228622596829316,0.0,0.0
2020-01-18 20:00:00,0.0,100.0,0.0,106.60035817780522,273.598559561098,0.0,0.0,Winter,0.0,15.228622596829316,0.0,0.0
2020-01-18 21:00:00,0.0,100.0,0.0,106.60035817780522,166.99820138329278,0.0,0.0,Winter,0.0,15.228622596829316,0.0,0.0
2020-01-18 22:00:00,0.0,100.0,0.0,106.60035817780522,60.397843205487575,0.0,0.0,Winter,0.0,15.228622596829316,0.0,0.0
2020-01-18 23:00:00,0.0,96.65819912607267,0.0,60.397843205487575,0.0,40.0,3.341800873927326,Winter,0.0,8.628263315069654,100.0,3.341800873927326
2020-01-19 00:00:00,0.0,40.0,0.0,0.0,0.0,40.0,60.0,Winter,0.0,0.0,100.0,60.0
2020-01-19 01:00:00,0.0,40.0,0.0,0.0,0.0,40.0,60.0,Winter,0.0,0.0,100.0,60.0
2020-01-19 02:00:00,0.0,40.0,0.0,0.0,0.0,40.0,60.0,Winter,0.0,0.0,100.0,60.0
2020-01-19 03:00:00,0.0,40.0,0.0,0.0,0.0,40.0,60.0,Winter,0.0,0.0,100.0,60.0
2020-01-19 04:00:00,0.0,40.0,0.0,0.0,0.0,40.0,60.0,Winter,0.0,0.0,100.0,60.0
2020-01-19 05:00:00,0.0,40.0,0.0,0.0,0.0,40.0,60.0,Winter,0.0,0.0,100.0,60.0
2020-01-19 06:00:00,0.0,40.0,0.0,0.0,0.0,40.0,60.0,Winter,0.0,0.0,100.0,60.0
2020-01-19 07:00:00,41.0886,81.0886,0.0,0.0,0.0,40.0,18.9114,Winter,2.2827,0.0,100.0,18.9114
2020-01-19 08:00:00,1388.664,100.0,200.0,0.0,187.6166303929372,0.0,0.0,Winter,77.148,0.0,0.0,0.0
2020-01-19 09:00:00,1957.248,100.0,200.0,0.0,375.2332607858744,0.0,0.0,Winter,108.736,0.0,0.0,0.0
2020-01-19 10:00:00,1840.5,100.0,200.0,0.0,562.8498911788115,0.0,0.0,Winter,102.25,0.0,0.0,0.0
2020-01-19 11:00:00,1628.748,100.0,137.15010882118844,0.0,691.5080975540917,0.0,0.0,Winter,90.486,0.0,0.0,0.0
2020-01-19 12:00:00,1608.156,100.0,8.491902445908286,0.0,699.4742081667259,0.0,0.0,Winter,89.342,0.0,0.0,0.0
2020-01-19 13:00:00,1393.326,100.0,0.5257918332740664,0.0,699.9674446269609,0.0,0.0,Winter,77.40700000000001,0.0,0.0,0.0
2020-01-19 14:00:00,750.888,100.0,0.03255537303909659,0.0,699.9979842739149,0.0,0.0,Winter,41.716,0.0,0.0,0.0
2020-01-19 15:00:00,408.924,100.0,0.0020157260851701724,0.0,699.9998751925942,0.0,0.0,Winter,22.718,0.0,0.0,0.0
2020-01-19 16:00:00,187.38,100.0,0.00012480740575119854,0.0,699.9999922723188,0.0,0.0,Winter,10.41,0.0,0.0,0.0
2020-01-19 17:00:00,0.0,100.0,0.0,106.60035817780522,593.3996340945137,0.0,0.0,Winter,0.0,15.228622596829316,0.0,0.0
2020-01-19 18:00:00,0.0,100.0,0.0,106.60035817780522,486.7992759167084,0.0,0.0,Winter,0.0,15.228622596829316,0.0,0.0
2020-01-19 19:00:00,0.0,100.0,0.0,106.60035817780522,380.1989177389032,0.0,0.0,Winter,0.0,15.228622596829316,0.0,0.0
2020-01-19 20:00:00,0.0,100.0,0.0,106.60035817780522,273.598559561098,0.0,0.0,Winter,0.0,15.228622596829316,0.0,0.0
2020-01-19 21:00:00,0.0,100.0,0.0,106.60035817780522,166.99820138329278,0.0,0.0,Winter,0.0,15.228622596829316,0.0,0.0
2020-01-19 22:00:00,0.0,100.0,0.0,106.60035817780522,60.397843205487575,0.0,0.0,Winter,0.0,15.228622596829316,0.0,0.0
2020-01-19 23:00:00,0.0,96.65819912607267,0.0,60.397843205487575,0.0,40.0,3.341800873927326,Winter,0.0,8.628263315069654,100.0,3.341800873927326
2020-01-20 00:00:00,0.0,40.0,0.0,0.0,0.0,40.0,60.0,Winter,0.0,0.0,100.0,60.0
2020-01-20 01:00:00,0.0,40.0,0.0,0.0,0.0,40.0,60.0,Winter,0.0,0.0,100.0,60.0
2020-01-20 02:00:00,0.0,40.0,0.0,0.0,0.0,40.0,60.0,Winter,0.0,0.0,100.0,60.0
2020-01-20 03:00:00,0.0,40.0,0.0,0.0,0.0,40.0,60.0,Winter,0.0,0.0,100.0,60.0
2020-01-20 04:00:00,0.0,40.0,0.0,0.0,0.0,40.0,60.0,Winter,0.0,0.0,100.0,60.0
2020-01-20 05:00:00,0.0,40.0,0.0,0.0,0.0,40.0,60.0,Winter,0.0,0.0,100.0,60.0
2020-01-20 06:00:00,0.0,40.0,0.0,0.0,0.0,40.0,60.0,Winter,0.0,0.0,100.0,60.0
2020-01-20 07:00:00,37.477799999999995,77.4778,0.0,0.0,0.0,40.0,22.522200000000005,Winter,2.0820999999999996,0.0,100.0,22.522200000000005
2020-01-20 08:00:00,1410.534,100.0,200.0,0.0,187.6166303929372,0.0,0.0,Winter,78.363,0.0,0.0,0.0
2020-01-20 09:00:00,1839.636,100.0,200.0,0.0,375.2332607858744,0.0,0.0,Winter,102.202,0.0,0.0,0.0
2020-01-20 10:00:00,1741.014,100.0,200.0,0.0,562.8498911788115,0.0,0.0,Winter,96.723,0.0,0.0,0.0
2020-01-20 11:00:00,1658.466,100.0,137.15010882118844,0.0,691.5080975540917,0.0,0.0,Winter,92.13699999999999,0.0,0.0,0.0
2020-01-20 12:00:00,1386.828,100.0,8.491902445908286,0.0,699.4742081667259,0.0,0.0,Winter,77.046,0.0,0.0,0.0
2020-01-20 13:00:00,1474.254,100.0,0.5257918332740664,0.0,699.9674446269609,0.0,0.0,Winter,81.90299999999999,0.0,0.0,0.0
2020-01-20 14:00:00,794.556,100.0,0.03255537303909659,0.0,699.9979842739149,0.0,0.0,Winter,44.142,0.0,0.0,0.0
2020-01-20 15:00:00,825.732,100.0,0.0020157260851701724,0.0,699.9998751925942,0.0,0.0,Winter,45.873999999999995,0.0,0.0,0.0
2020-01-20 16:00:00,185.526,100.0,0.00012480740575119854,0.0,699.9999922723188,0.0,0.0,Winter,10.307,0.0,0.0,0.0
2020-01-20 17:00:00,0.0,100.0,0.0,106.60035817780522,593.3996340945137,0.0,0.0,Winter,0.0,15.228622596829316,0.0,0.0
2020-01-20 18:00:00,0.0,100.0,0.0,106.60035817780522,486.7992759167084,0.0,0.0,Winter,0.0,15.228622596829316,0.0,0.0
2020-01-20 19:00:00,0.0,100.0,0.0,106.60035817780522,380.1989177389032,0.0,0.0,Winter,0.0,15.228622596829316,0.0,0.0
2020-01-20 20:00:00,0.0,100.0,0.0,106.60035817780522,273.598559561098,0.0,0.0,Winter,0.0,15.228622596829316,0.0,0.0
2020-01-20 21:00:00,0.0,100.0,0.0,106.60035817780522,166.99820138329278,0.0,0.0,Winter,0.0,15.228622596829316,0.0,0.0
2020-01-20 22:00:00,0.0,100.0,0.0,106.60035817780522,60.397843205487575,0.0,0.0,Winter,0.0,15.228622596829316,0.0,0.0
2020-01-20 23:00:00,0.0,96.65819912607267,0.0,60.397843205487575,0.0,40.0,3.341800873927326,Winter,0.0,8.628263315069654,100.0,3.341800873927326
2020-01-21 00:00:00,0.0,40.0,0.0,0.0,0.0,40.0,60.0,Winter,0.0,0.0,100.0,60.0
2020-01-21 01:00:00,0.0,40.0,0.0,0.0,0.0,40.0,60.0,Winter,0.0,0.0,100.0,60.0
2020-01-21 02:00:00,0.0,40.0,0.0,0.0,0.0,40.0,60.0,Winter,0.0,0.0,100.0,60.0
2020-01-21 03:00:00,0.0,40.0,0.0,0.0,0.0,40.0,60.0,Winter,0.0,0.0,100.0,60.0
2020-01-21 04:00:00,0.0,40.0,0.0,0.0,0.0,40.0,60.0,Winter,0.0,0.0,100.0,60.0
2020-01-21 05:00:00,0.0,40.0,0.0,0.0,0.0,40.0,60.0,Winter,0.0,0.0,100.0,60.0
2020-01-21 06:00:00,0.0,40.0,0.0,0.0,0.0,40.0,60.0,Winter,0.0,0.0,100.0,60.0
2020-01-21 07:00:00,25.1046,65.1046,0.0,0.0,0.0,40.0,34.895399999999995,Winter,1.3947,0.0,100.0,34.895399999999995
2020-01-21 08:00:00,533.322,100.0,200.0,0.0,187.6166303929372,0.0,0.0,Winter,29.629,0.0,0.0,0.0
2020-01-21 09:00:00,453.69,100.0,200.0,0.0,375.2332607858744,0.0,0.0,Winter,25.205,0.0,0.0,0.0
2020-01-21 10:00:00,1102.572,100.0,200.0,0.0,562.8498911788115,0.0,0.0,Winter,61.254,0.0,0.0,0.0
2020-01-21 11:00:00,1419.858,100.0,137.15010882118844,0.0,691.5080975540917,0.0,0.0,Winter,78.881,0.0,0.0,0.0
2020-01-21 12:00:00,1616.58,100.0,8.491902445908286,0.0,699.4742081667259,0.0,0.0,Winter,89.81,0.0,0.0,0.0
2020-01-21 13:00:00,1719.36,100.0,0.5257918332740664,0.0,699.9674446269609,0.0,0.0,Winter,95.52,0.0,0.0,0.0
2020-01-21 14:00:00,1768.302,100.0,0.03255537303909659,0.0,699.9979842739149,0.0,0.0,Winter,98.239,0.0,0.0,0.0
2020-01-21 15:00:00,1490.652,100.0,0.0020157260851701724,0.0,699.9998751925942,0.0,0.0,Winter,82.814,0.0,0.0,0.0
2020-01-21 16:00:00,289.386,100.0,0.00012480740575119854,0.0,699.9999922723188,0.0,0.0,Winter,16.077,0.0,0.0,0.0
2020-01-21 17:00:00,0.0,100.0,0.0,106.60035817780522,593.3996340945137,0.0,0.0,Winter,0.0,15.228622596829316,0.0,0.0
2020-01-21 18:00:00,0.0,100.0,0.0,106.60035817780522,486.7992759167084,0.0,0.0,Winter,0.0,15.228622596829316,0.0,0.0
2020-01-21 19:00:00,0.0,100.0,0.0,106.60035817780522,380.1989177389032,0.0,0.0,Winter,0.0,15.228622596829316,0.0,0.0
2020-01-21 20:00:00,0.0,100.0,0.0,106.60035817780522,273.598559561098,0.0,0.0,Winter,0.0,15.228622596829316,0.0,0.0
2020-01-21 21:00:00,0.0,100.0,0.0,106.60035817780522,166.99820138329278,0.0,0.0,Winter,0.0,15.228622596829316,0.0,0.0
2020-01-21 22:00:00,0.0,100.0,0.0,106.60035817780522,60.397843205487575,0.0,0.0,Winter,0.0,15.228622596829316,0.0,0.0
2020-01-21 23:00:00,0.0,96.65819912607267,0.0,60.397843205487575,0.0,40.0,3.341800873927326,Winter,0.0,8.628263315069654,100.0,3.341800873927326
2020-01-22 00:00:00,0.0,40.0,0.0,0.0,0.0,40.0,60.0,Winter,0.0,0.0,100.0,60.0
2020-01-22 01:00:00,0.0,40.0,0.0,0.0,0.0,40.0,60.0,Winter,0.0,0.0,100.0,60.0
2020-01-22 02:00:00,0.0,40.0,0.0,0.0,0.0,40.0,60.0,Winter,0.0,0.0,100.0,60.0
2020-01-22 03:00:00,0.0,40.0,0.0,0.0,0.0,40.0,60.0,Winter,0.0,0.0,100.0,60.0
2020-01-22 04:00:00,0.0,40.0,0.0,0.0,0.0,40.0,60.0,Winter,0.0,0.0,100.0,60.0
2020-01-22 05:00:00,0.0,40.0,0.0,0.0,0.0,40.0,60.0,Winter,0.0,0.0,100.0,60.0
2020-01-22 06:00:00,0.0,40.0,0.0,0.0,0.0,40.0,60.0,Winter,0.0,0.0,100.0,60.0
2020-01-22 07:00:00,0.0,40.0,0.0,0.0,0.0,40.0,60.0,Winter,0.0,0.0,100.0,60.0
2020-01-22 08:00:00,85.2102,100.0,0.0,0.0,0.0,14.7898,0.0,Winter,4.7339,0.0,36.9745,0.0
2020-01-22 09:00:00,171.40319999999997,100.0,71.40319999999997,0.0,66.98213891636483,0.0,0.0,Winter,9.5224,0.0,0.0,0.0
2020-01-22 10:00:00,244.116,100.0,144.116,0.0,202.17493044490752,0.0,0.0,Winter,13.562000000000001,0.0,0.0,0.0
2020-01-22 11:00:00,352.62,100.0,200.0,0.0,389.7915608378447,0.0,0.0,Winter,19.59,0.0,0.0,0.0
2020-01-22 12:00:00,428.382,100.0,200.0,0.0,577.408191230782,0.0,0.0,Winter,23.799,0.0,0.0,0.0
2020-01-22 13:00:00,519.516,100.0,122.59180876921805,0.0,692.409501606062,0.0,0.0,Winter,28.862,0.0,0.0,0.0
2020-01-22 14:00:00,465.804,100.0,7.590498393937946,0.0,699.5300202644302,0.0,0.0,Winter,25.878,0.0,0.0,0.0
2020-01-22 15:00:00,393.084,100.0,0.4699797355697956,0.0,699.9709003361331,0.0,0.0,Winter,21.837999999999997,0.0,0.0,0.0
2020-01-22 16:00:00,285.624,100.0,0.02909966386691667,0.0,699.9981982405345,0.0,0.0,Winter,15.868000000000002,0.0,0.0,0.0
2020-01-22 17:00:00,0.0,100.0,0.0,106.60035817780522,593.3978400627293,0.0,0.0,Winter,0.0,15.228622596829316,0.0,0.0
2020-01-22 18:00:00,0.0,100.0,0.0,106.60035817780522,486.79748188492414,0.0,0.0,Winter,0.0,15.228622596829316,0.0,0.0
2020-01-22 19:00:00,0.0,100.0,0.0,106.60035817780522,380.1971237071189,0.0,0.0,Winter,0.0,15.228622596829316,0.0,0.0
2020-01-22 20:00:00,0.0,100.0,0.0,106.60035817780522,273.5967655293137,0.0,0.0,Winter,0.0,15.228622596829316,0.0,0.0
2020-01-22 21:00:00,0.0,100.0,0.0,106.60035817780522,166.9964073515085,0.0,0.0,Winter,0.0,15.228622596829316,0.0,0.0
2020-01-22 22:00:00,0.0,100.0,0.0,106.60035817780522,60.39604917370329,0.0,0.0,Winter,0.0,15.228622596829316,0.0,0.0
2020-01-22 23:00:00,0.0,96.65651617508175,0.0,60.39604917370329,0.0,40.0,3.343483824918252,Winter,0.0,8.628007024814757,100.0,3.3434838249182515
2020-01-23 00:00:00,0.0,40.0,0.0,0.0,0.0,40.0,60.0,Winter,0.0,0.0,100.0,60.0
2020-01-23 01:00:00,0.0,40.0,0.0,0.0,0.0,40.0,60.0,Winter,0.0,0.0,100.0,60.0
2020-01-23 02:00:00,0.0,40.0,0.0,0.0,0.0,40.0,60.0,Winter,0.0,0.0,100.0,60.0
2020-01-23 03:00:00,0.0,40.0,0.0,0.0,0.0,40.0,60.0,Winter,0.0,0.0,100.0,60.0
2020-01-23 04:00:00,0.0,40.0,0.0,0.0,0.0,40.0,60.0,Winter,0.0,0.0,100.0,60.0
2020-01-23 05:00:00,0.0,40.0,0.0,0.0,0.0,40.0,60.0,Winter,0.0,0.0,100.0,60.0
2020-01-23 06:00:00,0.0,40.0,0.0,0.0,0.0,40.0,60.0,Winter,0.0,0.0,100.0,60.0
2020-01-23 07:00:00,16.29234,56.292339999999996,0.0,0.0,0.0,40.0,43.707660000000004,Winter,0.90513,0.0,100.0,43.707660000000004
2020-01-23 08:00:00,191.394,100.0,91.394,0.0,85.73517159066051,0.0,0.0,Winter,10.633000000000001,0.0,0.0,0.0
2020-01-23 09:00:00,374.328,100.0,200.0,0.0,273.3518019835977,0.0,0.0,Winter,20.796,0.0,0.0,0.0
2020-01-23 10:00:00,1187.532,100.0,200.0,0.0,460.9684323765349,0.0,0.0,Winter,65.974,0.0,0.0,0.0
2020-01-23 11:00:00,1387.872,100.0,200.0,0.0,648.5850627694722,0.0,0.0,Winter,77.104,0.0,0.0,0.0
2020-01-23 12:00:00,1712.196,100.0,51.41493723052787,0.0,696.8165491447522,0.0,0.0,Winter,95.122,0.0,0.0,0.0
2020-01-23 13:00:00,1862.766,100.0,3.1834508552477927,0.0,699.8028907571677,0.0,0.0,Winter,103.487,0.0,0.0,0.0
2020-01-23 14:00:00,1893.204,100.0,0.19710924283228815,0.0,699.9877956169652,0.0,0.0,Winter,105.178,0.0,0.0,0.0
2020-01-23 15:00:00,1054.8,100.0,0.012204383034841157,0.0,699.9992443430704,0.0,0.0,Winter,58.599999999999994,0.0,0.0,0.0
2020-01-23 16:00:00,72.95759999999999,100.0,0.0,28.827295259874813,671.1719490831955,0.0,0.0,Winter,4.0531999999999995,4.118185037124973,0.0,0.0
2020-01-23 17:00:00,0.0,100.0,0.0,106.60035817780522,564.5715909053903,0.0,0.0,Winter,0.0,15.228622596829316,0.0,0.0
2020-01-23 18:00:00,0.0,100.0,0.0,106.60035817780522,457.9712327275851,0.0,0.0,Winter,0.0,15.228622596829316,0.0,0.0
2020-01-23 19:00:00,0.0,100.0,0.0,106.60035817780522,351.3708745497799,0.0,0.0,Winter,0.0,15.228622596829316,0.0,0.0
2020-01-23 20:00:00,0.0,100.0,0.0,106.60035817780522,244.7705163719747,0.0,0.0,Winter,0.0,15.228622596829316,0.0,0.0
2020-01-23 21:00:00,0.0,100.0,0.0,106.60035817780522,138.17015819416952,0.0,0.0,Winter,0.0,15.228622596829316,0.0,0.0
2020-01-23 22:00:00,0.0,100.0,0.0,106.60035817780522,31.5698000163643,0.0,0.0,Winter,0.0,15.228622596829316,0.0,0.0
2020-01-23 23:00:00,0.0,69.61509750624582,0.0,31.5698000163643,0.0,40.0,30.384902493754183,Winter,0.0,4.509971430909186,100.0,30.384902493754183
2020-01-24 00:00:00,0.0,40.0,0.0,0.0,0.0,40.0,60.0,Winter,0.0,0.0,100.0,60.0
2020-01-24 01:00:00,0.0,40.0,0.0,0.0,0.0,40.0,60.0,Winter,0.0,0.0,100.0,60.0
2020-01-24 02:00:00,0.0,40.0,0.0,0.0,0.0,40.0,60.0,Winter,0.0,0.0,100.0,60.0
2020-01-24 03:00:00,0.0,40.0,0.0,0.0,0.0,40.0,60.0,Winter,0.0,0.0,100.0,60.0
2020-01-24 04:00:00,0.0,40.0,0.0,0.0,0.0,40.0,60.0,Winter,0.0,0.0,100.0,60.0
2020-01-24 05:00:00,0.0,40.0,0.0,0.0,0.0,40.0,60.0,Winter,0.0,0.0,100.0,60.0
2020-01-24 06:00:00,0.0,40.0,0.0,0.0,0.0,40.0,60.0,Winter,0.0,0.0,100.0,60.0
2020-01-24 07:00:00,150.09480000000002,100.0,50.09480000000002,0.0,46.993087881040566,0.0,0.0,Winter,8.338600000000001,0.0,0.0,0.0
2020-01-24 08:00:00,1565.478,100.0,200.0,0.0,234.60971827397776,0.0,0.0,Winter,86.971,0.0,0.0,0.0
2020-01-24 09:00:00,1873.44,100.0,200.0,0.0,422.226348666915,0.0,0.0,Winter,104.08,0.0,0.0,0.0
2020-01-24 10:00:00,1840.608,100.0,200.0,0.0,609.8429790598522,0.0,0.0,Winter,102.25599999999999,0.0,0.0,0.0
2020-01-24 11:00:00,1661.508,100.0,90.1570209401478,0.0,694.4177614351322,0.0,0.0,Winter,92.306,0.0,0.0,0.0
2020-01-24 12:00:00,1706.67,100.0,5.582238564867759,0.0,699.6543653830822,0.0,0.0,Winter,94.815,0.0,0.0,0.0
2020-01-24 13:00:00,1832.04,100.0,0.3456346169178141,0.0,699.9785993939486,0.0,0.0,Winter,101.78,0.0,0.0,0.0
2020-01-24 14:00:00,1708.488,100.0,0.021400606051436625,0.0,699.9986749419272,0.0,0.0,Winter,94.916,0.0,0.0,0.0
2020-01-24 15:00:00,1762.704,100.0,0.0013250580728054048,0.0,699.9999179565806,0.0,0.0,Winter,97.928,0.0,0.0,0.0
2020-01-24 16:00:00,385.38,100.0,8.204341935925186e-05,0.0,699.9999949201301,0.0,0.0,Winter,21.41,0.0,0.0,0.0
2020-01-24 17:00:00,0.0,100.0,0.0,106.60035817780522,593.3996367423249,0.0,0.0,Winter,0.0,15.228622596829316,0.0,0.0
2020-01-24 18:00:00,0.0,100.0,0.0,106.60035817780522,486.79927856451974,0.0,0.0,Winter,0.0,15.228622596829316,0.0,0.0
2020-01-24 19:00:00,0.0,100.0,0.0,106.60035817780522,380.1989203867145,0.0,0.0,Winter,0.0,15.228622596829316,0.0,0.0
2020-01-24 20:00:00,0.0,100.0,0.0,106.60035817780522,273.5985622089093,0.0,0.0,Winter,0.0,15.228622596829316,0.0,0.0
2020-01-24 21:00:00,0.0,100.0,0.0,106.60035817780522,166.9982040311041,0.0,0.0,Winter,0.0,15.228622596829316,0.0,0.0
2020-01-24 22:00:00,0.0,100.0,0.0,106.60035817780522,60.39784585329889,0.0,0.0,Winter,0.0,15.228622596829316,0.0,0.0
2020-01-24 23:00:00,0.0,96.65820160993985,0.0,60.39784585329889,0.0,40.0,3.3417983900601413,Winter,0.0,8.628263693328412,100.0,3.3417983900601413
2020-01-25 00:00:00,0.0,40.0,0.0,0.0,0.0,40.0,60.0,Winter,0.0,0.0,100.0,60.0
2020-01-25 01:00:00,0.0,40.0,0.0,0.0,0.0,40.0,60.0,Winter,0.0,0.0,100.0,60.0
2020-01-25 02:00:00,0.0,40.0,0.0,0.0,0.0,40.0,60.0,Winter,0.0,0.0,100.0,60.0
2020-01-25 03:00:00,0.0,40.0,0.0,0.0,0.0,40.0,60.0,Winter,0.0,0.0,100.0,60.0
2020-01-25 04:00:00,0.0,40.0,0.0,0.0,0.0,40.0,60.0,Winter,0.0,0.0,100.0,60.0
2020-01-25 05:00:00,0.0,40.0,0.0,0.0,0.0,40.0,60.0,Winter,0.0,0.0,100.0,60.0
2020-01-25 06:00:00,0.0,40.0,0.0,0.0,0.0,40.0,60.0,Winter,0.0,0.0,100.0,60.0
2020-01-25 07:00:00,48.0186,88.01859999999999,0.0,0.0,0.0,40.0,11.9814,Winter,2.6677,0.0,100.0,11.9814
2020-01-25 08:00:00,564.03,100.0,200.0,0.0,187.6166303929372,0.0,0.0,Winter,31.334999999999997,0.0,0.0,0.0
2020-01-25 09:00:00,1824.228,100.0,200.0,0.0,375.2332607858744,0.0,0.0,Winter,101.346,0.0,0.0,0.0
2020-01-25 10:00:00,1870.74,100.0,200.0,0.0,562.8498911788115,0.0,0.0,Winter,103.93,0.0,0.0,0.0
2020-01-25 11:00:00,1710.936,100.0,137.15010882118844,0.0,691.5080975540917,0.0,0.0,Winter,95.05199999999999,0.0,0.0,0.0
2020-01-25 12:00:00,1658.646,100.0,8.491902445908286,0.0,699.4742081667259,0.0,0.0,Winter,92.147,0.0,0.0,0.0
2020-01-25 13:00:00,1822.392,100.0,0.5257918332740664,0.0,699.9674446269609,0.0,0.0,Winter,101.244,0.0,0.0,0.0
2020-01-25 14:00:00,1808.082,100.0,0.03255537303909659,0.0,699.9979842739149,0.0,0.0,Winter,100.44900000000001,0.0,0.0,0.0
2020-01-25 15:00:00,1662.75,100.0,0.0020157260851701724,0.0,699.9998751925942,0.0,0.0,Winter,92.375,0.0,0.0,0.0
2020-01-25 16:00:00,391.896,100.0,0.00012480740575119854,0.0,699.9999922723188,0.0,0.0,Winter,21.772,0.0,0.0,0.0
2020-01-25 17:00:00,0.0,100.0,0.0,106.60035817780522,593.3996340945137,0.0,0.0,Winter,0.0,15.228622596829316,0.0,0.0
2020-01-25 18:00:00,0.0,100.0,0.0,106.60035817780522,486.7992759167084,0.0,0.0,Winter,0.0,15.228622596829316,0.0,0.0
2020-01-25 19:00:00,0.0,100.0,0.0,106.60035817780522,380.1989177389032,0.0,0.0,Winter,0.0,15.228622596829316,0.0,0.0
2020-01-25 20:00:00,0.0,100.0,0.0,106.60035817780522,273.598559561098,0.0,0.0,Winter,0.0,15.228622596829316,0.0,0.0
2020-01-25 21:00:00,0.0,100.0,0.0,106.60035817780522,166.99820138329278,0.0,0.0,Winter,0.0,15.228622596829316,0.0,0.0
2020-01-25 22:00:00,0.0,100.0,0.0,106.60035817780522,60.397843205487575,0.0,0.0,Winter,0.0,15.228622596829316,0.0,0.0
2020-01-25 23:00:00,0.0,96.65819912607267,0.0,60.397843205487575,0.0,40.0,3.341800873927326,Winter,0.0,8.628263315069654,100.0,3.341800873927326
2020-01-26 00:00:00,0.0,40.0,0.0,0.0,0.0,40.0,60.0,Winter,0.0,0.0,100.0,60.0
2020-01-26 01:00:00,0.0,40.0,0.0,0.0,0.0,40.0,60.0,Winter,0.0,0.0,100.0,60.0
2020-01-26 02:00:00,0.0,40.0,0.0,0.0,0.0,40.0,60.0,Winter,0.0,0.0,100.0,60.0
2020-01-26 03:00:00,0.0,40.0,0.0,0.0,0.0,40.0,60.0,Winter,0.0,0.0,100.0,60.0
2020-01-26 04:00:00,0.0,40.0,0.0,0.0,0.0,40.0,60.0,Winter,0.0,0.0,100.0,60.0
2020-01-26 05:00:00,0.0,40.0,0.0,0.0,0.0,40.0,60.0,Winter,0.0,0.0,100.0,60.0
2020-01-26 06:00:00,0.0,40.0,0.0,0.0,0.0,40.0,60.0,Winter,0.0,0.0,100.0,60.0
2020-01-26 07:00:00,44.888400000000004,84.8884,0.0,0.0,0.0,40.0,15.111599999999996,Winter,2.4938000000000002,0.0,100.0,15.111599999999994
2020-01-26 08:00:00,934.146,100.0,200.0,0.0,187.6166303929372,0.0,0.0,Winter,51.89699999999999,0.0,0.0,0.0
2020-01-26 09:00:00,1406.484,100.0,200.0,0.0,375.2332607858744,0.0,0.0,Winter,78.13799999999999,0.0,0.0,0.0
2020-01-26 10:00:00,1576.35,100.0,200.0,0.0,562.8498911788115,0.0,0.0,Winter,87.57499999999999,0.0,0.0,0.0
2020-01-26 11:00:00,1670.49,100.0,137.15010882118844,0.0,691.5080975540917,0.0,0.0,Winter,92.805,0.0,0.0,0.0
2020-01-26 12:00:00,1629.828,100.0,8.491902445908286,0.0,699.4742081667259,0.0,0.0,Winter,90.54599999999999,0.0,0.0,0.0
2020-01-26 13:00:00,1768.77,100.0,0.5257918332740664,0.0,699.9674446269609,0.0,0.0,Winter,98.265,0.0,0.0,0.0
2020-01-26 14:00:00,1190.574,100.0,0.03255537303909659,0.0,699.9979842739149,0.0,0.0,Winter,66.143,0.0,0.0,0.0
2020-01-26 15:00:00,736.686,100.0,0.0020157260851701724,0.0,699.9998751925942,0.0,0.0,Winter,40.927,0.0,0.0,0.0
2020-01-26 16:00:00,323.586,100.0,0.00012480740575119854,0.0,699.9999922723188,0.0,0.0,Winter,17.977,0.0,0.0,0.0
2020-01-26 17:00:00,0.0,100.0,0.0,106.60035817780522,593.3996340945137,0.0,0.0,Winter,0.0,15.228622596829316,0.0,0.0
2020-01-26 18:00:00,0.0,100.0,0.0,106.60035817780522,486.7992759167084,0.0,0.0,Winter,0.0,15.228622596829316,0.0,0.0
2020-01-26 19:00:00,0.0,100.0,0.0,106.60035817780522,380.1989177389032,0.0,0.0,Winter,0.0,15.228622596829316,0.0,0.0
2020-01-26 20:00:00,0.0,100.0,0.0,106.60035817780522,273.598559561098,0.0,0.0,Winter,0.0,15.228622596829316,0.0,0.0
2020-01-26 21:00:00,0.0,100.0,0.0,106.60035817780522,166.99820138329278,0.0,0.0,Winter,0.0,15.228622596829316,0.0,0.0
2020-01-26 22:00:00,0.0,100.0,0.0,106.60035817780522,60.397843205487575,0.0,0.0,Winter,0.0,15.228622596829316,0.0,0.0
2020-01-26 23:00:00,0.0,96.65819912607267,0.0,60.397843205487575,0.0,40.0,3.341800873927326,Winter,0.0,8.628263315069654,100.0,3.341800873927326
2020-01-27 00:00:00,0.0,40.0,0.0,0.0,0.0,40.0,60.0,Winter,0.0,0.0,100.0,60.0
2020-01-27 01:00:00,0.0,40.0,0.0,0.0,0.0,40.0,60.0,Winter,0.0,0.0,100.0,60.0
2020-01-27 02:00:00,0.0,40.0,0.0,0.0,0.0,40.0,60.0,Winter,0.0,0.0,100.0,60.0
2020-01-27 03:00:00,0.0,40.0,0.0,0.0,0.0,40.0,60.0,Winter,0.0,0.0,100.0,60.0
2020-01-27 04:00:00,0.0,40.0,0.0,0.0,0.0,40.0,60.0,Winter,0.0,0.0,100.0,60.0
2020-01-27 05:00:00,0.0,40.0,0.0,0.0,0.0,40.0,60.0,Winter,0.0,0.0,100.0,60.0
2020-01-27 06:00:00,0.0,40.0,0.0,0.0,0.0,40.0,60.0,Winter,0.0,0.0,100.0,60.0
2020-01-27 07:00:00,0.0,40.0,0.0,0.0,0.0,40.0,60.0,Winter,0.0,0.0,100.0,60.0
2020-01-27 08:00:00,174.5136,100.0,74.5136,0.0,69.89995275223582,0.0,0.0,Winter,9.6952,0.0,0.0,0.0
2020-01-27 09:00:00,524.556,100.0,200.0,0.0,257.51658314517306,0.0,0.0,Winter,29.142000000000003,0.0,0.0,0.0
2020-01-27 10:00:00,246.708,100.0,146.708,0.0,395.1408862036082,0.0,0.0,Winter,13.706,0.0,0.0,0.0
2020-01-27 11:00:00,384.354,100.0,200.0,0.0,582.7575165965453,0.0,0.0,Winter,21.353,0.0,0.0,0.0
2020-01-27 12:00:00,1199.574,100.0,117.24248340345466,0.0,692.7407149718255,0.0,0.0,Winter,66.643,0.0,0.0,0.0
2020-01-27 13:00:00,1766.286,100.0,7.25928502817452,0.0,699.5505279520654,0.0,0.0,Winter,98.12700000000001,0.0,0.0,0.0
2020-01-27 14:00:00,1585.962,100.0,0.4494720479345415,0.0,699.9721701075119,0.0,0.0,Winter,88.10900000000001,0.0,0.0,0.0
2020-01-27 15:00:00,998.154,100.0,0.027829892488080078,0.0,699.9982768607761,0.0,0.0,Winter,55.452999999999996,0.0,0.0,0.0
2020-01-27 16:00:00,183.672,100.0,0.0017231392239918932,0.0,699.9998933086505,0.0,0.0,Winter,10.203999999999999,0.0,0.0,0.0
2020-01-27 17:00:00,0.0,100.0,0.0,106.60035817780522,593.3995351308453,0.0,0.0,Winter,0.0,15.228622596829316,0.0,0.0
2020-01-27 18:00:00,0.0,100.0,0.0,106.60035817780522,486.79917695304005,0.0,0.0,Winter,0.0,15.228622596829316,0.0,0.0
2020-01-27 19:00:00,0.0,100.0,0.0,106.60035817780522,380.1988187752349,0.0,0.0,Winter,0.0,15.228622596829316,0.0,0.0
2020-01-27 20:00:00,0.0,100.0,0.0,106.60035817780522,273.59846059742966,0.0,0.0,Winter,0.0,15.228622596829316,0.0,0.0
2020-01-27 21:00:00,0.0,100.0,0.0,106.60035817780522,166.99810241962444,0.0,0.0,Winter,0.0,15.228622596829316,0.0,0.0
2020-01-27 22:00:00,0.0,100.0,0.0,106.60035817780522,60.39774424181924,0.0,0.0,Winter,0.0,15.228622596829316,0.0,0.0
2020-01-27 23:00:00,0.0,96.65810628992276,0.0,60.39774424181924,0.0,40.0,3.341893710077244,Winter,0.0,8.628249177402749,100.0,3.3418937100772443
2020-01-28 00:00:00,0.0,40.0,0.0,0.0,0.0,40.0,60.0,Winter,0.0,0.0,100.0,60.0
2020-01-28 01:00:00,0.0,40.0,0.0,0.0,0.0,40.0,60.0,Winter,0.0,0.0,100.0,60.0
2020-01-28 02:00:00,0.0,40.0,0.0,0.0,0.0,40.0,60.0,Winter,0.0,0.0,100.0,60.0
2020-01-28 03:00:00,0.0,40.0,0.0,0.0,0.0,40.0,60.0,Winter,0.0,0.0,100.0,60.0
2020-01-28 04:00:00,0.0,40.0,0.0,0.0,0.0,40.0,60.0,Winter,0.0,0.0,100.0,60.0
2020-01-28 05:00:00,0.0,40.0,0.0,0.0,0.0,40.0,60.0,Winter,0.0,0.0,100.0,60.0
2020-01-28 06:00:00,0.0,40.0,0.0,0.0,0.0,40.0,60.0,Winter,0.0,0.0,100.0,60.0
2020-01-28 07:00:00,0.0,40.0,0.0,0.0,0.0,40.0,60.0,Winter,0.0,0.0,100.0,60.0
2020-01-28 08:00:00,93.5496,100.0,0.0,0.0,0.0,6.450400000000002,0.0,Winter,5.1972,0.0,16.126000000000005,0.0
2020-01-28 09:00:00,226.242,100.0,126.24199999999999,0.0,118.42549327032587,0.0,0.0,Winter,12.568999999999999,0.0,0.0,0.0
2020-01-28 10:00:00,299.088,100.0,199.08800000000002,0.0,305.1865918286713,0.0,0.0,Winter,16.616,0.0,0.0,0.0
2020-01-28 11:00:00,476.37,100.0,200.0,0.0,492.8032222216085,0.0,0.0,Winter,26.465,0.0,0.0,0.0
2020-01-28 12:00:00,536.958,100.0,200.0,0.0,680.4198526145457,0.0,0.0,Winter,29.830999999999996,0.0,0.0,0.0
2020-01-28 13:00:00,745.47,100.0,19.58014738545427,0.0,698.7876589898258,0.0,0.0,Winter,41.415,0.0,0.0,0.0
2020-01-28 14:00:00,332.532,100.0,1.2123410101742484,0.0,699.9249356659061,0.0,0.0,Winter,18.474,0.0,0.0,0.0
2020-01-28 15:00:00,290.124,100.0,0.07506433409394231,0.0,699.995352253033,0.0,0.0,Winter,16.118000000000002,0.0,0.0,0.0
2020-01-28 16:00:00,166.2804,100.0,0.004647746966918931,0.0,699.9997122261573,0.0,0.0,Winter,9.237799999999998,0.0,0.0,0.0
2020-01-28 17:00:00,0.0,100.0,0.0,106.60035817780522,593.399354048352,0.0,0.0,Winter,0.0,15.228622596829316,0.0,0.0
2020-01-28 18:00:00,0.0,100.0,0.0,106.60035817780522,486.7989958705469,0.0,0.0,Winter,0.0,15.228622596829316,0.0,0.0
2020-01-28 19:00:00,0.0,100.0,0.0,106.60035817780522,380.1986376927417,0.0,0.0,Winter,0.0,15.228622596829316,0.0,0.0
2020-01-28 20:00:00,0.0,100.0,0.0,106.60035817780522,273.5982795149365,0.0,0.0,Winter,0.0,15.228622596829316,0.0,0.0
2020-01-28 21:00:00,0.0,100.0,0.0,106.60035817780522,166.9979213371313,0.0,0.0,Winter,0.0,15.228622596829316,0.0,0.0
2020-01-28 22:00:00,0.0,100.0,0.0,106.60035817780522,60.397563159326076,0.0,0.0,Winter,0.0,15.228622596829316,0.0,0.0
2020-01-28 23:00:00,0.0,96.6579364194868,0.0,60.397563159326076,0.0,40.0,3.342063580513198,Winter,0.0,8.628223308475153,100.0,3.342063580513198
2020-01-29 00:00:00,0.0,40.0,0.0,0.0,0.0,40.0,60.0,Winter,0.0,0.0,100.0,60.0
2020-01-29 01:00:00,0.0,40.0,0.0,0.0,0.0,40.0,60.0,Winter,0.0,0.0,100.0,60.0
2020-01-29 02:00:00,0.0,40.0,0.0,0.0,0.0,40.0,60.0,Winter,0.0,0.0,100.0,60.0
2020-01-29 03:00:00,0.0,40.0,0.0,0.0,0.0,40.0,60.0,Winter,0.0,0.0,100.0,60.0
2020-01-29 04:00:00,0.0,40.0,0.0,0.0,0.0,40.0,60.0,Winter,0.0,0.0,100.0,60.0
2020-01-29 05:00:00,0.0,40.0,0.0,0.0,0.0,40.0,60.0,Winter,0.0,0.0,100.0,60.0
2020-01-29 06:00:00,0.0,40.0,0.0,0.0,0.0,40.0,60.0,Winter,0.0,0.0,100.0,60.0
2020-01-29 07:00:00,74.205,100.0,0.0,0.0,0.0,25.795,0.0,Winter,4.1225,0.0,64.48750000000001,0.0
2020-01-29 08:00:00,1631.61,100.0,200.0,0.0,187.6166303929372,0.0,0.0,Winter,90.645,0.0,0.0,0.0
2020-01-29 09:00:00,2049.57,100.0,200.0,0.0,375.2332607858744,0.0,0.0,Winter,113.86500000000001,0.0,0.0,0.0
2020-01-29 10:00:00,1897.902,100.0,200.0,0.0,562.8498911788115,0.0,0.0,Winter,105.439,0.0,0.0,0.0
2020-01-29 11:00:00,1711.26,100.0,137.15010882118844,0.0,691.5080975540917,0.0,0.0,Winter,95.07,0.0,0.0,0.0
2020-01-29 12:00:00,1712.628,100.0,8.491902445908286,0.0,699.4742081667259,0.0,0.0,Winter,95.146,0.0,0.0,0.0
2020-01-29 13:00:00,1916.658,100.0,0.5257918332740664,0.0,699.9674446269609,0.0,0.0,Winter,106.48100000000001,0.0,0.0,0.0
2020-01-29 14:00:00,2062.458,100.0,0.03255537303909659,0.0,699.9979842739149,0.0,0.0,Winter,114.581,0.0,0.0,0.0
2020-01-29 15:00:00,1907.064,100.0,0.0020157260851701724,0.0,699.9998751925942,0.0,0.0,Winter,105.948,0.0,0.0,0.0
2020-01-29 16:00:00,599.778,100.0,0.00012480740575119854,0.0,699.9999922723188,0.0,0.0,Winter,33.321,0.0,0.0,0.0
2020-01-29 17:00:00,0.0,100.0,0.0,106.60035817780522,593.3996340945137,0.0,0.0,Winter,0.0,15.228622596829316,0.0,0.0
2020-01-29 18:00:00,0.0,100.0,0.0,106.60035817780522,486.7992759167084,0.0,0.0,Winter,0.0,15.228622596829316,0.0,0.0
2020-01-29 19:00:00,0.0,100.0,0.0,106.60035817780522,380.1989177389032,0.0,0.0,Winter,0.0,15.228622596829316,0.0,0.0
2020-01-29 20:00:00,0.0,100.0,0.0,106.60035817780522,273.598559561098,0.0,0.0,Winter,0.0,15.228622596829316,0.0,0.0
2020-01-29 21:00:00,0.0,100.0,0.0,106.60035817780522,166.99820138329278,0.0,0.0,Winter,0.0,15.228622596829316,0.0,0.0
2020-01-29 22:00:00,0.0,100.0,0.0,106.60035817780522,60.397843205487575,0.0,0.0,Winter,0.0,15.228622596829316,0.0,0.0
2020-01-29 23:00:00,0.0,96.65819912607267,0.0,60.397843205487575,0.0,40.0,3.341800873927326,Winter,0.0,8.628263315069654,100.0,3.341800873927326
2020-01-30 00:00:00,0.0,40.0,0.0,0.0,0.0,40.0,60.0,Winter,0.0,0.0,100.0,60.0
2020-01-30 01:00:00,0.0,40.0,0.0,0.0,0.0,40.0,60.0,Winter,0.0,0.0,100.0,60.0
2020-01-30 02:00:00,0.0,40.0,0.0,0.0,0.0,40.0,60.0,Winter,0.0,0.0,100.0,60.0
2020-01-30 03:00:00,0.0,40.0,0.0,0.0,0.0,40.0,60.0,Winter,0.0,0.0,100.0,60.0
2020-01-30 04:00:00,0.0,40.0,0.0,0.0,0.0,40.0,60.0,Winter,0.0,0.0,100.0,60.0
2020-01-30 05:00:00,0.0,40.0,0.0,0.0,0.0,40.0,60.0,Winter,0.0,0.0,100.0,60.0
2020-01-30 06:00:00,0.0,40.0,0.0,0.0,0.0,40.0,60.0,Winter,0.0,0.0,100.0,60.0
2020-01-30 07:00:00,20.8242,60.824200000000005,0.0,0.0,0.0,40.0,39.175799999999995,Winter,1.1569,0.0,100.0,39.175799999999995
2020-01-30 08:00:00,114.4278,100.0,14.427800000000005,0.0,13.5344760999161,0.0,0.0,Winter,6.3571,0.0,0.0,0.0
2020-01-30 09:00:00,219.24,100.0,119.24000000000001,0.0,125.39151114018526,0.0,0.0,Winter,12.18,0.0,0.0,0.0
2020-01-30 10:00:00,411.804,100.0,200.0,0.0,313.00814153312245,0.0,0.0,Winter,22.878,0.0,0.0,0.0
2020-01-30 11:00:00,514.098,100.0,200.0,0.0,500.6247719260596,0.0,0.0,Winter,28.560999999999996,0.0,0.0,0.0
2020-01-30 12:00:00,441.45,100.0,199.37522807394038,0.0,687.6553143013398,0.0,0.0,Winter,24.525,0.0,0.0,0.0
2020-01-30 13:00:00,815.598,100.0,12.344685698660207,0.0,699.2356559715523,0.0,0.0,Winter,45.31099999999999,0.0,0.0,0.0
2020-01-30 14:00:00,1171.44,100.0,0.7643440284476383,0.0,699.9526742269438,0.0,0.0,Winter,65.08,0.0,0.0,0.0
2020-01-30 15:00:00,1297.08,100.0,0.04732577305613086,0.0,699.9970697373016,0.0,0.0,Winter,72.05999999999999,0.0,0.0,0.0
2020-01-30 16:00:00,248.85,100.0,0.002930262698442675,0.0,699.9998185673699,0.0,0.0,Winter,13.825,0.0,0.0,0.0
2020-01-30 17:00:00,0.0,100.0,0.0,106.60035817780522,593.3994603895646,0.0,0.0,Winter,0.0,15.228622596829316,0.0,0.0
2020-01-30 18:00:00,0.0,100.0,0.0,106.60035817780522,486.7991022117594,0.0,0.0,Winter,0.0,15.228622596829316,0.0,0.0
2020-01-30 19:00:00,0.0,100.0,0.0,106.60035817780522,380.1987440339542,0.0,0.0,Winter,0.0,15.228622596829316,0.0,0.0
2020-01-30 20:00:00,0.0,100.0,0.0,106.60035817780522,273.59838585614904,0.0,0.0,Winter,0.0,15.228622596829316,0.0,0.0
2020-01-30 21:00:00,0.0,100.0,0.0,106.60035817780522,166.99802767834382,0.0,0.0,Winter,0.0,15.228622596829316,0.0,0.0
2020-01-30 22:00:00,0.0,100.0,0.0,106.60035817780522,60.3976695005386,0.0,0.0,Winter,0.0,15.228622596829316,0.0,0.0
2020-01-30 23:00:00,0.0,96.65803617638662,0.0,60.3976695005386,0.0,40.0,3.3419638236133764,Winter,0.0,8.628238500076943,100.0,3.341963823613377
2020-01-31 00:00:00,0.0,40.0,0.0,0.0,0.0,40.0,60.0,Winter,0.0,0.0,100.0,60.0
2020-01-31 01:00:00,0.0,40.0,0.0,0.0,0.0,40.0,60.0,Winter,0.0,0.0,100.0,60.0
2020-01-31 02:00:00,0.0,40.0,0.0,0.0,0.0,40.0,60.0,Winter,0.0,0.0,100.0,60.0
2020-01-31 03:00:00,0.0,40.0,0.0,0.0,0.0,40.0,60.0,Winter,0.0,0.0,100.0,60.0
2020-01-31 04:00:00,0.0,40.0,0.0,0.0,0.0,40.0,60.0,Winter,0.0,0.0,100.0,60.0
2020-01-31 05:00:00,0.0,40.0,0.0,0.0,0.0,40.0,60.0,Winter,0.0,0.0,100.0,60.0
2020-01-31 06:00:00,0.0,40.0,0.0,0.0,0.0,40.0,60.0,Winter,0.0,0.0,100.0,60.0
2020-01-31 07:00:00,81.216,100.0,0.0,0.0,0.0,18.784000000000006,0.0,Winter,4.512,0.0,46.960000000000015,0.0
2020-01-31 08:00:00,1626.768,100.0,200.0,0.0,187.6166303929372,0.0,0.0,Winter,90.376,0.0,0.0,0.0
2020-01-31 09:00:00,1929.51,100.0,200.0,0.0,375.2332607858744,0.0,0.0,Winter,107.195,0.0,0.0,0.0
2020-01-31 10:00:00,1554.066,100.0,200.0,0.0,562.8498911788115,0.0,0.0,Winter,86.337,0.0,0.0,0.0
2020-01-31 11:00:00,1590.552,100.0,137.15010882118844,0.0,691.5080975540917,0.0,0.0,Winter,88.364,0.0,0.0,0.0
2020-01-31 12:00:00,1530.666,100.0,8.491902445908286,0.0,699.4742081667259,0.0,0.0,Winter,85.03699999999999,0.0,0.0,0.0
2020-01-31 13:00:00,1366.794,100.0,0.5257918332740664,0.0,699.9674446269609,0.0,0.0,Winter,75.933,0.0,0.0,0.0
2020-01-31 14:00:00,1843.47,100.0,0.03255537303909659,0.0,699.9979842739149,0.0,0.0,Winter,102.415,0.0,0.0,0.0
2020-01-31 15:00:00,1721.952,100.0,0.0020157260851701724,0.0,699.9998751925942,0.0,0.0,Winter,95.664,0.0,0.0,0.0
2020-01-31 16:00:00,171.07739999999998,100.0,0.00012480740575119854,0.0,699.9999922723188,0.0,0.0,Winter,9.504299999999999,0.0,0.0,0.0
2020-01-31 17:00:00,0.0,100.0,0.0,106.60035817780522,593.3996340945137,0.0,0.0,Winter,0.0,15.228622596829316,0.0,0.0
2020-01-31 18:00:00,0.0,100.0,0.0,106.60035817780522,486.7992759167084,0.0,0.0,Winter,0.0,15.228622596829316,0.0,0.0
2020-01-31 19:00:00,0.0,100.0,0.0,106.60035817780522,380.1989177389032,0.0,0.0,Winter,0.0,15.228622596829316,0.0,0.0
2020-01-31 20:00:00,0.0,100.0,0.0,106.60035817780522,273.598559561098,0.0,0.0,Winter,0.0,15.228622596829316,0.0,0.0
2020-01-31 21:00:00,0.0,100.0,0.0,106.60035817780522,166.99820138329278,0.0,0.0,Winter,0.0,15.228622596829316,0.0,0.0
2020-01-31 22:00:00,0.0,100.0,0.0,106.60035817780522,60.397843205487575,0.0,0.0,Winter,0.0,15.228622596829316,0.0,0.0
2020-01-31 23:00:00,0.0,96.65819912607267,0.0,60.397843205487575,0.0,40.0,3.341800873927326,Winter,0.0,8.628263315069654,100.0,3.341800873927326
2020-02-01 00:00:00,0.0,40.0,0.0,0.0,0.0,40.0,60.0,Winter,0.0,0.0,100.0,60.0
2020-02-01 01:00:00,0.0,40.0,0.0,0.0,0.0,40.0,60.0,Winter,0.0,0.0,100.0,60.0
2020-02-01 02:00:00,0.0,40.0,0.0,0.0,0.0,40.0,60.0,Winter,0.0,0.0,100.0,60.0
2020-02-01 03:00:00,0.0,40.0,0.0,0.0,0.0,40.0,60.0,Winter,0.0,0.0,100.0,60.0
2020-02-01 04:00:00,0.0,40.0,0.0,0.0,0.0,40.0,60.0,Winter,0.0,0.0,100.0,60.0
2020-02-01 05:00:00,0.0,40.0,0.0,0.0,0.0,40.0,60.0,Winter,0.0,0.0,100.0,60.0
2020-02-01 06:00:00,0.0,40.0,0.0,0.0,0.0,40.0,60.0,Winter,0.0,0.0,100.0,60.0
2020-02-01 07:00:00,156.45239999999998,100.0,56.45239999999998,0.0,52.95704532797122,0.0,0.0,Winter,8.691799999999999,0.0,0.0,0.0
2020-02-01 08:00:00,1659.456,100.0,200.0,0.0,240.57367572090843,0.0,0.0,Winter,92.192,0.0,0.0,0.0
2020-02-01 09:00:00,2100.834,100.0,200.0,0.0,428.1903061138456,0.0,0.0,Winter,116.713,0.0,0.0,0.0
2020-02-01 10:00:00,1978.668,100.0,200.0,0.0,615.8069365067828,0.0,0.0,Winter,109.92599999999999,0.0,0.0,0.0
2020-02-01 11:00:00,1835.316,100.0,84.19306349321722,0.0,694.7870308820628,0.0,0.0,Winter,101.962,0.0,0.0,0.0
2020-02-01 12:00:00,1796.202,100.0,5.212969117937144,0.0,699.6772293833119,0.0,0.0,Winter,99.78899999999999,0.0,0.0,0.0
2020-02-01 13:00:00,1899.504,100.0,0.3227706166880671,0.0,699.9800150607763,0.0,0.0,Winter,105.528,0.0,0.0,0.0
2020-02-01 14:00:00,2021.04,100.0,0.019984939223737456,0.0,699.998762595555,0.0,0.0,Winter,112.28,0.0,0.0,0.0
2020-02-01 15:00:00,1917.504,100.0,0.0012374044449534266,0.0,699.9999233838171,0.0,0.0,Winter,106.528,0.0,0.0,0.0
2020-02-01 16:00:00,604.296,100.0,7.661618292331696e-05,0.0,699.9999952561675,0.0,0.0,Winter,33.572,0.0,0.0,0.0
2020-02-01 17:00:00,0.0,100.0,0.0,106.60035817780522,593.3996370783623,0.0,0.0,Winter,0.0,15.228622596829316,0.0,0.0
2020-02-01 18:00:00,0.0,100.0,0.0,106.60035817780522,486.79927890055706,0.0,0.0,Winter,0.0,15.228622596829316,0.0,0.0
2020-02-01 19:00:00,0.0,100.0,0.0,106.60035817780522,380.1989207227519,0.0,0.0,Winter,0.0,15.228622596829316,0.0,0.0
2020-02-01 20:00:00,0.0,100.0,0.0,106.60035817780522,273.5985625449467,0.0,0.0,Winter,0.0,15.228622596829316,0.0,0.0
2020-02-01 21:00:00,0.0,100.0,0.0,106.60035817780522,166.99820436714148,0.0,0.0,Winter,0.0,15.228622596829316,0.0,0.0
2020-02-01 22:00:00,0.0,100.0,0.0,106.60035817780522,60.397846189336256,0.0,0.0,Winter,0.0,15.228622596829316,0.0,0.0
2020-02-01 23:00:00,0.0,96.65820192517086,0.0,60.397846189336256,0.0,40.0,3.34179807482915,Winter,0.0,8.62826374133375,100.0,3.34179807482915
2020-02-02 00:00:00,0.0,40.0,0.0,0.0,0.0,40.0,60.0,Winter,0.0,0.0,100.0,60.0
2020-02-02 01:00:00,0.0,40.0,0.0,0.0,0.0,40.0,60.0,Winter,0.0,0.0,100.0,60.0
2020-02-02 02:00:00,0.0,40.0,0.0,0.0,0.0,40.0,60.0,Winter,0.0,0.0,100.0,60.0
2020-02-02 03:00:00,0.0,40.0,0.0,0.0,0.0,40.0,60.0,Winter,0.0,0.0,100.0,60.0
2020-02-02 04:00:00,0.0,40.0,0.0,0.0,0.0,40.0,60.0,Winter,0.0,0.0,100.0,60.0
2020-02-02 05:00:00,0.0,40.0,0.0,0.0,0.0,40.0,60.0,Winter,0.0,0.0,100.0,60.0
2020-02-02 06:00:00,0.0,40.0,0.0,0.0,0.0,40.0,60.0,Winter,0.0,0.0,100.0,60.0
2020-02-02 07:00:00,34.1784,74.17840000000001,0.0,0.0,0.0,40.0,25.82159999999999,Winter,1.8988,0.0,100.0,25.82159999999999
2020-02-02 08:00:00,543.546,100.0,200.0,0.0,187.6166303929372,0.0,0.0,Winter,30.197000000000003,0.0,0.0,0.0
2020-02-02 09:00:00,911.142,100.0,200.0,0.0,375.2332607858744,0.0,0.0,Winter,50.619,0.0,0.0,0.0
2020-02-02 10:00:00,1745.604,100.0,200.0,0.0,562.8498911788115,0.0,0.0,Winter,96.978,0.0,0.0,0.0
2020-02-02 11:00:00,1833.696,100.0,137.15010882118844,0.0,691.5080975540917,0.0,0.0,Winter,101.87199999999999,0.0,0.0,0.0
2020-02-02 12:00:00,1771.092,100.0,8.491902445908286,0.0,699.4742081667259,0.0,0.0,Winter,98.394,0.0,0.0,0.0
2020-02-02 13:00:00,1272.87,100.0,0.5257918332740664,0.0,699.9674446269609,0.0,0.0,Winter,70.71499999999999,0.0,0.0,0.0
2020-02-02 14:00:00,408.438,100.0,0.03255537303909659,0.0,699.9979842739149,0.0,0.0,Winter,22.691,0.0,0.0,0.0
2020-02-02 15:00:00,141.057,100.0,0.0020157260851701724,0.0,699.9998751925942,0.0,0.0,Winter,7.836499999999999,0.0,0.0,0.0
2020-02-02 16:00:00,84.0762,100.0,0.0,16.974827835517345,683.0250473570769,1.7763568394002505e-15,0.0,Winter,4.6709,2.4249754050739063,4.440892098500626e-15,0.0
2020-02-02 17:00:00,0.0,100.0,0.0,106.60035817780522,576.4246891792717,0.0,0.0,Winter,0.0,15.228622596829316,0.0,0.0
2020-02-02 18:00:00,0.0,100.0,0.0,106.60035817780522,469.8243310014665,0.0,0.0,Winter,0.0,15.228622596829316,0.0,0.0
2020-02-02 19:00:00,0.0,100.0,0.0,106.60035817780522,363.2239728236613,0.0,0.0,Winter,0.0,15.228622596829316,0.0,0.0
2020-02-02 20:00:00,0.0,100.0,0.0,106.60035817780522,256.6236146458561,0.0,0.0,Winter,0.0,15.228622596829316,0.0,0.0
2020-02-02 21:00:00,0.0,100.0,0.0,106.60035817780522,150.02325646805087,0.0,0.0,Winter,0.0,15.228622596829316,0.0,0.0
2020-02-02 22:00:00,0.0,100.0,0.0,106.60035817780522,43.42289829024566,0.0,0.0,Winter,0.0,15.228622596829316,0.0,0.0
2020-02-02 23:00:00,0.0,80.73428929555561,0.0,43.42289829024566,0.0,40.0,19.26571070444438,Winter,0.0,6.203271184320809,100.0,19.26571070444438
2020-02-03 00:00:00,0.0,40.0,0.0,0.0,0.0,40.0,60.0,Winter,0.0,0.0,100.0,60.0
2020-02-03 01:00:00,0.0,40.0,0.0,0.0,0.0,40.0,60.0,Winter,0.0,0.0,100.0,60.0
2020-02-03 02:00:00,0.0,40.0,0.0,0.0,0.0,40.0,60.0,Winter,0.0,0.0,100.0,60.0
2020-02-03 03:00:00,0.0,40.0,0.0,0.0,0.0,40.0,60.0,Winter,0.0,0.0,100.0,60.0
2020-02-03 04:00:00,0.0,40.0,0.0,0.0,0.0,40.0,60.0,Winter,0.0,0.0,100.0,60.0
2020-02-03 05:00:00,0.0,40.0,0.0,0.0,0.0,40.0,60.0,Winter,0.0,0.0,100.0,60.0
2020-02-03 06:00:00,0.0,40.0,0.0,0.0,0.0,40.0,60.0,Winter,0.0,0.0,100.0,60.0
2020-02-03 07:00:00,17.05932,57.05932,0.0,0.0,0.0,40.0,42.94068,Winter,0.94774,0.0,100.0,42.94068
2020-02-03 08:00:00,85.8618,100.0,0.0,0.0,0.0,14.138199999999998,0.0,Winter,4.7701,0.0,35.345499999999994,0.0
2020-02-03 09:00:00,228.132,100.0,128.132,0.0,120.19847042753915,0.0,0.0,Winter,12.674,0.0,0.0,0.0
2020-02-03 10:00:00,280.908,100.0,180.90800000000002,0.0,289.9052172831666,0.0,0.0,Winter,15.606,0.0,0.0,0.0
2020-02-03 11:00:00,319.806,100.0,200.0,0.0,477.52184767610385,0.0,0.0,Winter,17.767,0.0,0.0,0.0
2020-02-03 12:00:00,313.596,100.0,200.0,0.0,665.1384780690411,0.0,0.0,Winter,17.422,0.0,0.0,0.0
2020-02-03 13:00:00,288.324,100.0,34.86152193095896,0.0,697.841484444321,0.0,0.0,Winter,16.018,0.0,0.0,0.0
2020-02-03 14:00:00,218.52,100.0,2.1585155556789832,0.0,699.8663515203572,0.0,0.0,Winter,12.14,0.0,0.0,0.0
2020-02-03 15:00:00,171.0576,100.0,0.13364847964281215,0.0,699.9917249073958,0.0,0.0,Winter,9.5032,0.0,0.0,0.0
2020-02-03 16:00:00,224.64,100.0,0.008275092604220845,0.0,699.9994876323487,0.0,0.0,Winter,12.479999999999999,0.0,0.0,0.0
2020-02-03 17:00:00,0.0,100.0,0.0,106.60035817780522,593.3991294545435,0.0,0.0,Winter,0.0,15.228622596829316,0.0,0.0
2020-02-03 18:00:00,0.0,100.0,0.0,106.60035817780522,486.79877127673836,0.0,0.0,Winter,0.0,15.228622596829316,0.0,0.0
2020-02-03 19:00:00,0.0,100.0,0.0,106.60035817780522,380.1984130989332,0.0,0.0,Winter,0.0,15.228622596829316,0.0,0.0
2020-02-03 20:00:00,0.0,100.0,0.0,106.60035817780522,273.598054921128,0.0,0.0,Winter,0.0,15.228622596829316,0.0,0.0
2020-02-03 21:00:00,0.0,100.0,0.0,106.60035817780522,166.99769674332276,0.0,0.0,Winter,0.0,15.228622596829316,0.0,0.0
2020-02-03 22:00:00,0.0,100.0,0.0,106.60035817780522,60.39733856551755,0.0,0.0,Winter,0.0,15.228622596829316,0.0,0.0
2020-02-03 23:00:00,0.0,96.65772573181899,0.0,60.39733856551755,0.0,40.0,3.342274268181015,Winter,0.0,8.628191223645363,100.0,3.342274268181015
2020-02-04 00:00:00,0.0,40.0,0.0,0.0,0.0,40.0,60.0,Winter,0.0,0.0,100.0,60.0
2020-02-04 01:00:00,0.0,40.0,0.0,0.0,0.0,40.0,60.0,Winter,0.0,0.0,100.0,60.0
2020-02-04 02:00:00,0.0,40.0,0.0,0.0,0.0,40.0,60.0,Winter,0.0,0.0,100.0,60.0
2020-02-04 03:00:00,0.0,40.0,0.0,0.0,0.0,40.0,60.0,Winter,0.0,0.0,100.0,60.0
2020-02-04 04:00:00,0.0,40.0,0.0,0.0,0.0,40.0,60.0,Winter,0.0,0.0,100.0,60.0
2020-02-04 05:00:00,0.0,40.0,0.0,0.0,0.0,40.0,60.0,Winter,0.0,0.0,100.0,60.0
2020-02-04 06:00:00,0.0,40.0,0.0,0.0,0.0,40.0,60.0,Winter,0.0,0.0,100.0,60.0
2020-02-04 07:00:00,84.519,100.0,0.0,0.0,0.0,15.480999999999995,0.0,Winter,4.6955,0.0,38.702499999999986,0.0
2020-02-04 08:00:00,320.922,100.0,200.0,0.0,187.6166303929372,0.0,0.0,Winter,17.829,0.0,0.0,0.0
2020-02-04 09:00:00,690.48,100.0,200.0,0.0,375.2332607858744,0.0,0.0,Winter,38.36,0.0,0.0,0.0
2020-02-04 10:00:00,1356.318,100.0,200.0,0.0,562.8498911788115,0.0,0.0,Winter,75.351,0.0,0.0,0.0
2020-02-04 11:00:00,1427.742,100.0,137.15010882118844,0.0,691.5080975540917,0.0,0.0,Winter,79.31899999999999,0.0,0.0,0.0
2020-02-04 12:00:00,1667.79,100.0,8.491902445908286,0.0,699.4742081667259,0.0,0.0,Winter,92.655,0.0,0.0,0.0
2020-02-04 13:00:00,1693.386,100.0,0.5257918332740664,0.0,699.9674446269609,0.0,0.0,Winter,94.077,0.0,0.0,0.0
2020-02-04 14:00:00,1710.378,100.0,0.03255537303909659,0.0,699.9979842739149,0.0,0.0,Winter,95.021,0.0,0.0,0.0
2020-02-04 15:00:00,1532.88,100.0,0.0020157260851701724,0.0,699.9998751925942,0.0,0.0,Winter,85.16,0.0,0.0,0.0
2020-02-04 16:00:00,291.582,100.0,0.00012480740575119854,0.0,699.9999922723188,0.0,0.0,Winter,16.198999999999998,0.0,0.0,0.0
2020-02-04 17:00:00,0.0,100.0,0.0,106.60035817780522,593.3996340945137,0.0,0.0,Winter,0.0,15.228622596829316,0.0,0.0
2020-02-04 18:00:00,0.0,100.0,0.0,106.60035817780522,486.7992759167084,0.0,0.0,Winter,0.0,15.228622596829316,0.0,0.0
2020-02-04 19:00:00,0.0,100.0,0.0,106.60035817780522,380.1989177389032,0.0,0.0,Winter,0.0,15.228622596829316,0.0,0.0
2020-02-04 20:00:00,0.0,100.0,0.0,106.60035817780522,273.598559561098,0.0,0.0,Winter,0.0,15.228622596829316,0.0,0.0
2020-02-04 21:00:00,0.0,100.0,0.0,106.60035817780522,166.99820138329278,0.0,0.0,Winter,0.0,15.228622596829316,0.0,0.0
2020-02-04 22:00:00,0.0,100.0,0.0,106.60035817780522,60.397843205487575,0.0,0.0,Winter,0.0,15.228622596829316,0.0,0.0
2020-02-04 23:00:00,0.0,96.65819912607267,0.0,60.397843205487575,0.0,40.0,3.341800873927326,Winter,0.0,8.628263315069654,100.0,3.341800873927326
2020-02-05 00:00:00,0.0,40.0,0.0,0.0,0.0,40.0,60.0,Winter,0.0,0.0,100.0,60.0
2020-02-05 01:00:00,0.0,40.0,0.0,0.0,0.0,40.0,60.0,Winter,0.0,0.0,100.0,60.0
2020-02-05 02:00:00,0.0,40.0,0.0,0.0,0.0,40.0,60.0,Winter,0.0,0.0,100.0,60.0
2020-02-05 03:00:00,0.0,40.0,0.0,0.0,0.0,40.0,60.0,Winter,0.0,0.0,100.0,60.0
2020-02-05 04:00:00,0.0,40.0,0.0,0.0,0.0,40.0,60.0,Winter,0.0,0.0,100.0,60.0
2020-02-05 05:00:00,0.0,40.0,0.0,0.0,0.0,40.0,60.0,Winter,0.0,0.0,100.0,60.0
2020-02-05 06:00:00,0.0,40.0,0.0,0.0,0.0,40.0,60.0,Winter,0.0,0.0,100.0,60.0
2020-02-05 07:00:00,192.582,100.0,92.582,0.0,86.84961437519455,0.0,0.0,Winter,10.699,0.0,0.0,0.0
2020-02-05 08:00:00,1468.728,100.0,200.0,0.0,274.46624476813173,0.0,0.0,Winter,81.596,0.0,0.0,0.0
2020-02-05 09:00:00,2089.386,100.0,200.0,0.0,462.08287516106896,0.0,0.0,Winter,116.07700000000001,0.0,0.0,0.0
2020-02-05 10:00:00,2231.892,100.0,200.0,0.0,649.6995055540062,0.0,0.0,Winter,123.99399999999999,0.0,0.0,0.0
2020-02-05 11:00:00,2092.554,100.0,50.3004944459938,0.0,696.8855519292862,0.0,0.0,Winter,116.253,0.0,0.0,0.0
2020-02-05 12:00:00,2064.276,100.0,3.1144480707137845,0.0,699.8071631920917,0.0,0.0,Winter,114.68199999999999,0.0,0.0,0.0
2020-02-05 13:00:00,2174.796,100.0,0.19283680790825747,0.0,699.988060152669,0.0,0.0,Winter,120.82199999999999,0.0,0.0,0.0
2020-02-05 14:00:00,2157.228,100.0,0.011939847330912016,0.0,699.9992607222872,0.0,0.0,Winter,119.846,0.0,0.0,0.0
2020-02-05 15:00:00,1764.378,100.0,0.0007392777127679437,0.0,699.9999542262542,0.0,0.0,Winter,98.02099999999999,0.0,0.0,0.0
2020-02-05 16:00:00,462.258,100.0,4.57737457472831e-05,0.0,699.999997165834,0.0,0.0,Winter,25.680999999999997,0.0,0.0,0.0
2020-02-05 17:00:00,0.0,100.0,0.0,106.60035817780522,593.3996389880288,0.0,0.0,Winter,0.0,15.228622596829316,0.0,0.0
2020-02-05 18:00:00,0.0,100.0,0.0,106.60035817780522,486.79928081022354,0.0,0.0,Winter,0.0,15.228622596829316,0.0,0.0
2020-02-05 19:00:00,0.0,100.0,0.0,106.60035817780522,380.1989226324183,0.0,0.0,Winter,0.0,15.228622596829316,0.0,0.0
2020-02-05 20:00:00,0.0,100.0,0.0,106.60035817780522,273.59856445461315,0.0,0.0,Winter,0.0,15.228622596829316,0.0,0.0
2020-02-05 21:00:00,0.0,100.0,0.0,106.60035817780522,166.99820627680793,0.0,0.0,Winter,0.0,15.228622596829316,0.0,0.0
2020-02-05 22:00:00,0.0,100.0,0.0,106.60035817780522,60.397848099002715,0.0,0.0,Winter,0.0,15.228622596829316,0.0,0.0
2020-02-05 23:00:00,0.0,96.65820371659677,0.0,60.397848099002715,0.0,40.0,3.3417962834032195,Winter,0.0,8.628264014143246,100.0,3.341796283403219
2020-02-06 00:00:00,0.0,40.0,0.0,0.0,0.0,40.0,60.0,Winter,0.0,0.0,100.0,60.0
2020-02-06 01:00:00,0.0,40.0,0.0,0.0,0.0,40.0,60.0,Winter,0.0,0.0,100.0,60.0
2020-02-06 02:00:00,0.0,40.0,0.0,0.0,0.0,40.0,60.0,Winter,0.0,0.0,100.0,60.0
2020-02-06 03:00:00,0.0,40.0,0.0,0.0,0.0,40.0,60.0,Winter,0.0,0.0,100.0,60.0
2020-02-06 04:00:00,0.0,40.0,0.0,0.0,0.0,40.0,60.0,Winter,0.0,0.0,100.0,60.0
2020-02-06 05:00:00,0.0,40.0,0.0,0.0,0.0,40.0,60.0,Winter,0.0,0.0,100.0,60.0
2020-02-06 06:00:00,0.0,40.0,0.0,0.0,0.0,40.0,60.0,Winter,0.0,0.0,100.0,60.0
2020-02-06 07:00:00,169.5276,100.0,69.5276,0.0,65.2226701565399,0.0,0.0,Winter,9.4182,0.0,0.0,0.0
2020-02-06 08:00:00,1533.51,100.0,200.0,0.0,252.83930054947712,0.0,0.0,Winter,85.195,0.0,0.0,0.0
2020-02-06 09:00:00,2035.17,100.0,200.0,0.0,440.45593094241434,0.0,0.0,Winter,113.065,0.0,0.0,0.0
2020-02-06 10:00:00,1726.542,100.0,200.0,0.0,628.0725613353516,0.0,0.0,Winter,95.919,0.0,0.0,0.0
2020-02-06 11:00:00,954.828,100.0,71.92743866464845,0.0,695.5464797106315,0.0,0.0,Winter,53.04599999999999,0.0,0.0,0.0
2020-02-06 12:00:00,731.448,100.0,4.453520289368462,0.0,699.7242520610209,0.0,0.0,Winter,40.636,0.0,0.0,0.0
2020-02-06 13:00:00,876.636,100.0,0.27574793897906785,0.0,699.9829265567662,0.0,0.0,Winter,48.702,0.0,0.0,0.0
2020-02-06 14:00:00,575.838,100.0,0.017073443233850412,0.0,699.9989428662099,0.0,0.0,Winter,31.990999999999996,0.0,0.0,0.0
2020-02-06 15:00:00,272.88,100.0,0.0010571337901055813,0.0,699.9999345456077,0.0,0.0,Winter,15.159999999999998,0.0,0.0,0.0
2020-02-06 16:00:00,89.5968,100.0,0.0,11.08984846195343,688.9100860836543,0.0,0.0,Winter,4.9776,1.5842640659933471,0.0,0.0
2020-02-06 17:00:00,0.0,100.0,0.0,106.60035817780522,582.3097279058491,0.0,0.0,Winter,0.0,15.228622596829316,0.0,0.0
2020-02-06 18:00:00,0.0,100.0,0.0,106.60035817780522,475.7093697280439,0.0,0.0,Winter,0.0,15.228622596829316,0.0,0.0
2020-02-06 19:00:00,0.0,100.0,0.0,106.60035817780522,369.10901155023873,0.0,0.0,Winter,0.0,15.228622596829316,0.0,0.0
2020-02-06 20:00:00,0.0,100.0,0.0,106.60035817780522,262.5086533724335,0.0,0.0,Winter,0.0,15.228622596829316,0.0,0.0
2020-02-06 21:00:00,0.0,100.0,0.0,106.60035817780522,155.9082951946283,0.0,0.0,Winter,0.0,15.228622596829316,0.0,0.0
2020-02-06 22:00:00,0.0,100.0,0.0,106.60035817780522,49.30793701682308,0.0,0.0,Winter,0.0,15.228622596829316,0.0,0.0
2020-02-06 23:00:00,0.0,86.25494497361761,0.0,49.30793701682308,0.0,40.0,13.745055026382389,Winter,0.0,7.043991002403298,100.0,13.745055026382389
2020-02-07 00:00:00,0.0,40.0,0.0,0.0,0.0,40.0,60.0,Winter,0.0,0.0,100.0,60.0
2020-02-07 01:00:00,0.0,40.0,0.0,0.0,0.0,40.0,60.0,Winter,0.0,0.0,100.0,60.0
2020-02-07 02:00:00,0.0,40.0,0.0,0.0,0.0,40.0,60.0,Winter,0.0,0.0,100.0,60.0
2020-02-07 03:00:00,0.0,40.0,0.0,0.0,0.0,40.0,60.0,Winter,0.0,0.0,100.0,60.0
2020-02-07 04:00:00,0.0,40.0,0.0,0.0,0.0,40.0,60.0,Winter,0.0,0.0,100.0,60.0
2020-02-07 05:00:00,0.0,40.0,0.0,0.0,0.0,40.0,60.0,Winter,0.0,0.0,100.0,60.0
2020-02-07 06:00:00,0.0,40.0,0.0,0.0,0.0,40.0,60.0,Winter,0.0,0.0,100.0,60.0
2020-02-07 07:00:00,76.3434,100.0,0.0,0.0,0.0,23.656599999999997,0.0,Winter,4.2413,0.0,59.14149999999999,0.0
2020-02-07 08:00:00,430.182,100.0,200.0,0.0,187.6166303929372,0.0,0.0,Winter,23.899,0.0,0.0,0.0
2020-02-07 09:00:00,772.344,100.0,200.0,0.0,375.2332607858744,0.0,0.0,Winter,42.908,0.0,0.0,0.0
2020-02-07 10:00:00,1030.806,100.0,200.0,0.0,562.8498911788115,0.0,0.0,Winter,57.267,0.0,0.0,0.0
2020-02-07 11:00:00,1159.074,100.0,137.15010882118844,0.0,691.5080975540917,0.0,0.0,Winter,64.393,0.0,0.0,0.0
2020-02-07 12:00:00,1191.726,100.0,8.491902445908286,0.0,699.4742081667259,0.0,0.0,Winter,66.20700000000001,0.0,0.0,0.0
2020-02-07 13:00:00,1454.94,100.0,0.5257918332740664,0.0,699.9674446269609,0.0,0.0,Winter,80.83,0.0,0.0,0.0
2020-02-07 14:00:00,1651.374,100.0,0.03255537303909659,0.0,699.9979842739149,0.0,0.0,Winter,91.743,0.0,0.0,0.0
2020-02-07 15:00:00,1368.558,100.0,0.0020157260851701724,0.0,699.9998751925942,0.0,0.0,Winter,76.031,0.0,0.0,0.0
2020-02-07 16:00:00,366.804,100.0,0.00012480740575119854,0.0,699.9999922723188,0.0,0.0,Winter,20.378,0.0,0.0,0.0
2020-02-07 17:00:00,0.0,100.0,0.0,106.60035817780522,593.3996340945137,0.0,0.0,Winter,0.0,15.228622596829316,0.0,0.0
2020-02-07 18:00:00,0.0,100.0,0.0,106.60035817780522,486.7992759167084,0.0,0.0,Winter,0.0,15.228622596829316,0.0,0.0
2020-02-07 19:00:00,0.0,100.0,0.0,106.60035817780522,380.1989177389032,0.0,0.0,Winter,0.0,15.228622596829316,0.0,0.0
2020-02-07 20:00:00,0.0,100.0,0.0,106.60035817780522,273.598559561098,0.0,0.0,Winter,0.0,15.228622596829316,0.0,0.0
2020-02-07 21:00:00,0.0,100.0,0.0,106.60035817780522,166.99820138329278,0.0,0.0,Winter,0.0,15.228622596829316,0.0,0.0
2020-02-07 22:00:00,0.0,100.0,0.0,106.60035817780522,60.397843205487575,0.0,0.0,Winter,0.0,15.228622596829316,0.0,0.0
2020-02-07 23:00:00,0.0,96.65819912607267,0.0,60.397843205487575,0.0,40.0,3.341800873927326,Winter,0.0,8.628263315069654,100.0,3.341800873927326
2020-02-08 00:00:00,0.0,40.0,0.0,0.0,0.0,40.0,60.0,Winter,0.0,0.0,100.0,60.0
2020-02-08 01:00:00,0.0,40.0,0.0,0.0,0.0,40.0,60.0,Winter,0.0,0.0,100.0,60.0
2020-02-08 02:00:00,0.0,40.0,0.0,0.0,0.0,40.0,60.0,Winter,0.0,0.0,100.0,60.0
2020-02-08 03:00:00,0.0,40.0,0.0,0.0,0.0,40.0,60.0,Winter,0.0,0.0,100.0,60.0
2020-02-08 04:00:00,0.0,40.0,0.0,0.0,0.0,40.0,60.0,Winter,0.0,0.0,100.0,60.0
2020-02-08 05:00:00,0.0,40.0,0.0,0.0,0.0,40.0,60.0,Winter,0.0,0.0,100.0,60.0
2020-02-08 06:00:00,0.0,40.0,0.0,0.0,0.0,40.0,60.0,Winter,0.0,0.0,100.0,60.0
2020-02-08 07:00:00,97.9866,100.0,0.0,0.0,0.0,2.0134000000000043,0.0,Winter,5.4437,0.0,5.033500000000011,0.0
2020-02-08 08:00:00,751.806,100.0,200.0,0.0,187.6166303929372,0.0,0.0,Winter,41.767,0.0,0.0,0.0
2020-02-08 09:00:00,1086.588,100.0,200.0,0.0,375.2332607858744,0.0,0.0,Winter,60.366,0.0,0.0,0.0
2020-02-08 10:00:00,1397.916,100.0,200.0,0.0,562.8498911788115,0.0,0.0,Winter,77.66199999999999,0.0,0.0,0.0
2020-02-08 11:00:00,1510.884,100.0,137.15010882118844,0.0,691.5080975540917,0.0,0.0,Winter,83.938,0.0,0.0,0.0
2020-02-08 12:00:00,1382.202,100.0,8.491902445908286,0.0,699.4742081667259,0.0,0.0,Winter,76.789,0.0,0.0,0.0
2020-02-08 13:00:00,1071.27,100.0,0.5257918332740664,0.0,699.9674446269609,0.0,0.0,Winter,59.51499999999999,0.0,0.0,0.0
2020-02-08 14:00:00,766.242,100.0,0.03255537303909659,0.0,699.9979842739149,0.0,0.0,Winter,42.568999999999996,0.0,0.0,0.0
2020-02-08 15:00:00,464.4,100.0,0.0020157260851701724,0.0,699.9998751925942,0.0,0.0,Winter,25.8,0.0,0.0,0.0
2020-02-08 16:00:00,221.292,100.0,0.00012480740575119854,0.0,699.9999922723188,0.0,0.0,Winter,12.294,0.0,0.0,0.0
2020-02-08 17:00:00,0.0,100.0,0.0,106.60035817780522,593.3996340945137,0.0,0.0,Winter,0.0,15.228622596829316,0.0,0.0
2020-02-08 18:00:00,0.0,100.0,0.0,106.60035817780522,486.7992759167084,0.0,0.0,Winter,0.0,15.228622596829316,0.0,0.0
2020-02-08 19:00:00,0.0,100.0,0.0,106.60035817780522,380.1989177389032,0.0,0.0,Winter,0.0,15.228622596829316,0.0,0.0
2020-02-08 20:00:00,0.0,100.0,0.0,106.60035817780522,273.598559561098,0.0,0.0,Winter,0.0,15.228622596829316,0.0,0.0
2020-02-08 21:00:00,0.0,100.0,0.0,106.60035817780522,166.99820138329278,0.0,0.0,Winter,0.0,15.228622596829316,0.0,0.0
2020-02-08 22:00:00,0.0,100.0,0.0,106.60035817780522,60.397843205487575,0.0,0.0,Winter,0.0,15.228622596829316,0.0,0.0
2020-02-08 23:00:00,0.0,96.65819912607267,0.0,60.397843205487575,0.0,40.0,3.341800873927326,Winter,0.0,8.628263315069654,100.0,3.341800873927326
2020-02-09 00:00:00,0.0,40.0,0.0,0.0,0.0,40.0,60.0,Winter,0.0,0.0,100.0,60.0
2020-02-09 01:00:00,0.0,40.0,0.0,0.0,0.0,40.0,60.0,Winter,0.0,0.0,100.0,60.0
2020-02-09 02:00:00,0.0,40.0,0.0,0.0,0.0,40.0,60.0,Winter,0.0,0.0,100.0,60.0
2020-02-09 03:00:00,0.0,40.0,0.0,0.0,0.0,40.0,60.0,Winter,0.0,0.0,100.0,60.0
2020-02-09 04:00:00,0.0,40.0,0.0,0.0,0.0,40.0,60.0,Winter,0.0,0.0,100.0,60.0
2020-02-09 05:00:00,0.0,40.0,0.0,0.0,0.0,40.0,60.0,Winter,0.0,0.0,100.0,60.0
2020-02-09 06:00:00,0.0,40.0,0.0,0.0,0.0,40.0,60.0,Winter,0.0,0.0,100.0,60.0
2020-02-09 07:00:00,115.7688,100.0,15.768799999999999,0.0,14.792445606700738,0.0,0.0,Winter,6.4315999999999995,0.0,0.0,0.0
2020-02-09 08:00:00,1032.156,100.0,200.0,0.0,202.4090759996379,0.0,0.0,Winter,57.34199999999999,0.0,0.0,0.0
2020-02-09 09:00:00,873.936,100.0,200.0,0.0,390.0257063925751,0.0,0.0,Winter,48.552,0.0,0.0,0.0
2020-02-09 10:00:00,637.596,100.0,200.0,0.0,577.6423367855123,0.0,0.0,Winter,35.422,0.0,0.0,0.0
2020-02-09 11:00:00,740.682,100.0,122.35766321448772,0.0,692.4239991607924,0.0,0.0,Winter,41.149,0.0,0.0,0.0
2020-02-09 12:00:00,793.368,100.0,7.576000839207555,0.0,699.5309179073233,0.0,0.0,Winter,44.07600000000001,0.0,0.0,0.0
2020-02-09 13:00:00,690.858,100.0,0.46908209267666096,0.0,699.9709559153516,0.0,0.0,Winter,38.381,0.0,0.0,0.0
2020-02-09 14:00:00,1291.23,100.0,0.02904408464836888,0.0,699.9982016818245,0.0,0.0,Winter,71.735,0.0,0.0,0.0
2020-02-09 15:00:00,1177.182,100.0,0.0017983181754825637,0.0,699.9998886538068,0.0,0.0,Winter,65.399,0.0,0.0,0.0
2020-02-09 16:00:00,678.69,100.0,0.00011134619324002415,0.0,699.9999931057946,0.0,0.0,Winter,37.705000000000005,0.0,0.0,0.0
2020-02-09 17:00:00,0.0,100.0,0.0,106.60035817780522,593.3996349279895,0.0,0.0,Winter,0.0,15.228622596829316,0.0,0.0
2020-02-09 18:00:00,0.0,100.0,0.0,106.60035817780522,486.7992767501842,0.0,0.0,Winter,0.0,15.228622596829316,0.0,0.0
2020-02-09 19:00:00,0.0,100.0,0.0,106.60035817780522,380.19891857237906,0.0,0.0,Winter,0.0,15.228622596829316,0.0,0.0
2020-02-09 20:00:00,0.0,100.0,0.0,106.60035817780522,273.59856039457384,0.0,0.0,Winter,0.0,15.228622596829316,0.0,0.0
2020-02-09 21:00:00,0.0,100.0,0.0,106.60035817780522,166.99820221676865,0.0,0.0,Winter,0.0,15.228622596829316,0.0,0.0
2020-02-09 22:00:00,0.0,100.0,0.0,106.60035817780522,60.39784403896342,0.0,0.0,Winter,0.0,15.228622596829316,0.0,0.0
2020-02-09 23:00:00,0.0,96.65819990794233,0.0,60.39784403896342,0.0,40.0,3.3418000920576745,Winter,0.0,8.628263434137631,100.0,3.3418000920576745
2020-02-10 00:00:00,0.0,40.0,0.0,0.0,0.0,40.0,60.0,Winter,0.0,0.0,100.0,60.0
2020-02-10 01:00:00,0.0,40.0,0.0,0.0,0.0,40.0,60.0,Winter,0.0,0.0,100.0,60.0
2020-02-10 02:00:00,0.0,40.0,0.0,0.0,0.0,40.0,60.0,Winter,0.0,0.0,100.0,60.0
2020-02-10 03:00:00,0.0,40.0,0.0,0.0,0.0,40.0,60.0,Winter,0.0,0.0,100.0,60.0
2020-02-10 04:00:00,0.0,40.0,0.0,0.0,0.0,40.0,60.0,Winter,0.0,0.0,100.0,60.0
2020-02-10 05:00:00,0.0,40.0,0.0,0.0,0.0,40.0,60.0,Winter,0.0,0.0,100.0,60.0
2020-02-10 06:00:00,0.0,40.0,0.0,0.0,0.0,40.0,60.0,Winter,0.0,0.0,100.0,60.0
2020-02-10 07:00:00,279.684,100.0,179.68400000000003,0.0,168.55853307762266,0.0,0.0,Winter,15.538000000000002,0.0,0.0,0.0
2020-02-10 08:00:00,1576.764,100.0,200.0,0.0,356.1751634705599,0.0,0.0,Winter,87.598,0.0,0.0,0.0
2020-02-10 09:00:00,1259.19,100.0,200.0,0.0,543.7917938634971,0.0,0.0,Winter,69.955,0.0,0.0,0.0
2020-02-10 10:00:00,1717.524,100.0,156.2082061365029,0.0,690.3280802387771,0.0,0.0,Winter,95.41799999999999,0.0,0.0,0.0
2020-02-10 11:00:00,2076.804,100.0,9.671919761222904,0.0,699.4011452139346,0.0,0.0,Winter,115.378,0.0,0.0,0.0
2020-02-10 12:00:00,1234.026,100.0,0.5988547860654071,0.0,699.962920799216,0.0,0.0,Winter,68.557,0.0,0.0,0.0
2020-02-10 13:00:00,930.078,100.0,0.037079200783977286,0.0,699.9977041727598,0.0,0.0,Winter,51.671,0.0,0.0,0.0
2020-02-10 14:00:00,938.538,100.0,0.0022958272402174773,0.0,699.9998578496136,0.0,0.0,Winter,52.141000000000005,0.0,0.0,0.0
2020-02-10 15:00:00,778.086,100.0,0.00014215038635302334,0.0,699.9999911984961,0.0,0.0,Winter,43.227,0.0,0.0,0.0
2020-02-10 16:00:00,280.188,100.0,8.801503921858966e-06,0.0,699.9999994550386,0.0,0.0,Winter,15.565999999999999,0.0,0.0,0.0
2020-02-10 17:00:00,0.0,100.0,0.0,106.60035817780522,593.3996412772334,0.0,0.0,Winter,0.0,15.228622596829316,0.0,0.0
2020-02-10 18:00:00,0.0,100.0,0.0,106.60035817780522,486.7992830994282,0.0,0.0,Winter,0.0,15.228622596829316,0.0,0.0
2020-02-10 19:00:00,0.0,100.0,0.0,106.60035817780522,380.19892492162296,0.0,0.0,Winter,0.0,15.228622596829316,0.0,0.0
2020-02-10 20:00:00,0.0,100.0,0.0,106.60035817780522,273.59856674381774,0.0,0.0,Winter,0.0,15.228622596829316,0.0,0.0
2020-02-10 21:00:00,0.0,100.0,0.0,106.60035817780522,166.99820856601255,0.0,0.0,Winter,0.0,15.228622596829316,0.0,0.0
2020-02-10 22:00:00,0.0,100.0,0.0,106.60035817780522,60.397850388207345,0.0,0.0,Winter,0.0,15.228622596829316,0.0,0.0
2020-02-10 23:00:00,0.0,96.65820586406107,0.0,60.397850388207345,0.0,40.0,3.341794135938926,Winter,0.0,8.628264341172478,100.0,3.341794135938926
2020-02-11 00:00:00,0.0,40.0,0.0,0.0,0.0,40.0,60.0,Winter,0.0,0.0,100.0,60.0
2020-02-11 01:00:00,0.0,40.0,0.0,0.0,0.0,40.0,60.0,Winter,0.0,0.0,100.0,60.0
2020-02-11 02:00:00,0.0,40.0,0.0,0.0,0.0,40.0,60.0,Winter,0.0,0.0,100.0,60.0
2020-02-11 03:00:00,0.0,40.0,0.0,0.0,0.0,40.0,60.0,Winter,0.0,0.0,100.0,60.0
2020-02-11 04:00:00,0.0,40.0,0.0,0.0,0.0,40.0,60.0,Winter,0.0,0.0,100.0,60.0
2020-02-11 05:00:00,0.0,40.0,0.0,0.0,0.0,40.0,60.0,Winter,0.0,0.0,100.0,60.0
2020-02-11 06:00:00,0.0,40.0,0.0,0.0,0.0,40.0,60.0,Winter,0.0,0.0,100.0,60.0
2020-02-11 07:00:00,228.438,100.0,128.438,0.0,120.48552387204032,0.0,0.0,Winter,12.690999999999999,0.0,0.0,0.0
2020-02-11 08:00:00,1174.68,100.0,200.0,0.0,308.1021542649775,0.0,0.0,Winter,65.26,0.0,0.0,0.0
2020-02-11 09:00:00,1737.72,100.0,200.0,0.0,495.7187846579147,0.0,0.0,Winter,96.54,0.0,0.0,0.0
2020-02-11 10:00:00,1815.228,100.0,200.0,0.0,683.3354150508519,0.0,0.0,Winter,100.84600000000002,0.0,0.0,0.0
2020-02-11 11:00:00,1991.124,100.0,16.66458494914812,0.0,698.968181426132,0.0,0.0,Winter,110.618,0.0,0.0,0.0
2020-02-11 12:00:00,2127.33,100.0,1.0318185738680186,0.0,699.9361130461618,0.0,0.0,Winter,118.185,0.0,0.0,0.0
2020-02-11 13:00:00,2232.486,100.0,0.06388695383816957,0.0,699.9960443211878,0.0,0.0,Winter,124.027,0.0,0.0,0.0
2020-02-11 14:00:00,2049.714,100.0,0.003955678812228143,0.0,699.9997550768361,0.0,0.0,Winter,113.873,0.0,0.0,0.0
2020-02-11 15:00:00,1231.074,100.0,0.00024492316390387715,0.0,699.9999848351297,0.0,0.0,Winter,68.393,0.0,0.0,0.0
2020-02-11 16:00:00,254.898,100.0,1.516487030312419e-05,0.0,699.999999061039,0.0,0.0,Winter,14.160999999999998,0.0,0.0,0.0
2020-02-11 17:00:00,0.0,100.0,0.0,106.60035817780522,593.3996408832338,0.0,0.0,Winter,0.0,15.228622596829316,0.0,0.0
2020-02-11 18:00:00,0.0,100.0,0.0,106.60035817780522,486.79928270542865,0.0,0.0,Winter,0.0,15.228622596829316,0.0,0.0
2020-02-11 19:00:00,0.0,100.0,0.0,106.60035817780522,380.19892452762343,0.0,0.0,Winter,0.0,15.228622596829316,0.0,0.0
2020-02-11 20:00:00,0.0,100.0,0.0,106.60035817780522,273.59856634981827,0.0,0.0,Winter,0.0,15.228622596829316,0.0,0.0
2020-02-11 21:00:00,0.0,100.0,0.0,106.60035817780522,166.99820817201305,0.0,0.0,Winter,0.0,15.228622596829316,0.0,0.0
2020-02-11 22:00:00,0.0,100.0,0.0,106.60035817780522,60.39784999420783,0.0,0.0,Winter,0.0,15.228622596829316,0.0,0.0
2020-02-11 23:00:00,0.0,96.65820549445678,0.0,60.39784999420783,0.0,40.0,3.341794505543227,Winter,0.0,8.628264284886832,100.0,3.3417945055432265
2020-02-12 00:00:00,0.0,40.0,0.0,0.0,0.0,40.0,60.0,Winter,0.0,0.0,100.0,60.0
2020-02-12 01:00:00,0.0,40.0,0.0,0.0,0.0,40.0,60.0,Winter,0.0,0.0,100.0,60.0
2020-02-12 02:00:00,0.0,40.0,0.0,0.0,0.0,40.0,60.0,Winter,0.0,0.0,100.0,60.0
2020-02-12 03:00:00,0.0,40.0,0.0,0.0,0.0,40.0,60.0,Winter,0.0,0.0,100.0,60.0
2020-02-12 04:00:00,0.0,40.0,0.0,0.0,0.0,40.0,60.0,Winter,0.0,0.0,100.0,60.0
2020-02-12 05:00:00,0.0,40.0,0.0,0.0,0.0,40.0,60.0,Winter,0.0,0.0,100.0,60.0
2020-02-12 06:00:00,0.0,40.0,0.0,0.0,0.0,40.0,60.0,Winter,0.0,0.0,100.0,60.0
2020-02-12 07:00:00,86.43240000000002,100.0,0.0,0.0,0.0,13.567599999999985,0.0,Winter,4.8018,0.0,33.91899999999996,0.0
2020-02-12 08:00:00,751.212,100.0,200.0,0.0,187.6166303929372,0.0,0.0,Winter,41.734,0.0,0.0,0.0
2020-02-12 09:00:00,1568.628,100.0,200.0,0.0,375.2332607858744,0.0,0.0,Winter,87.146,0.0,0.0,0.0
2020-02-12 10:00:00,1754.298,100.0,200.0,0.0,562.8498911788115,0.0,0.0,Winter,97.461,0.0,0.0,0.0
2020-02-12 11:00:00,1318.59,100.0,137.15010882118844,0.0,691.5080975540917,0.0,0.0,Winter,73.255,0.0,0.0,0.0
2020-02-12 12:00:00,982.53,100.0,8.491902445908286,0.0,699.4742081667259,0.0,0.0,Winter,54.584999999999994,0.0,0.0,0.0
2020-02-12 13:00:00,769.536,100.0,0.5257918332740664,0.0,699.9674446269609,0.0,0.0,Winter,42.751999999999995,0.0,0.0,0.0
2020-02-12 14:00:00,1030.698,100.0,0.03255537303909659,0.0,699.9979842739149,0.0,0.0,Winter,57.26100000000001,0.0,0.0,0.0
2020-02-12 15:00:00,663.318,100.0,0.0020157260851701724,0.0,699.9998751925942,0.0,0.0,Winter,36.851,0.0,0.0,0.0
2020-02-12 16:00:00,142.425,100.0,0.00012480740575119854,0.0,699.9999922723188,0.0,0.0,Winter,7.9125,0.0,0.0,0.0
2020-02-12 17:00:00,0.0,100.0,0.0,106.60035817780522,593.3996340945137,0.0,0.0,Winter,0.0,15.228622596829316,0.0,0.0
2020-02-12 18:00:00,0.0,100.0,0.0,106.60035817780522,486.7992759167084,0.0,0.0,Winter,0.0,15.228622596829316,0.0,0.0
2020-02-12 19:00:00,0.0,100.0,0.0,106.60035817780522,380.1989177389032,0.0,0.0,Winter,0.0,15.228622596829316,0.0,0.0
2020-02-12 20:00:00,0.0,100.0,0.0,106.60035817780522,273.598559561098,0.0,0.0,Winter,0.0,15.228622596829316,0.0,0.0
2020-02-12 21:00:00,0.0,100.0,0.0,106.60035817780522,166.99820138329278,0.0,0.0,Winter,0.0,15.228622596829316,0.0,0.0
2020-02-12 22:00:00,0.0,100.0,0.0,106.60035817780522,60.397843205487575,0.0,0.0,Winter,0.0,15.228622596829316,0.0,0.0
2020-02-12 23:00:00,0.0,96.65819912607267,0.0,60.397843205487575,0.0,40.0,3.341800873927326,Winter,0.0,8.628263315069654,100.0,3.341800873927326
2020-02-13 00:00:00,0.0,40.0,0.0,0.0,0.0,40.0,60.0,Winter,0.0,0.0,100.0,60.0
2020-02-13 01:00:00,0.0,40.0,0.0,0.0,0.0,40.0,60.0,Winter,0.0,0.0,100.0,60.0
2020-02-13 02:00:00,0.0,40.0,0.0,0.0,0.0,40.0,60.0,Winter,0.0,0.0,100.0,60.0
2020-02-13 03:00:00,0.0,40.0,0.0,0.0,0.0,40.0,60.0,Winter,0.0,0.0,100.0,60.0
2020-02-13 04:00:00,0.0,40.0,0.0,0.0,0.0,40.0,60.0,Winter,0.0,0.0,100.0,60.0
2020-02-13 05:00:00,0.0,40.0,0.0,0.0,0.0,40.0,60.0,Winter,0.0,0.0,100.0,60.0
2020-02-13 06:00:00,0.0,40.0,0.0,0.0,0.0,40.0,60.0,Winter,0.0,0.0,100.0,60.0
2020-02-13 07:00:00,134.6526,100.0,34.65260000000001,0.0,32.507020231771484,0.0,0.0,Winter,7.4807,0.0,0.0,0.0
2020-02-13 08:00:00,704.178,100.0,200.0,0.0,220.1236506247087,0.0,0.0,Winter,39.121,0.0,0.0,0.0
2020-02-13 09:00:00,1215.198,100.0,200.0,0.0,407.7402810176458,0.0,0.0,Winter,67.51100000000001,0.0,0.0,0.0
2020-02-13 10:00:00,2008.764,100.0,200.0,0.0,595.356911410583,0.0,0.0,Winter,111.598,0.0,0.0,0.0
2020-02-13 11:00:00,2075.652,100.0,104.64308858941693,0.0,693.5208297858632,0.0,0.0,Winter,115.31400000000001,0.0,0.0,0.0
2020-02-13 12:00:00,2107.602,100.0,6.47917021413683,0.0,699.5988302024564,0.0,0.0,Winter,117.089,0.0,0.0,0.0
2020-02-13 13:00:00,2228.022,100.0,0.4011697975436691,0.0,699.9751608306092,0.0,0.0,Winter,123.779,0.0,0.0,0.0
2020-02-13 14:00:00,2312.892,100.0,0.024839169390848837,0.0,699.9984620369235,0.0,0.0,Winter,128.494,0.0,0.0,0.0
2020-02-13 15:00:00,1992.582,100.0,0.0015379630764946342,0.0,699.9999047741738,0.0,0.0,Winter,110.69900000000001,0.0,0.0,0.0
2020-02-13 16:00:00,838.476,100.0,9.522582613863051e-05,0.0,699.9999941039171,0.0,0.0,Winter,46.582,0.0,0.0,0.0
2020-02-13 17:00:00,19.481399999999997,100.0,0.0,85.83311599975427,614.1668781041627,0.0,0.0,Winter,1.0823,12.26187371425061,0.0,0.0
2020-02-13 18:00:00,0.0,100.0,0.0,106.60035817780522,507.56651992635756,0.0,0.0,Winter,0.0,15.228622596829316,0.0,0.0
2020-02-13 19:00:00,0.0,100.0,0.0,106.60035817780522,400.96616174855234,0.0,0.0,Winter,0.0,15.228622596829316,0.0,0.0
2020-02-13 20:00:00,0.0,100.0,0.0,106.60035817780522,294.3658035707471,0.0,0.0,Winter,0.0,15.228622596829316,0.0,0.0
2020-02-13 21:00:00,0.0,100.0,0.0,106.60035817780522,187.76544539294193,0.0,0.0,Winter,0.0,15.228622596829316,0.0,0.0
2020-02-13 22:00:00,0.0,100.0,0.0,106.60035817780522,81.16508721513672,0.0,0.0,Winter,0.0,15.228622596829316,0.0,0.0
2020-02-13 23:00:00,0.0,100.0,0.0,81.16508721513672,0.0,23.860399155735905,0.0,Winter,0.0,11.595012459305245,59.65099788933976,0.0
2020-02-14 00:00:00,0.0,40.0,0.0,0.0,0.0,40.0,60.0,Winter,0.0,0.0,100.0,60.0
2020-02-14 01:00:00,0.0,40.0,0.0,0.0,0.0,40.0,60.0,Winter,0.0,0.0,100.0,60.0
2020-02-14 02:00:00,0.0,40.0,0.0,0.0,0.0,40.0,60.0,Winter,0.0,0.0,100.0,60.0
2020-02-14 03:00:00,0.0,40.0,0.0,0.0,0.0,40.0,60.0,Winter,0.0,0.0,100.0,60.0
2020-02-14 04:00:00,0.0,40.0,0.0,0.0,0.0,40.0,60.0,Winter,0.0,0.0,100.0,60.0
2020-02-14 05:00:00,0.0,40.0,0.0,0.0,0.0,40.0,60.0,Winter,0.0,0.0,100.0,60.0
2020-02-14 06:00:00,0.0,40.0,0.0,0.0,0.0,40.0,60.0,Winter,0.0,0.0,100.0,60.0
2020-02-14 07:00:00,329.274,100.0,200.0,0.0,187.6166303929372,0.0,0.0,Winter,18.293,0.0,0.0,0.0
2020-02-14 08:00:00,1610.658,100.0,200.0,0.0,375.2332607858744,0.0,0.0,Winter,89.481,0.0,0.0,0.0
2020-02-14 09:00:00,2162.358,100.0,200.0,0.0,562.8498911788115,0.0,0.0,Winter,120.13100000000001,0.0,0.0,0.0
2020-02-14 10:00:00,2297.106,100.0,137.15010882118844,0.0,691.5080975540917,0.0,0.0,Winter,127.617,0.0,0.0,0.0
2020-02-14 11:00:00,2181.762,100.0,8.491902445908286,0.0,699.4742081667259,0.0,0.0,Winter,121.20900000000002,0.0,0.0,0.0
2020-02-14 12:00:00,2158.47,100.0,0.5257918332740664,0.0,699.9674446269609,0.0,0.0,Winter,119.91499999999999,0.0,0.0,0.0
2020-02-14 13:00:00,2230.902,100.0,0.03255537303909659,0.0,699.9979842739149,0.0,0.0,Winter,123.939,0.0,0.0,0.0
2020-02-14 14:00:00,1969.362,100.0,0.0020157260851701724,0.0,699.9998751925942,0.0,0.0,Winter,109.409,0.0,0.0,0.0
2020-02-14 15:00:00,1222.488,100.0,0.00012480740575119854,0.0,699.9999922723188,0.0,0.0,Winter,67.916,0.0,0.0,0.0
2020-02-14 16:00:00,442.314,100.0,7.727681193500757e-06,0.0,699.9999995215264,0.0,0.0,Winter,24.573,0.0,0.0,0.0
2020-02-14 17:00:00,0.0,100.0,0.0,106.60035817780522,593.3996413437212,0.0,0.0,Winter,0.0,15.228622596829316,0.0,0.0
2020-02-14 18:00:00,0.0,100.0,0.0,106.60035817780522,486.799283165916,0.0,0.0,Winter,0.0,15.228622596829316,0.0,0.0
2020-02-14 19:00:00,0.0,100.0,0.0,106.60035817780522,380.1989249881108,0.0,0.0,Winter,0.0,15.228622596829316,0.0,0.0
2020-02-14 20:00:00,0.0,100.0,0.0,106.60035817780522,273.59856681030556,0.0,0.0,Winter,0.0,15.228622596829316,0.0,0.0
2020-02-14 21:00:00,0.0,100.0,0.0,106.60035817780522,166.99820863250036,0.0,0.0,Winter,0.0,15.228622596829316,0.0,0.0
2020-02-14 22:00:00,0.0,100.0,0.0,106.60035817780522,60.39785045469516,0.0,0.0,Winter,0.0,15.228622596829316,0.0,0.0
2020-02-14 23:00:00,0.0,96.65820592643217,0.0,60.39785045469516,0.0,40.0,3.3417940735678258,Winter,0.0,8.628264350670738,100.0,3.3417940735678253
2020-02-15 00:00:00,0.0,40.0,0.0,0.0,0.0,40.0,60.0,Winter,0.0,0.0,100.0,60.0
2020-02-15 01:00:00,0.0,40.0,0.0,0.0,0.0,40.0,60.0,Winter,0.0,0.0,100.0,60.0
2020-02-15 02:00:00,0.0,40.0,0.0,0.0,0.0,40.0,60.0,Winter,0.0,0.0,100.0,60.0
2020-02-15 03:00:00,0.0,40.0,0.0,0.0,0.0,40.0,60.0,Winter,0.0,0.0,100.0,60.0
2020-02-15 04:00:00,0.0,40.0,0.0,0.0,0.0,40.0,60.0,Winter,0.0,0.0,100.0,60.0
2020-02-15 05:00:00,0.0,40.0,0.0,0.0,0.0,40.0,60.0,Winter,0.0,0.0,100.0,60.0
2020-02-15 06:00:00,0.0,40.0,0.0,0.0,0.0,40.0,60.0,Winter,0.0,0.0,100.0,60.0
2020-02-15 07:00:00,353.376,100.0,200.0,0.0,187.6166303929372,0.0,0.0,Winter,19.631999999999998,0.0,0.0,0.0
2020-02-15 08:00:00,1447.506,100.0,200.0,0.0,375.2332607858744,0.0,0.0,Winter,80.417,0.0,0.0,0.0
2020-02-15 09:00:00,1335.654,100.0,200.0,0.0,562.8498911788115,0.0,0.0,Winter,74.203,0.0,0.0,0.0
2020-02-15 10:00:00,1048.41,100.0,137.15010882118844,0.0,691.5080975540917,0.0,0.0,Winter,58.245000000000005,0.0,0.0,0.0
2020-02-15 11:00:00,1224.612,100.0,8.491902445908286,0.0,699.4742081667259,0.0,0.0,Winter,68.034,0.0,0.0,0.0
2020-02-15 12:00:00,1856.268,100.0,0.5257918332740664,0.0,699.9674446269609,0.0,0.0,Winter,103.126,0.0,0.0,0.0
2020-02-15 13:00:00,2270.466,100.0,0.03255537303909659,0.0,699.9979842739149,0.0,0.0,Winter,126.13699999999999,0.0,0.0,0.0
2020-02-15 14:00:00,2362.752,100.0,0.0020157260851701724,0.0,699.9998751925942,0.0,0.0,Winter,131.264,0.0,0.0,0.0
2020-02-15 15:00:00,2029.536,100.0,0.00012480740575119854,0.0,699.9999922723188,0.0,0.0,Winter,112.75200000000001,0.0,0.0,0.0
2020-02-15 16:00:00,886.266,100.0,7.727681193500757e-06,0.0,699.9999995215264,0.0,0.0,Winter,49.236999999999995,0.0,0.0,0.0
2020-02-15 17:00:00,27.9774,100.0,0.0,76.77634956896793,623.2236499525585,0.0,0.0,Winter,1.5543,10.96804993842399,0.0,0.0
2020-02-15 18:00:00,0.0,100.0,0.0,106.60035817780522,516.6232917747533,0.0,0.0,Winter,0.0,15.228622596829316,0.0,0.0
2020-02-15 19:00:00,0.0,100.0,0.0,106.60035817780522,410.02293359694806,0.0,0.0,Winter,0.0,15.228622596829316,0.0,0.0
2020-02-15 20:00:00,0.0,100.0,0.0,106.60035817780522,303.42257541914285,0.0,0.0,Winter,0.0,15.228622596829316,0.0,0.0
2020-02-15 21:00:00,0.0,100.0,0.0,106.60035817780522,196.82221724133763,0.0,0.0,Winter,0.0,15.228622596829316,0.0,0.0
2020-02-15 22:00:00,0.0,100.0,0.0,106.60035817780522,90.22185906353242,0.0,0.0,Winter,0.0,15.228622596829316,0.0,0.0
2020-02-15 23:00:00,0.0,100.0,0.0,90.22185906353242,0.0,15.364394073567837,0.0,Winter,0.0,12.88883700907606,38.41098518391959,0.0
2020-02-16 00:00:00,0.0,40.0,0.0,0.0,0.0,40.0,60.0,Winter,0.0,0.0,100.0,60.0
2020-02-16 01:00:00,0.0,40.0,0.0,0.0,0.0,40.0,60.0,Winter,0.0,0.0,100.0,60.0
2020-02-16 02:00:00,0.0,40.0,0.0,0.0,0.0,40.0,60.0,Winter,0.0,0.0,100.0,60.0
2020-02-16 03:00:00,0.0,40.0,0.0,0.0,0.0,40.0,60.0,Winter,0.0,0.0,100.0,60.0
2020-02-16 04:00:00,0.0,40.0,0.0,0.0,0.0,40.0,60.0,Winter,0.0,0.0,100.0,60.0
2020-02-16 05:00:00,0.0,40.0,0.0,0.0,0.0,40.0,60.0,Winter,0.0,0.0,100.0,60.0
2020-02-16 06:00:00,0.0,40.0,0.0,0.0,0.0,40.0,60.0,Winter,0.0,0.0,100.0,60.0
2020-02-16 07:00:00,399.132,100.0,200.0,0.0,187.6166303929372,0.0,0.0,Winter,22.174,0.0,0.0,0.0
2020-02-16 08:00:00,1674.936,100.0,200.0,0.0,375.2332607858744,0.0,0.0,Winter,93.05199999999999,0.0,0.0,0.0
2020-02-16 09:00:00,2190.762,100.0,200.0,0.0,562.8498911788115,0.0,0.0,Winter,121.709,0.0,0.0,0.0
2020-02-16 10:00:00,2276.1,100.0,137.15010882118844,0.0,691.5080975540917,0.0,0.0,Winter,126.44999999999999,0.0,0.0,0.0
2020-02-16 11:00:00,2188.368,100.0,8.491902445908286,0.0,699.4742081667259,0.0,0.0,Winter,121.576,0.0,0.0,0.0
2020-02-16 12:00:00,2079.414,100.0,0.5257918332740664,0.0,699.9674446269609,0.0,0.0,Winter,115.52300000000002,0.0,0.0,0.0
2020-02-16 13:00:00,2227.356,100.0,0.03255537303909659,0.0,699.9979842739149,0.0,0.0,Winter,123.74200000000002,0.0,0.0,0.0
2020-02-16 14:00:00,2255.796,100.0,0.0020157260851701724,0.0,699.9998751925942,0.0,0.0,Winter,125.322,0.0,0.0,0.0
2020-02-16 15:00:00,1830.582,100.0,0.00012480740575119854,0.0,699.9999922723188,0.0,0.0,Winter,101.69900000000001,0.0,0.0,0.0
2020-02-16 16:00:00,765.414,100.0,7.727681193500757e-06,0.0,699.9999995215264,0.0,0.0,Winter,42.522999999999996,0.0,0.0,0.0
2020-02-16 17:00:00,24.6924,100.0,0.0,80.27817133510885,619.7218281864176,0.0,0.0,Winter,1.3718,11.468310190729836,0.0,0.0
2020-02-16 18:00:00,0.0,100.0,0.0,106.60035817780522,513.1214700086124,0.0,0.0,Winter,0.0,15.228622596829316,0.0,0.0
2020-02-16 19:00:00,0.0,100.0,0.0,106.60035817780522,406.5211118308072,0.0,0.0,Winter,0.0,15.228622596829316,0.0,0.0
2020-02-16 20:00:00,0.0,100.0,0.0,106.60035817780522,299.92075365300195,0.0,0.0,Winter,0.0,15.228622596829316,0.0,0.0
2020-02-16 21:00:00,0.0,100.0,0.0,106.60035817780522,193.32039547519676,0.0,0.0,Winter,0.0,15.228622596829316,0.0,0.0
2020-02-16 22:00:00,0.0,100.0,0.0,106.60035817780522,86.72003729739156,0.0,0.0,Winter,0.0,15.228622596829316,0.0,0.0
2020-02-16 23:00:00,0.0,100.0,0.0,86.72003729739156,0.0,18.649394073567805,0.0,Winter,0.0,12.388576756770222,46.62348518391951,0.0
2020-02-17 00:00:00,0.0,40.0,0.0,0.0,0.0,40.0,60.0,Winter,0.0,0.0,100.0,60.0
2020-02-17 01:00:00,0.0,40.0,0.0,0.0,0.0,40.0,60.0,Winter,0.0,0.0,100.0,60.0
2020-02-17 02:00:00,0.0,40.0,0.0,0.0,0.0,40.0,60.0,Winter,0.0,0.0,100.0,60.0
2020-02-17 03:00:00,0.0,40.0,0.0,0.0,0.0,40.0,60.0,Winter,0.0,0.0,100.0,60.0
2020-02-17 04:00:00,0.0,40.0,0.0,0.0,0.0,40.0,60.0,Winter,0.0,0.0,100.0,60.0
2020-02-17 05:00:00,0.0,40.0,0.0,0.0,0.0,40.0,60.0,Winter,0.0,0.0,100.0,60.0
2020-02-17 06:00:00,0.0,40.0,0.0,0.0,0.0,40.0,60.0,Winter,0.0,0.0,100.0,60.0
2020-02-17 07:00:00,408.582,100.0,200.0,0.0,187.6166303929372,0.0,0.0,Winter,22.698999999999998,0.0,0.0,0.0
2020-02-17 08:00:00,1660.644,100.0,200.0,0.0,375.2332607858744,0.0,0.0,Winter,92.258,0.0,0.0,0.0
2020-02-17 09:00:00,2140.236,100.0,200.0,0.0,562.8498911788115,0.0,0.0,Winter,118.902,0.0,0.0,0.0
2020-02-17 10:00:00,2066.076,100.0,137.15010882118844,0.0,691.5080975540917,0.0,0.0,Winter,114.78200000000001,0.0,0.0,0.0
2020-02-17 11:00:00,2066.436,100.0,8.491902445908286,0.0,699.4742081667259,0.0,0.0,Winter,114.802,0.0,0.0,0.0
2020-02-17 12:00:00,2210.112,100.0,0.5257918332740664,0.0,699.9674446269609,0.0,0.0,Winter,122.784,0.0,0.0,0.0
2020-02-17 13:00:00,2294.64,100.0,0.03255537303909659,0.0,699.9979842739149,0.0,0.0,Winter,127.47999999999999,0.0,0.0,0.0
2020-02-17 14:00:00,2157.678,100.0,0.0020157260851701724,0.0,699.9998751925942,0.0,0.0,Winter,119.871,0.0,0.0,0.0
2020-02-17 15:00:00,822.978,100.0,0.00012480740575119854,0.0,699.9999922723188,0.0,0.0,Winter,45.721,0.0,0.0,0.0
2020-02-17 16:00:00,451.458,100.0,7.727681193500757e-06,0.0,699.9999995215264,0.0,0.0,Winter,25.081000000000003,0.0,0.0,0.0
2020-02-17 17:00:00,22.014,100.0,0.0,83.13335532854317,616.8666441929831,0.0,0.0,Winter,1.2229999999999999,11.876193618363311,0.0,0.0
2020-02-17 18:00:00,0.0,100.0,0.0,106.60035817780522,510.26628601517797,0.0,0.0,Winter,0.0,15.228622596829316,0.0,0.0
2020-02-17 19:00:00,0.0,100.0,0.0,106.60035817780522,403.66592783737275,0.0,0.0,Winter,0.0,15.228622596829316,0.0,0.0
2020-02-17 20:00:00,0.0,100.0,0.0,106.60035817780522,297.06556965956753,0.0,0.0,Winter,0.0,15.228622596829316,0.0,0.0
2020-02-17 21:00:00,0.0,100.0,0.0,106.60035817780522,190.46521148176234,0.0,0.0,Winter,0.0,15.228622596829316,0.0,0.0
2020-02-17 22:00:00,0.0,100.0,0.0,106.60035817780522,83.86485330395713,0.0,0.0,Winter,0.0,15.228622596829316,0.0,0.0
2020-02-17 23:00:00,0.0,100.0,0.0,83.86485330395713,0.0,21.327794073567887,0.0,Winter,0.0,11.980693329136734,53.31948518391971,0.0
2020-02-18 00:00:00,0.0,40.0,0.0,0.0,0.0,40.0,60.0,Winter,0.0,0.0,100.0,60.0
2020-02-18 01:00:00,0.0,40.0,0.0,0.0,0.0,40.0,60.0,Winter,0.0,0.0,100.0,60.0
2020-02-18 02:00:00,0.0,40.0,0.0,0.0,0.0,40.0,60.0,Winter,0.0,0.0,100.0,60.0
2020-02-18 03:00:00,0.0,40.0,0.0,0.0,0.0,40.0,60.0,Winter,0.0,0.0,100.0,60.0
2020-02-18 04:00:00,0.0,40.0,0.0,0.0,0.0,40.0,60.0,Winter,0.0,0.0,100.0,60.0
2020-02-18 05:00:00,0.0,40.0,0.0,0.0,0.0,40.0,60.0,Winter,0.0,0.0,100.0,60.0
2020-02-18 06:00:00,0.0,40.0,0.0,0.0,0.0,40.0,60.0,Winter,0.0,0.0,100.0,60.0
2020-02-18 07:00:00,402.48,100.0,200.0,0.0,187.6166303929372,0.0,0.0,Winter,22.360000000000003,0.0,0.0,0.0
2020-02-18 08:00:00,1631.754,100.0,200.0,0.0,375.2332607858744,0.0,0.0,Winter,90.65299999999999,0.0,0.0,0.0
2020-02-18 09:00:00,2130.138,100.0,200.0,0.0,562.8498911788115,0.0,0.0,Winter,118.34099999999998,0.0,0.0,0.0
2020-02-18 10:00:00,2292.966,100.0,137.15010882118844,0.0,691.5080975540917,0.0,0.0,Winter,127.38699999999999,0.0,0.0,0.0
2020-02-18 11:00:00,2243.268,100.0,8.491902445908286,0.0,699.4742081667259,0.0,0.0,Winter,124.62599999999999,0.0,0.0,0.0
2020-02-18 12:00:00,2218.212,100.0,0.5257918332740664,0.0,699.9674446269609,0.0,0.0,Winter,123.234,0.0,0.0,0.0
2020-02-18 13:00:00,2262.078,100.0,0.03255537303909659,0.0,699.9979842739149,0.0,0.0,Winter,125.67099999999999,0.0,0.0,0.0
2020-02-18 14:00:00,2250.432,100.0,0.0020157260851701724,0.0,699.9998751925942,0.0,0.0,Winter,125.02399999999997,0.0,0.0,0.0
2020-02-18 15:00:00,1861.434,100.0,0.00012480740575119854,0.0,699.9999922723188,0.0,0.0,Winter,103.413,0.0,0.0,0.0
2020-02-18 16:00:00,895.536,100.0,7.727681193500757e-06,0.0,699.9999995215264,0.0,0.0,Winter,49.751999999999995,0.0,0.0,0.0
2020-02-18 17:00:00,30.1374,100.0,0.0,74.47378183232735,625.526217689199,0.0,0.0,Winter,1.6743000000000001,10.639111690332479,0.0,0.0
2020-02-18 18:00:00,0.0,100.0,0.0,106.60035817780522,518.9258595113938,0.0,0.0,Winter,0.0,15.228622596829316,0.0,0.0
2020-02-18 19:00:00,0.0,100.0,0.0,106.60035817780522,412.3255013335886,0.0,0.0,Winter,0.0,15.228622596829316,0.0,0.0
2020-02-18 20:00:00,0.0,100.0,0.0,106.60035817780522,305.7251431557834,0.0,0.0,Winter,0.0,15.228622596829316,0.0,0.0
2020-02-18 21:00:00,0.0,100.0,0.0,106.60035817780522,199.1247849779782,0.0,0.0,Winter,0.0,15.228622596829316,0.0,0.0
2020-02-18 22:00:00,0.0,100.0,0.0,106.60035817780522,92.52442680017299,0.0,0.0,Winter,0.0,15.228622596829316,0.0,0.0
2020-02-18 23:00:00,0.0,100.0,0.0,92.52442680017299,0.0,13.204394073567855,0.0,Winter,0.0,13.217775257167569,33.01098518391964,0.0
2020-02-19 00:00:00,0.0,40.0,0.0,0.0,0.0,40.0,60.0,Winter,0.0,0.0,100.0,60.0
2020-02-19 01:00:00,0.0,40.0,0.0,0.0,0.0,40.0,60.0,Winter,0.0,0.0,100.0,60.0
2020-02-19 02:00:00,0.0,40.0,0.0,0.0,0.0,40.0,60.0,Winter,0.0,0.0,100.0,60.0
2020-02-19 03:00:00,0.0,40.0,0.0,0.0,0.0,40.0,60.0,Winter,0.0,0.0,100.0,60.0
2020-02-19 04:00:00,0.0,40.0,0.0,0.0,0.0,40.0,60.0,Winter,0.0,0.0,100.0,60.0
2020-02-19 05:00:00,0.0,40.0,0.0,0.0,0.0,40.0,60.0,Winter,0.0,0.0,100.0,60.0
2020-02-19 06:00:00,0.0,40.0,0.0,0.0,0.0,40.0,60.0,Winter,0.0,0.0,100.0,60.0
2020-02-19 07:00:00,128.6604,100.0,28.66040000000001,0.0,26.885838368568695,0.0,0.0,Winter,7.1478,0.0,0.0,0.0
2020-02-19 08:00:00,689.778,100.0,200.0,0.0,214.50246876150587,0.0,0.0,Winter,38.321,0.0,0.0,0.0
2020-02-19 09:00:00,1005.552,100.0,200.0,0.0,402.11909915444306,0.0,0.0,Winter,55.864000000000004,0.0,0.0,0.0
2020-02-19 10:00:00,1311.03,100.0,200.0,0.0,589.7357295473803,0.0,0.0,Winter,72.835,0.0,0.0,0.0
2020-02-19 11:00:00,1030.86,100.0,110.26427045261977,0.0,693.1727839226604,0.0,0.0,Winter,57.269999999999996,0.0,0.0,0.0
2020-02-19 12:00:00,882.846,100.0,6.827216077339602,0.0,699.5772802996352,0.0,0.0,Winter,49.047000000000004,0.0,0.0,0.0
2020-02-19 13:00:00,828.036,100.0,0.4227197003648616,0.0,699.973826528551,0.0,0.0,Winter,46.001999999999995,0.0,0.0,0.0
2020-02-19 14:00:00,651.996,100.0,0.026173471449059436,0.0,699.9983794211457,0.0,0.0,Winter,36.222,0.0,0.0,0.0
2020-02-19 15:00:00,472.59,100.0,0.0016205788542283698,0.0,699.9998996588653,0.0,0.0,Winter,26.255,0.0,0.0,0.0
2020-02-19 16:00:00,332.352,100.0,0.00010034113470464945,0.0,699.9999937871933,0.0,0.0,Winter,18.464,0.0,0.0,0.0
2020-02-19 17:00:00,18.8622,100.0,0.0,86.49318541759123,613.5068083696019,0.0,0.0,Winter,1.0479,12.356169345370176,0.0,0.0
2020-02-19 18:00:00,0.0,100.0,0.0,106.60035817780522,506.90645019179675,0.0,0.0,Winter,0.0,15.228622596829316,0.0,0.0
2020-02-19 19:00:00,0.0,100.0,0.0,106.60035817780522,400.30609201399153,0.0,0.0,Winter,0.0,15.228622596829316,0.0,0.0
2020-02-19 20:00:00,0.0,100.0,0.0,106.60035817780522,293.70573383618637,0.0,0.0,Winter,0.0,15.228622596829316,0.0,0.0
2020-02-19 21:00:00,0.0,100.0,0.0,106.60035817780522,187.10537565838115,0.0,0.0,Winter,0.0,15.228622596829316,0.0,0.0
2020-02-19 22:00:00,0.0,100.0,0.0,106.60035817780522,80.50501748057593,0.0,0.0,Winter,0.0,15.228622596829316,0.0,0.0
2020-02-19 23:00:00,0.0,100.0,0.0,80.50501748057593,0.0,24.479599452849186,0.0,Winter,0.0,11.500716782939419,61.19899863212297,0.0
2020-02-20 00:00:00,0.0,40.0,0.0,0.0,0.0,40.0,60.0,Winter,0.0,0.0,100.0,60.0
2020-02-20 01:00:00,0.0,40.0,0.0,0.0,0.0,40.0,60.0,Winter,0.0,0.0,100.0,60.0
2020-02-20 02:00:00,0.0,40.0,0.0,0.0,0.0,40.0,60.0,Winter,0.0,0.0,100.0,60.0
2020-02-20 03:00:00,0.0,40.0,0.0,0.0,0.0,40.0,60.0,Winter,0.0,0.0,100.0,60.0
2020-02-20 04:00:00,0.0,40.0,0.0,0.0,0.0,40.0,60.0,Winter,0.0,0.0,100.0,60.0
2020-02-20 05:00:00,0.0,40.0,0.0,0.0,0.0,40.0,60.0,Winter,0.0,0.0,100.0,60.0
2020-02-20 06:00:00,0.0,40.0,0.0,0.0,0.0,40.0,60.0,Winter,0.0,0.0,100.0,60.0
2020-02-20 07:00:00,92.538,100.0,0.0,0.0,0.0,7.462000000000003,0.0,Winter,5.141,0.0,18.65500000000001,0.0
2020-02-20 08:00:00,311.976,100.0,200.0,0.0,187.6166303929372,0.0,0.0,Winter,17.332,0.0,0.0,0.0
2020-02-20 09:00:00,840.474,100.0,200.0,0.0,375.2332607858744,0.0,0.0,Winter,46.693,0.0,0.0,0.0
2020-02-20 10:00:00,1019.412,100.0,200.0,0.0,562.8498911788115,0.0,0.0,Winter,56.63400000000001,0.0,0.0,0.0
2020-02-20 11:00:00,1301.382,100.0,137.15010882118844,0.0,691.5080975540917,0.0,0.0,Winter,72.299,0.0,0.0,0.0
2020-02-20 12:00:00,2126.61,100.0,8.491902445908286,0.0,699.4742081667259,0.0,0.0,Winter,118.14500000000001,0.0,0.0,0.0
2020-02-20 13:00:00,2346.048,100.0,0.5257918332740664,0.0,699.9674446269609,0.0,0.0,Winter,130.33599999999998,0.0,0.0,0.0
2020-02-20 14:00:00,2393.946,100.0,0.03255537303909659,0.0,699.9979842739149,0.0,0.0,Winter,132.99699999999999,0.0,0.0,0.0
2020-02-20 15:00:00,2077.992,100.0,0.0020157260851701724,0.0,699.9998751925942,0.0,0.0,Winter,115.44400000000002,0.0,0.0,0.0
2020-02-20 16:00:00,950.454,100.0,0.00012480740575119854,0.0,699.9999922723188,0.0,0.0,Winter,52.803,0.0,0.0,0.0
2020-02-20 17:00:00,39.1986,100.0,0.0,64.81451017712006,635.1854820951987,7.105427357601002e-15,0.0,Winter,2.1776999999999997,9.25921573958858,1.7763568394002505e-14,0.0
2020-02-20 18:00:00,0.0,100.0,0.0,106.60035817780522,528.5851239173935,0.0,0.0,Winter,0.0,15.228622596829316,0.0,0.0
2020-02-20 19:00:00,0.0,100.0,0.0,106.60035817780522,421.9847657395883,0.0,0.0,Winter,0.0,15.228622596829316,0.0,0.0
2020-02-20 20:00:00,0.0,100.0,0.0,106.60035817780522,315.3844075617831,0.0,0.0,Winter,0.0,15.228622596829316,0.0,0.0
2020-02-20 21:00:00,0.0,100.0,0.0,106.60035817780522,208.7840493839779,0.0,0.0,Winter,0.0,15.228622596829316,0.0,0.0
2020-02-20 22:00:00,0.0,100.0,0.0,106.60035817780522,102.18369120617268,0.0,0.0,Winter,0.0,15.228622596829316,0.0,0.0
2020-02-20 23:00:00,0.0,100.0,0.0,102.18369120617268,0.0,4.14320087392737,0.0,Winter,0.0,14.597670172310384,10.358002184818424,0.0
2020-02-21 00:00:00,0.0,40.0,0.0,0.0,0.0,40.0,60.0,Winter,0.0,0.0,100.0,60.0
2020-02-21 01:00:00,0.0,40.0,0.0,0.0,0.0,40.0,60.0,Winter,0.0,0.0,100.0,60.0
2020-02-21 02:00:00,0.0,40.0,0.0,0.0,0.0,40.0,60.0,Winter,0.0,0.0,100.0,60.0
2020-02-21 03:00:00,0.0,40.0,0.0,0.0,0.0,40.0,60.0,Winter,0.0,0.0,100.0,60.0
2020-02-21 04:00:00,0.0,40.0,0.0,0.0,0.0,40.0,60.0,Winter,0.0,0.0,100.0,60.0
2020-02-21 05:00:00,0.0,40.0,0.0,0.0,0.0,40.0,60.0,Winter,0.0,0.0,100.0,60.0
2020-02-21 06:00:00,0.0,40.0,0.0,0.0,0.0,40.0,60.0,Winter,0.0,0.0,100.0,60.0
2020-02-21 07:00:00,531.9,100.0,200.0,0.0,187.6166303929372,0.0,0.0,Winter,29.549999999999997,0.0,0.0,0.0
2020-02-21 08:00:00,1368.216,100.0,200.0,0.0,375.2332607858744,0.0,0.0,Winter,76.01199999999999,0.0,0.0,0.0
2020-02-21 09:00:00,1632.6,100.0,200.0,0.0,562.8498911788115,0.0,0.0,Winter,90.69999999999999,0.0,0.0,0.0
2020-02-21 10:00:00,913.824,100.0,137.15010882118844,0.0,691.5080975540917,0.0,0.0,Winter,50.768,0.0,0.0,0.0
2020-02-21 11:00:00,2190.114,100.0,8.491902445908286,0.0,699.4742081667259,0.0,0.0,Winter,121.673,0.0,0.0,0.0
2020-02-21 12:00:00,2261.556,100.0,0.5257918332740664,0.0,699.9674446269609,0.0,0.0,Winter,125.64200000000001,0.0,0.0,0.0
2020-02-21 13:00:00,2351.196,100.0,0.03255537303909659,0.0,699.9979842739149,0.0,0.0,Winter,130.62199999999999,0.0,0.0,0.0
2020-02-21 14:00:00,2363.364,100.0,0.0020157260851701724,0.0,699.9998751925942,0.0,0.0,Winter,131.298,0.0,0.0,0.0
2020-02-21 15:00:00,1862.856,100.0,0.00012480740575119854,0.0,699.9999922723188,0.0,0.0,Winter,103.492,0.0,0.0,0.0
2020-02-21 16:00:00,310.716,100.0,7.727681193500757e-06,0.0,699.9999995215264,0.0,0.0,Winter,17.262,0.0,0.0,0.0
2020-02-21 17:00:00,41.1174,100.0,0.0,62.76906250440433,637.2309370171221,0.0,0.0,Winter,2.2843,8.967008929200619,0.0,0.0
2020-02-21 18:00:00,0.0,100.0,0.0,106.60035817780522,530.6305788393169,0.0,0.0,Winter,0.0,15.228622596829316,0.0,0.0
2020-02-21 19:00:00,0.0,100.0,0.0,106.60035817780522,424.03022066151163,0.0,0.0,Winter,0.0,15.228622596829316,0.0,0.0
2020-02-21 20:00:00,0.0,100.0,0.0,106.60035817780522,317.4298624837064,0.0,0.0,Winter,0.0,15.228622596829316,0.0,0.0
2020-02-21 21:00:00,0.0,100.0,0.0,106.60035817780522,210.82950430590125,0.0,0.0,Winter,0.0,15.228622596829316,0.0,0.0
2020-02-21 22:00:00,0.0,100.0,0.0,106.60035817780522,104.22914612809602,0.0,0.0,Winter,0.0,15.228622596829316,0.0,0.0
2020-02-21 23:00:00,0.0,100.0,0.0,104.22914612809602,0.0,2.2243940735678507,0.0,Winter,0.0,14.889878018299433,5.560985183919627,0.0
2020-02-22 00:00:00,0.0,40.0,0.0,0.0,0.0,40.0,60.0,Winter,0.0,0.0,100.0,60.0
2020-02-22 01:00:00,0.0,40.0,0.0,0.0,0.0,40.0,60.0,Winter,0.0,0.0,100.0,60.0
2020-02-22 02:00:00,0.0,40.0,0.0,0.0,0.0,40.0,60.0,Winter,0.0,0.0,100.0,60.0
2020-02-22 03:00:00,0.0,40.0,0.0,0.0,0.0,40.0,60.0,Winter,0.0,0.0,100.0,60.0
2020-02-22 04:00:00,0.0,40.0,0.0,0.0,0.0,40.0,60.0,Winter,0.0,0.0,100.0,60.0
2020-02-22 05:00:00,0.0,40.0,0.0,0.0,0.0,40.0,60.0,Winter,0.0,0.0,100.0,60.0
2020-02-22 06:00:00,0.0,40.0,0.0,0.0,0.0,40.0,60.0,Winter,0.0,0.0,100.0,60.0
2020-02-22 07:00:00,685.962,100.0,200.0,0.0,187.6166303929372,0.0,0.0,Winter,38.109,0.0,0.0,0.0
2020-02-22 08:00:00,1841.274,100.0,200.0,0.0,375.2332607858744,0.0,0.0,Winter,102.29299999999999,0.0,0.0,0.0
2020-02-22 09:00:00,2233.044,100.0,200.0,0.0,562.8498911788115,0.0,0.0,Winter,124.058,0.0,0.0,0.0
2020-02-22 10:00:00,2245.5,100.0,137.15010882118844,0.0,691.5080975540917,0.0,0.0,Winter,124.75,0.0,0.0,0.0
2020-02-22 11:00:00,2121.192,100.0,8.491902445908286,0.0,699.4742081667259,0.0,0.0,Winter,117.844,0.0,0.0,0.0
2020-02-22 12:00:00,1644.93,100.0,0.5257918332740664,0.0,699.9674446269609,0.0,0.0,Winter,91.385,0.0,0.0,0.0
2020-02-22 13:00:00,2055.114,100.0,0.03255537303909659,0.0,699.9979842739149,0.0,0.0,Winter,114.17299999999999,0.0,0.0,0.0
2020-02-22 14:00:00,2000.916,100.0,0.0020157260851701724,0.0,699.9998751925942,0.0,0.0,Winter,111.162,0.0,0.0,0.0
2020-02-22 15:00:00,1525.896,100.0,0.00012480740575119854,0.0,699.9999922723188,0.0,0.0,Winter,84.772,0.0,0.0,0.0
2020-02-22 16:00:00,966.546,100.0,7.727681193500757e-06,0.0,699.9999995215264,0.0,0.0,Winter,53.697,0.0,0.0,0.0
2020-02-22 17:00:00,47.3256,100.0,0.0,56.15109906800983,643.8489004535165,0.0,0.0,Winter,2.6292,8.021585581144262,0.0,0.0
2020-02-22 18:00:00,0.0,100.0,0.0,106.60035817780522,537.2485422757113,0.0,0.0,Winter,0.0,15.228622596829316,0.0,0.0
2020-02-22 19:00:00,0.0,100.0,0.0,106.60035817780522,430.6481840979061,0.0,0.0,Winter,0.0,15.228622596829316,0.0,0.0
2020-02-22 20:00:00,0.0,100.0,0.0,106.60035817780522,324.04782592010093,0.0,0.0,Winter,0.0,15.228622596829316,0.0,0.0
2020-02-22 21:00:00,0.0,100.0,0.0,106.60035817780522,217.44746774229571,0.0,0.0,Winter,0.0,15.228622596829316,0.0,0.0
2020-02-22 22:00:00,0.0,100.0,0.0,106.60035817780522,110.84710956449048,0.0,0.0,Winter,0.0,15.228622596829316,0.0,0.0
2020-02-22 23:00:00,0.0,100.0,0.0,106.60035817780522,4.2467513866852675,0.0,0.0,Winter,0.0,15.228622596829316,0.0,0.0
2020-02-23 00:00:00,0.0,43.98380592643212,0.0,4.2467513866852675,0.0,40.0,56.01619407356789,Winter,0.0,0.6066787695264667,100.0,56.016194073567895
2020-02-23 01:00:00,0.0,40.0,0.0,0.0,0.0,40.0,60.0,Winter,0.0,0.0,100.0,60.0
2020-02-23 02:00:00,0.0,40.0,0.0,0.0,0.0,40.0,60.0,Winter,0.0,0.0,100.0,60.0
2020-02-23 03:00:00,0.0,40.0,0.0,0.0,0.0,40.0,60.0,Winter,0.0,0.0,100.0,60.0
2020-02-23 04:00:00,0.0,40.0,0.0,0.0,0.0,40.0,60.0,Winter,0.0,0.0,100.0,60.0
2020-02-23 05:00:00,0.0,40.0,0.0,0.0,0.0,40.0,60.0,Winter,0.0,0.0,100.0,60.0
2020-02-23 06:00:00,0.0,40.0,0.0,0.0,0.0,40.0,60.0,Winter,0.0,0.0,100.0,60.0
2020-02-23 07:00:00,92.9088,100.0,0.0,0.0,0.0,7.091200000000001,0.0,Winter,5.1616,0.0,17.728,0.0
2020-02-23 08:00:00,1339.794,100.0,200.0,0.0,187.6166303929372,0.0,0.0,Winter,74.433,0.0,0.0,0.0
2020-02-23 09:00:00,1425.114,100.0,200.0,0.0,375.2332607858744,0.0,0.0,Winter,79.173,0.0,0.0,0.0
2020-02-23 10:00:00,1007.766,100.0,200.0,0.0,562.8498911788115,0.0,0.0,Winter,55.986999999999995,0.0,0.0,0.0
2020-02-23 11:00:00,1057.896,100.0,137.15010882118844,0.0,691.5080975540917,0.0,0.0,Winter,58.772000000000006,0.0,0.0,0.0
2020-02-23 12:00:00,858.834,100.0,8.491902445908286,0.0,699.4742081667259,0.0,0.0,Winter,47.712999999999994,0.0,0.0,0.0
2020-02-23 13:00:00,567.432,100.0,0.5257918332740664,0.0,699.9674446269609,0.0,0.0,Winter,31.524,0.0,0.0,0.0
2020-02-23 14:00:00,421.542,100.0,0.03255537303909659,0.0,699.9979842739149,0.0,0.0,Winter,23.418999999999997,0.0,0.0,0.0
2020-02-23 15:00:00,338.166,100.0,0.0020157260851701724,0.0,699.9998751925942,0.0,0.0,Winter,18.787000000000003,0.0,0.0,0.0
2020-02-23 16:00:00,140.0076,100.0,0.00012480740575119854,0.0,699.9999922723188,0.0,0.0,Winter,7.7782,0.0,0.0,0.0
2020-02-23 17:00:00,0.0,100.0,0.0,106.60035817780522,593.3996340945137,0.0,0.0,Winter,0.0,15.228622596829316,0.0,0.0
2020-02-23 18:00:00,0.0,100.0,0.0,106.60035817780522,486.7992759167084,0.0,0.0,Winter,0.0,15.228622596829316,0.0,0.0
2020-02-23 19:00:00,0.0,100.0,0.0,106.60035817780522,380.1989177389032,0.0,0.0,Winter,0.0,15.228622596829316,0.0,0.0
2020-02-23 20:00:00,0.0,100.0,0.0,106.60035817780522,273.598559561098,0.0,0.0,Winter,0.0,15.228622596829316,0.0,0.0
2020-02-23 21:00:00,0.0,100.0,0.0,106.60035817780522,166.99820138329278,0.0,0.0,Winter,0.0,15.228622596829316,0.0,0.0
2020-02-23 22:00:00,0.0,100.0,0.0,106.60035817780522,60.397843205487575,0.0,0.0,Winter,0.0,15.228622596829316,0.0,0.0
2020-02-23 23:00:00,0.0,96.65819912607267,0.0,60.397843205487575,0.0,40.0,3.341800873927326,Winter,0.0,8.628263315069654,100.0,3.341800873927326
2020-02-24 00:00:00,0.0,40.0,0.0,0.0,0.0,40.0,60.0,Winter,0.0,0.0,100.0,60.0
2020-02-24 01:00:00,0.0,40.0,0.0,0.0,0.0,40.0,60.0,Winter,0.0,0.0,100.0,60.0
2020-02-24 02:00:00,0.0,40.0,0.0,0.0,0.0,40.0,60.0,Winter,0.0,0.0,100.0,60.0
2020-02-24 03:00:00,0.0,40.0,0.0,0.0,0.0,40.0,60.0,Winter,0.0,0.0,100.0,60.0
2020-02-24 04:00:00,0.0,40.0,0.0,0.0,0.0,40.0,60.0,Winter,0.0,0.0,100.0,60.0
2020-02-24 05:00:00,0.0,40.0,0.0,0.0,0.0,40.0,60.0,Winter,0.0,0.0,100.0,60.0
2020-02-24 06:00:00,0.0,40.0,0.0,0.0,0.0,40.0,60.0,Winter,0.0,0.0,100.0,60.0
2020-02-24 07:00:00,706.068,100.0,200.0,0.0,187.6166303929372,0.0,0.0,Winter,39.226,0.0,0.0,0.0
2020-02-24 08:00:00,1957.716,100.0,200.0,0.0,375.2332607858744,0.0,0.0,Winter,108.762,0.0,0.0,0.0
2020-02-24 09:00:00,2210.508,100.0,200.0,0.0,562.8498911788115,0.0,0.0,Winter,122.806,0.0,0.0,0.0
2020-02-24 10:00:00,1659.852,100.0,137.15010882118844,0.0,691.5080975540917,0.0,0.0,Winter,92.21400000000001,0.0,0.0,0.0
2020-02-24 11:00:00,1405.89,100.0,8.491902445908286,0.0,699.4742081667259,0.0,0.0,Winter,78.105,0.0,0.0,0.0
2020-02-24 12:00:00,1318.428,100.0,0.5257918332740664,0.0,699.9674446269609,0.0,0.0,Winter,73.24600000000001,0.0,0.0,0.0
2020-02-24 13:00:00,2109.852,100.0,0.03255537303909659,0.0,699.9979842739149,0.0,0.0,Winter,117.214,0.0,0.0,0.0
2020-02-24 14:00:00,2461.428,100.0,0.0020157260851701724,0.0,699.9998751925942,0.0,0.0,Winter,136.74599999999998,0.0,0.0,0.0
2020-02-24 15:00:00,2253.348,100.0,0.00012480740575119854,0.0,699.9999922723188,0.0,0.0,Winter,125.18599999999999,0.0,0.0,0.0
2020-02-24 16:00:00,1238.814,100.0,7.727681193500757e-06,0.0,699.9999995215264,0.0,0.0,Winter,68.82300000000001,0.0,0.0,0.0
2020-02-24 17:00:00,74.898,100.0,0.0,26.75882190979267,673.2411776117336,0.0,0.0,Winter,4.1610000000000005,3.8226888442560956,0.0,0.0
2020-02-24 18:00:00,0.0,100.0,0.0,106.60035817780522,566.6408194339284,0.0,0.0,Winter,0.0,15.228622596829316,0.0,0.0
2020-02-24 19:00:00,0.0,100.0,0.0,106.60035817780522,460.04046125612325,0.0,0.0,Winter,0.0,15.228622596829316,0.0,0.0
2020-02-24 20:00:00,0.0,100.0,0.0,106.60035817780522,353.4401030783181,0.0,0.0,Winter,0.0,15.228622596829316,0.0,0.0
2020-02-24 21:00:00,0.0,100.0,0.0,106.60035817780522,246.83974490051287,0.0,0.0,Winter,0.0,15.228622596829316,0.0,0.0
2020-02-24 22:00:00,0.0,100.0,0.0,106.60035817780522,140.23938672270765,0.0,0.0,Winter,0.0,15.228622596829316,0.0,0.0
2020-02-24 23:00:00,0.0,100.0,0.0,106.60035817780522,33.63902854490244,0.0,0.0,Winter,0.0,15.228622596829316,0.0,0.0
2020-02-25 00:00:00,0.0,71.55620592643211,0.0,33.63902854490244,0.0,40.0,28.443794073567886,Winter,0.0,4.805575506414634,100.0,28.443794073567886
2020-02-25 01:00:00,0.0,40.0,0.0,0.0,0.0,40.0,60.0,Winter,0.0,0.0,100.0,60.0
2020-02-25 02:00:00,0.0,40.0,0.0,0.0,0.0,40.0,60.0,Winter,0.0,0.0,100.0,60.0
2020-02-25 03:00:00,0.0,40.0,0.0,0.0,0.0,40.0,60.0,Winter,0.0,0.0,100.0,60.0
2020-02-25 04:00:00,0.0,40.0,0.0,0.0,0.0,40.0,60.0,Winter,0.0,0.0,100.0,60.0
2020-02-25 05:00:00,0.0,40.0,0.0,0.0,0.0,40.0,60.0,Winter,0.0,0.0,100.0,60.0
2020-02-25 06:00:00,0.0,40.0,0.0,0.0,0.0,40.0,60.0,Winter,0.0,0.0,100.0,60.0
2020-02-25 07:00:00,593.118,100.0,200.0,0.0,187.6166303929372,0.0,0.0,Winter,32.951,0.0,0.0,0.0
2020-02-25 08:00:00,1717.65,100.0,200.0,0.0,375.2332607858744,0.0,0.0,Winter,95.42500000000001,0.0,0.0,0.0
2020-02-25 09:00:00,2126.772,100.0,200.0,0.0,562.8498911788115,0.0,0.0,Winter,118.154,0.0,0.0,0.0
2020-02-25 10:00:00,2224.764,100.0,137.15010882118844,0.0,691.5080975540917,0.0,0.0,Winter,123.59800000000001,0.0,0.0,0.0
2020-02-25 11:00:00,2189.61,100.0,8.491902445908286,0.0,699.4742081667259,0.0,0.0,Winter,121.64500000000001,0.0,0.0,0.0
2020-02-25 12:00:00,2107.026,100.0,0.5257918332740664,0.0,699.9674446269609,0.0,0.0,Winter,117.05699999999999,0.0,0.0,0.0
2020-02-25 13:00:00,2075.76,100.0,0.03255537303909659,0.0,699.9979842739149,0.0,0.0,Winter,115.32000000000002,0.0,0.0,0.0
2020-02-25 14:00:00,2064.924,100.0,0.0020157260851701724,0.0,699.9998751925942,0.0,0.0,Winter,114.718,0.0,0.0,0.0
2020-02-25 15:00:00,1958.166,100.0,0.00012480740575119854,0.0,699.9999922723188,0.0,0.0,Winter,108.78699999999999,0.0,0.0,0.0
2020-02-25 16:00:00,1082.952,100.0,7.727681193500757e-06,0.0,699.9999995215264,0.0,0.0,Winter,60.163999999999994,0.0,0.0,0.0
2020-02-25 17:00:00,59.4306,100.0,0.0,43.24712571058651,656.7528738109398,0.0,0.0,Winter,3.3017,6.178160815798073,0.0,0.0
2020-02-25 18:00:00,0.0,100.0,0.0,106.60035817780522,550.1525156331346,0.0,0.0,Winter,0.0,15.228622596829316,0.0,0.0
2020-02-25 19:00:00,0.0,100.0,0.0,106.60035817780522,443.55215745532945,0.0,0.0,Winter,0.0,15.228622596829316,0.0,0.0
2020-02-25 20:00:00,0.0,100.0,0.0,106.60035817780522,336.95179927752423,0.0,0.0,Winter,0.0,15.228622596829316,0.0,0.0
2020-02-25 21:00:00,0.0,100.0,0.0,106.60035817780522,230.35144109971904,0.0,0.0,Winter,0.0,15.228622596829316,0.0,0.0
2020-02-25 22:00:00,0.0,100.0,0.0,106.60035817780522,123.7510829219138,0.0,0.0,Winter,0.0,15.228622596829316,0.0,0.0
2020-02-25 23:00:00,0.0,100.0,0.0,106.60035817780522,17.150724744108594,0.0,0.0,Winter,0.0,15.228622596829316,0.0,0.0
2020-02-26 00:00:00,0.0,56.08880592643212,0.0,17.150724744108594,0.0,40.0,43.911194073567884,Winter,0.0,2.4501035348726563,100.0,43.911194073567884
2020-02-26 01:00:00,0.0,40.0,0.0,0.0,0.0,40.0,60.0,Winter,0.0,0.0,100.0,60.0
2020-02-26 02:00:00,0.0,40.0,0.0,0.0,0.0,40.0,60.0,Winter,0.0,0.0,100.0,60.0
2020-02-26 03:00:00,0.0,40.0,0.0,0.0,0.0,40.0,60.0,Winter,0.0,0.0,100.0,60.0
2020-02-26 04:00:00,0.0,40.0,0.0,0.0,0.0,40.0,60.0,Winter,0.0,0.0,100.0,60.0
2020-02-26 05:00:00,0.0,40.0,0.0,0.0,0.0,40.0,60.0,Winter,0.0,0.0,100.0,60.0
2020-02-26 06:00:00,15.012,55.012,0.0,0.0,0.0,40.0,44.988,Winter,0.8340000000000001,0.0,100.0,44.988
2020-02-26 07:00:00,685.926,100.0,200.0,0.0,187.6166303929372,0.0,0.0,Winter,38.107,0.0,0.0,0.0
2020-02-26 08:00:00,1778.058,100.0,200.0,0.0,375.2332607858744,0.0,0.0,Winter,98.78099999999999,0.0,0.0,0.0
2020-02-26 09:00:00,2014.326,100.0,200.0,0.0,562.8498911788115,0.0,0.0,Winter,111.907,0.0,0.0,0.0
2020-02-26 10:00:00,2112.552,100.0,137.15010882118844,0.0,691.5080975540917,0.0,0.0,Winter,117.364,0.0,0.0,0.0
2020-02-26 11:00:00,2245.716,100.0,8.491902445908286,0.0,699.4742081667259,0.0,0.0,Winter,124.762,0.0,0.0,0.0
2020-02-26 12:00:00,2315.412,100.0,0.5257918332740664,0.0,699.9674446269609,0.0,0.0,Winter,128.634,0.0,0.0,0.0
2020-02-26 13:00:00,2392.182,100.0,0.03255537303909659,0.0,699.9979842739149,0.0,0.0,Winter,132.899,0.0,0.0,0.0
2020-02-26 14:00:00,2405.7,100.0,0.0020157260851701724,0.0,699.9998751925942,0.0,0.0,Winter,133.64999999999998,0.0,0.0,0.0
2020-02-26 15:00:00,2102.364,100.0,0.00012480740575119854,0.0,699.9999922723188,0.0,0.0,Winter,116.798,0.0,0.0,0.0
2020-02-26 16:00:00,1130.292,100.0,7.727681193500757e-06,0.0,699.9999995215264,0.0,0.0,Winter,62.794,0.0,0.0,0.0
2020-02-26 17:00:00,58.3416,100.0,0.0,44.40800361114281,655.5919959103835,0.0,0.0,Winter,3.2411999999999996,6.3440005158775445,0.0,0.0
2020-02-26 18:00:00,0.0,100.0,0.0,106.60035817780522,548.9916377325783,0.0,0.0,Winter,0.0,15.228622596829316,0.0,0.0
2020-02-26 19:00:00,0.0,100.0,0.0,106.60035817780522,442.3912795547731,0.0,0.0,Winter,0.0,15.228622596829316,0.0,0.0
2020-02-26 20:00:00,0.0,100.0,0.0,106.60035817780522,335.7909213769679,0.0,0.0,Winter,0.0,15.228622596829316,0.0,0.0
2020-02-26 21:00:00,0.0,100.0,0.0,106.60035817780522,229.1905631991627,0.0,0.0,Winter,0.0,15.228622596829316,0.0,0.0
2020-02-26 22:00:00,0.0,100.0,0.0,106.60035817780522,122.5902050213575,0.0,0.0,Winter,0.0,15.228622596829316,0.0,0.0
2020-02-26 23:00:00,0.0,100.0,0.0,106.60035817780522,15.98984684355228,0.0,0.0,Winter,0.0,15.228622596829316,0.0,0.0
2020-02-27 00:00:00,0.0,54.99980592643211,0.0,15.98984684355228,0.0,40.0,45.0001940735679,Winter,0.0,2.2842638347931827,100.0,45.0001940735679
2020-02-27 01:00:00,0.0,40.0,0.0,0.0,0.0,40.0,60.0,Winter,0.0,0.0,100.0,60.0
2020-02-27 02:00:00,0.0,40.0,0.0,0.0,0.0,40.0,60.0,Winter,0.0,0.0,100.0,60.0
2020-02-27 03:00:00,0.0,40.0,0.0,0.0,0.0,40.0,60.0,Winter,0.0,0.0,100.0,60.0
2020-02-27 04:00:00,0.0,40.0,0.0,0.0,0.0,40.0,60.0,Winter,0.0,0.0,100.0,60.0
2020-02-27 05:00:00,0.0,40.0,0.0,0.0,0.0,40.0,60.0,Winter,0.0,0.0,100.0,60.0
2020-02-27 06:00:00,0.0,40.0,0.0,0.0,0.0,40.0,60.0,Winter,0.0,0.0,100.0,60.0
2020-02-27 07:00:00,654.012,100.0,200.0,0.0,187.6166303929372,0.0,0.0,Winter,36.334,0.0,0.0,0.0
2020-02-27 08:00:00,1709.334,100.0,200.0,0.0,375.2332607858744,0.0,0.0,Winter,94.96300000000001,0.0,0.0,0.0
2020-02-27 09:00:00,2012.886,100.0,200.0,0.0,562.8498911788115,0.0,0.0,Winter,111.82699999999998,0.0,0.0,0.0
2020-02-27 10:00:00,2091.654,100.0,137.15010882118844,0.0,691.5080975540917,0.0,0.0,Winter,116.20299999999999,0.0,0.0,0.0
2020-02-27 11:00:00,2176.938,100.0,8.491902445908286,0.0,699.4742081667259,0.0,0.0,Winter,120.941,0.0,0.0,0.0
2020-02-27 12:00:00,2245.95,100.0,0.5257918332740664,0.0,699.9674446269609,0.0,0.0,Winter,124.77499999999999,0.0,0.0,0.0
2020-02-27 13:00:00,2330.46,100.0,0.03255537303909659,0.0,699.9979842739149,0.0,0.0,Winter,129.47,0.0,0.0,0.0
2020-02-27 14:00:00,2270.826,100.0,0.0020157260851701724,0.0,699.9998751925942,0.0,0.0,Winter,126.15700000000001,0.0,0.0,0.0
2020-02-27 15:00:00,2004.894,100.0,0.00012480740575119854,0.0,699.9999922723188,0.0,0.0,Winter,111.38300000000001,0.0,0.0,0.0
2020-02-27 16:00:00,1120.248,100.0,7.727681193500757e-06,0.0,699.9999995215264,0.0,0.0,Winter,62.236000000000004,0.0,0.0,0.0
2020-02-27 17:00:00,74.82419999999999,100.0,0.0,26.837492974127894,673.1625065473985,0.0,0.0,Winter,4.156899999999999,3.833927567732556,0.0,0.0
2020-02-27 18:00:00,0.0,100.0,0.0,106.60035817780522,566.5621483695933,0.0,0.0,Winter,0.0,15.228622596829316,0.0,0.0
2020-02-27 19:00:00,0.0,100.0,0.0,106.60035817780522,459.9617901917881,0.0,0.0,Winter,0.0,15.228622596829316,0.0,0.0
2020-02-27 20:00:00,0.0,100.0,0.0,106.60035817780522,353.3614320139829,0.0,0.0,Winter,0.0,15.228622596829316,0.0,0.0
2020-02-27 21:00:00,0.0,100.0,0.0,106.60035817780522,246.7610738361777,0.0,0.0,Winter,0.0,15.228622596829316,0.0,0.0
2020-02-27 22:00:00,0.0,100.0,0.0,106.60035817780522,140.1607156583725,0.0,0.0,Winter,0.0,15.228622596829316,0.0,0.0
2020-02-27 23:00:00,0.0,100.0,0.0,106.60035817780522,33.56035748056728,0.0,0.0,Winter,0.0,15.228622596829316,0.0,0.0
2020-02-28 00:00:00,0.0,71.48240592643218,0.0,33.56035748056728,0.0,40.0,28.51759407356782,Winter,0.0,4.794336782938183,100.0,28.51759407356782
2020-02-28 01:00:00,0.0,40.0,0.0,0.0,0.0,40.0,60.0,Winter,0.0,0.0,100.0,60.0
2020-02-28 02:00:00,0.0,40.0,0.0,0.0,0.0,40.0,60.0,Winter,0.0,0.0,100.0,60.0
2020-02-28 03:00:00,0.0,40.0,0.0,0.0,0.0,40.0,60.0,Winter,0.0,0.0,100.0,60.0
2020-02-28 04:00:00,0.0,40.0,0.0,0.0,0.0,40.0,60.0,Winter,0.0,0.0,100.0,60.0
2020-02-28 05:00:00,0.0,40.0,0.0,0.0,0.0,40.0,60.0,Winter,0.0,0.0,100.0,60.0
2020-02-28 06:00:00,16.828739999999996,56.828739999999996,0.0,0.0,0.0,40.0,43.171260000000004,Winter,0.9349299999999998,0.0,100.0,43.171260000000004
2020-02-28 07:00:00,692.856,100.0,200.0,0.0,187.6166303929372,0.0,0.0,Winter,38.492,0.0,0.0,0.0
2020-02-28 08:00:00,1516.644,100.0,200.0,0.0,375.2332607858744,0.0,0.0,Winter,84.258,0.0,0.0,0.0
2020-02-28 09:00:00,532.62,100.0,200.0,0.0,562.8498911788115,0.0,0.0,Winter,29.59,0.0,0.0,0.0
2020-02-28 10:00:00,662.184,100.0,137.15010882118844,0.0,691.5080975540917,0.0,0.0,Winter,36.788,0.0,0.0,0.0
2020-02-28 11:00:00,521.82,100.0,8.491902445908286,0.0,699.4742081667259,0.0,0.0,Winter,28.990000000000006,0.0,0.0,0.0
2020-02-28 12:00:00,1320.102,100.0,0.5257918332740664,0.0,699.9674446269609,0.0,0.0,Winter,73.33900000000001,0.0,0.0,0.0
2020-02-28 13:00:00,655.542,100.0,0.03255537303909659,0.0,699.9979842739149,0.0,0.0,Winter,36.419000000000004,0.0,0.0,0.0
2020-02-28 14:00:00,373.212,100.0,0.0020157260851701724,0.0,699.9998751925942,0.0,0.0,Winter,20.733999999999998,0.0,0.0,0.0
2020-02-28 15:00:00,233.172,100.0,0.00012480740575119854,0.0,699.9999922723188,0.0,0.0,Winter,12.953999999999999,0.0,0.0,0.0
2020-02-28 16:00:00,162.04680000000002,100.0,7.727681193500757e-06,0.0,699.9999995215264,0.0,0.0,Winter,9.002600000000001,0.0,0.0,0.0
2020-02-28 17:00:00,43.245,100.0,0.0,60.50103328381335,639.498966237713,0.0,0.0,Winter,2.4025,8.643004754830478,0.0,0.0
2020-02-28 18:00:00,0.0,100.0,0.0,106.60035817780522,532.8986080599078,0.0,0.0,Winter,0.0,15.228622596829316,0.0,0.0
2020-02-28 19:00:00,0.0,100.0,0.0,106.60035817780522,426.2982498821026,0.0,0.0,Winter,0.0,15.228622596829316,0.0,0.0
2020-02-28 20:00:00,0.0,100.0,0.0,106.60035817780522,319.6978917042974,0.0,0.0,Winter,0.0,15.228622596829316,0.0,0.0
2020-02-28 21:00:00,0.0,100.0,0.0,106.60035817780522,213.09753352649219,0.0,0.0,Winter,0.0,15.228622596829316,0.0,0.0
2020-02-28 22:00:00,0.0,100.0,0.0,106.60035817780522,106.49717534868697,0.0,0.0,Winter,0.0,15.228622596829316,0.0,0.0
2020-02-28 23:00:00,0.0,100.0,0.0,106.49717534868697,0.0,0.09679407356787806,0.0,Winter,0.0,15.213882192669567,0.24198518391969512,0.0
2020-02-29 00:00:00,0.0,40.0,0.0,0.0,0.0,40.0,60.0,Winter,0.0,0.0,100.0,60.0
2020-02-29 01:00:00,0.0,40.0,0.0,0.0,0.0,40.0,60.0,Winter,0.0,0.0,100.0,60.0
2020-02-29 02:00:00,0.0,40.0,0.0,0.0,0.0,40.0,60.0,Winter,0.0,0.0,100.0,60.0
2020-02-29 03:00:00,0.0,40.0,0.0,0.0,0.0,40.0,60.0,Winter,0.0,0.0,100.0,60.0
2020-02-29 04:00:00,0.0,40.0,0.0,0.0,0.0,40.0,60.0,Winter,0.0,0.0,100.0,60.0
2020-02-29 05:00:00,0.0,40.0,0.0,0.0,0.0,40.0,60.0,Winter,0.0,0.0,100.0,60.0
2020-02-29 06:00:00,0.0,40.0,0.0,0.0,0.0,40.0,60.0,Winter,0.0,0.0,100.0,60.0
2020-02-29 07:00:00,1254.006,100.0,200.0,0.0,187.6166303929372,0.0,0.0,Winter,69.667,0.0,0.0,0.0
2020-02-29 08:00:00,2455.11,100.0,200.0,0.0,375.2332607858744,0.0,0.0,Winter,136.395,0.0,0.0,0.0
2020-02-29 09:00:00,2490.246,100.0,200.0,0.0,562.8498911788115,0.0,0.0,Winter,138.347,0.0,0.0,0.0
2020-02-29 10:00:00,2363.238,100.0,137.15010882118844,0.0,691.5080975540917,0.0,0.0,Winter,131.29099999999997,0.0,0.0,0.0
2020-02-29 11:00:00,2226.546,100.0,8.491902445908286,0.0,699.4742081667259,0.0,0.0,Winter,123.69699999999999,0.0,0.0,0.0
2020-02-29 12:00:00,1905.804,100.0,0.5257918332740664,0.0,699.9674446269609,0.0,0.0,Winter,105.878,0.0,0.0,0.0
2020-02-29 13:00:00,1843.182,100.0,0.03255537303909659,0.0,699.9979842739149,0.0,0.0,Winter,102.399,0.0,0.0,0.0
2020-02-29 14:00:00,2369.736,100.0,0.0020157260851701724,0.0,699.9998751925942,0.0,0.0,Winter,131.652,0.0,0.0,0.0
2020-02-29 15:00:00,2388.798,100.0,0.00012480740575119854,0.0,699.9999922723188,0.0,0.0,Winter,132.71099999999998,0.0,0.0,0.0
2020-02-29 16:00:00,1694.106,100.0,7.727681193500757e-06,0.0,699.9999995215264,0.0,0.0,Winter,94.11699999999999,0.0,0.0,0.0
2020-02-29 17:00:00,95.39640000000001,100.0,0.0,4.9074540890734255,695.0925454324529,0.0,0.0,Winter,5.299800000000001,0.7010648698676322,0.0,0.0
2020-02-29 18:00:00,0.0,100.0,0.0,106.60035817780522,588.4921872546478,0.0,0.0,Winter,0.0,15.228622596829316,0.0,0.0
2020-02-29 19:00:00,0.0,100.0,0.0,106.60035817780522,481.8918290768425,0.0,0.0,Winter,0.0,15.228622596829316,0.0,0.0
2020-02-29 20:00:00,0.0,100.0,0.0,106.60035817780522,375.29147089903734,0.0,0.0,Winter,0.0,15.228622596829316,0.0,0.0
2020-02-29 21:00:00,0.0,100.0,0.0,106.60035817780522,268.6911127212321,0.0,0.0,Winter,0.0,15.228622596829316,0.0,0.0
2020-02-29 22:00:00,0.0,100.0,0.0,106.60035817780522,162.09075454342693,0.0,0.0,Winter,0.0,15.228622596829316,0.0,0.0
2020-02-29 23:00:00,0.0,100.0,0.0,106.60035817780522,55.49039636562169,0.0,0.0,Winter,0.0,15.228622596829316,0.0,0.0
2020-03-01 00:00:00,0.0,92.05460592643215,0.0,55.49039636562169,0.0,40.0,7.945394073567847,Spring,0.0,7.9271994808030986,100.0,7.945394073567848
2020-03-01 01:00:00,0.0,40.0,0.0,0.0,0.0,40.0,60.0,Spring,0.0,0.0,100.0,60.0
2020-03-01 02:00:00,0.0,40.0,0.0,0.0,0.0,40.0,60.0,Spring,0.0,0.0,100.0,60.0
2020-03-01 03:00:00,0.0,40.0,0.0,0.0,0.0,40.0,60.0,Spring,0.0,0.0,100.0,60.0
2020-03-01 04:00:00,0.0,40.0,0.0,0.0,0.0,40.0,60.0,Spring,0.0,0.0,100.0,60.0
2020-03-01 05:00:00,0.0,40.0,0.0,0.0,0.0,40.0,60.0,Spring,0.0,0.0,100.0,60.0
2020-03-01 06:00:00,33.0606,73.0606,0.0,0.0,0.0,40.0,26.939400000000006,Spring,1.8367000000000002,0.0,100.0,26.939400000000006
2020-03-01 07:00:00,160.05419999999998,100.0,60.05419999999998,0.0,56.335833224717625,0.0,0.0,Spring,8.891899999999998,0.0,0.0,0.0
2020-03-01 08:00:00,146.1294,100.0,46.129400000000004,0.0,99.60904617495741,0.0,0.0,Spring,8.118300000000001,0.0,0.0,0.0
2020-03-01 09:00:00,317.322,100.0,200.0,0.0,287.22567656789465,0.0,0.0,Spring,17.629,0.0,0.0,0.0
2020-03-01 10:00:00,687.582,100.0,200.0,0.0,474.8423069608319,0.0,0.0,Spring,38.199,0.0,0.0,0.0
2020-03-01 11:00:00,2134.278,100.0,200.0,0.0,662.4589373537691,0.0,0.0,Spring,118.57099999999998,0.0,0.0,0.0
2020-03-01 12:00:00,2155.23,100.0,37.54106264623091,0.0,697.6755757290491,0.0,0.0,Spring,119.73499999999999,0.0,0.0,0.0
2020-03-01 13:00:00,2254.41,100.0,2.32442427095084,0.0,699.8560789756459,0.0,0.0,Spring,125.24499999999999,0.0,0.0,0.0
2020-03-01 14:00:00,2351.754,100.0,0.14392102435405832,0.0,699.991088863806,0.0,0.0,Spring,130.653,0.0,0.0,0.0
2020-03-01 15:00:00,2404.944,100.0,0.008911136194015854,0.0,699.9994482505344,0.0,0.0,Spring,133.608,0.0,0.0,0.0
2020-03-01 16:00:00,1904.472,100.0,0.000551749465521425,0.0,699.9999658374122,0.0,0.0,Spring,105.804,0.0,0.0,0.0
2020-03-01 17:00:00,172.9854,100.0,3.416258783545345e-05,0.0,699.9999978847602,0.0,0.0,Spring,9.610299999999999,0.0,0.0,0.0
2020-03-01 18:00:00,0.0,100.0,0.0,106.60035817780522,593.3996397069551,0.0,0.0,Spring,0.0,15.228622596829316,0.0,0.0
2020-03-01 19:00:00,0.0,100.0,0.0,106.60035817780522,486.7992815291499,0.0,0.0,Spring,0.0,15.228622596829316,0.0,0.0
2020-03-01 20:00:00,0.0,100.0,0.0,106.60035817780522,380.19892335134466,0.0,0.0,Spring,0.0,15.228622596829316,0.0,0.0
2020-03-01 21:00:00,0.0,100.0,0.0,106.60035817780522,273.59856517353944,0.0,0.0,Spring,0.0,15.228622596829316,0.0,0.0
2020-03-01 22:00:00,0.0,100.0,0.0,106.60035817780522,166.99820699573425,0.0,0.0,Spring,0.0,15.228622596829316,0.0,0.0
2020-03-01 23:00:00,0.0,100.0,0.0,106.60035817780522,60.39784881792903,0.0,0.0,Spring,0.0,15.228622596829316,0.0,0.0
2020-03-02 00:00:00,0.0,96.65820439100945,0.0,60.39784881792903,0.0,40.0,3.3417956089905516,Spring,0.0,8.628264116847005,100.0,3.341795608990552
2020-03-02 01:00:00,0.0,40.0,0.0,0.0,0.0,40.0,60.0,Spring,0.0,0.0,100.0,60.0
2020-03-02 02:00:00,0.0,40.0,0.0,0.0,0.0,40.0,60.0,Spring,0.0,0.0,100.0,60.0
2020-03-02 03:00:00,0.0,40.0,0.0,0.0,0.0,40.0,60.0,Spring,0.0,0.0,100.0,60.0
2020-03-02 04:00:00,0.0,40.0,0.0,0.0,0.0,40.0,60.0,Spring,0.0,0.0,100.0,60.0
2020-03-02 05:00:00,0.0,40.0,0.0,0.0,0.0,40.0,60.0,Spring,0.0,0.0,100.0,60.0
2020-03-02 06:00:00,30.499200000000002,70.4992,0.0,0.0,0.0,40.0,29.500799999999998,Spring,1.6944000000000001,0.0,100.0,29.500799999999998
2020-03-02 07:00:00,1295.352,100.0,200.0,0.0,187.6166303929372,0.0,0.0,Spring,71.964,0.0,0.0,0.0
2020-03-02 08:00:00,2340.648,100.0,200.0,0.0,375.2332607858744,0.0,0.0,Spring,130.03600000000003,0.0,0.0,0.0
2020-03-02 09:00:00,2423.124,100.0,200.0,0.0,562.8498911788115,0.0,0.0,Spring,134.618,0.0,0.0,0.0
2020-03-02 10:00:00,1965.024,100.0,137.15010882118844,0.0,691.5080975540917,0.0,0.0,Spring,109.16799999999999,0.0,0.0,0.0
2020-03-02 11:00:00,2033.478,100.0,8.491902445908286,0.0,699.4742081667259,0.0,0.0,Spring,112.971,0.0,0.0,0.0
2020-03-02 12:00:00,1968.678,100.0,0.5257918332740664,0.0,699.9674446269609,0.0,0.0,Spring,109.371,0.0,0.0,0.0
2020-03-02 13:00:00,2107.044,100.0,0.03255537303909659,0.0,699.9979842739149,0.0,0.0,Spring,117.05799999999999,0.0,0.0,0.0
2020-03-02 14:00:00,1034.244,100.0,0.0020157260851701724,0.0,699.9998751925942,0.0,0.0,Spring,57.458,0.0,0.0,0.0
2020-03-02 15:00:00,586.602,100.0,0.00012480740575119854,0.0,699.9999922723188,0.0,0.0,Spring,32.589,0.0,0.0,0.0
2020-03-02 16:00:00,694.152,100.0,7.727681193500757e-06,0.0,699.9999995215264,0.0,0.0,Spring,38.56400000000001,0.0,0.0,0.0
2020-03-02 17:00:00,119.80980000000001,100.0,4.784736083820462e-07,0.0,699.9999999703743,0.0,0.0,Spring,6.656100000000001,0.0,0.0,0.0
2020-03-02 18:00:00,0.0,100.0,0.0,106.60035817780522,593.3996417925692,0.0,0.0,Spring,0.0,15.228622596829316,0.0,0.0
2020-03-02 19:00:00,0.0,100.0,0.0,106.60035817780522,486.79928361476397,0.0,0.0,Spring,0.0,15.228622596829316,0.0,0.0
2020-03-02 20:00:00,0.0,100.0,0.0,106.60035817780522,380.1989254369588,0.0,0.0,Spring,0.0,15.228622596829316,0.0,0.0
2020-03-02 21:00:00,0.0,100.0,0.0,106.60035817780522,273.5985672591536,0.0,0.0,Spring,0.0,15.228622596829316,0.0,0.0
2020-03-02 22:00:00,0.0,100.0,0.0,106.60035817780522,166.9982090813484,0.0,0.0,Spring,0.0,15.228622596829316,0.0,0.0
2020-03-02 23:00:00,0.0,100.0,0.0,106.60035817780522,60.397850903543166,0.0,0.0,Spring,0.0,15.228622596829316,0.0,0.0
2020-03-03 00:00:00,0.0,96.65820634748893,0.0,60.397850903543166,0.0,40.0,3.341793652511072,Spring,0.0,8.62826441479188,100.0,3.3417936525110723
2020-03-03 01:00:00,0.0,40.0,0.0,0.0,0.0,40.0,60.0,Spring,0.0,0.0,100.0,60.0
2020-03-03 02:00:00,0.0,40.0,0.0,0.0,0.0,40.0,60.0,Spring,0.0,0.0,100.0,60.0
2020-03-03 03:00:00,0.0,40.0,0.0,0.0,0.0,40.0,60.0,Spring,0.0,0.0,100.0,60.0
2020-03-03 04:00:00,0.0,40.0,0.0,0.0,0.0,40.0,60.0,Spring,0.0,0.0,100.0,60.0
2020-03-03 05:00:00,0.0,40.0,0.0,0.0,0.0,40.0,60.0,Spring,0.0,0.0,100.0,60.0
2020-03-03 06:00:00,44.74079999999999,84.7408,0.0,0.0,0.0,40.0,15.259200000000007,Spring,2.4856,0.0,100.0,15.259200000000007
2020-03-03 07:00:00,453.186,100.0,200.0,0.0,187.6166303929372,0.0,0.0,Spring,25.177,0.0,0.0,0.0
2020-03-03 08:00:00,756.486,100.0,200.0,0.0,375.2332607858744,0.0,0.0,Spring,42.027,0.0,0.0,0.0
2020-03-03 09:00:00,745.488,100.0,200.0,0.0,562.8498911788115,0.0,0.0,Spring,41.416000000000004,0.0,0.0,0.0
2020-03-03 10:00:00,1372.374,100.0,137.15010882118844,0.0,691.5080975540917,0.0,0.0,Spring,76.24300000000001,0.0,0.0,0.0
2020-03-03 11:00:00,1889.208,100.0,8.491902445908286,0.0,699.4742081667259,0.0,0.0,Spring,104.956,0.0,0.0,0.0
2020-03-03 12:00:00,1754.082,100.0,0.5257918332740664,0.0,699.9674446269609,0.0,0.0,Spring,97.44900000000001,0.0,0.0,0.0
2020-03-03 13:00:00,2016.576,100.0,0.03255537303909659,0.0,699.9979842739149,0.0,0.0,Spring,112.032,0.0,0.0,0.0
2020-03-03 14:00:00,931.986,100.0,0.0020157260851701724,0.0,699.9998751925942,0.0,0.0,Spring,51.776999999999994,0.0,0.0,0.0
2020-03-03 15:00:00,1389.528,100.0,0.00012480740575119854,0.0,699.9999922723188,0.0,0.0,Spring,77.196,0.0,0.0,0.0
2020-03-03 16:00:00,1621.062,100.0,7.727681193500757e-06,0.0,699.9999995215264,0.0,0.0,Spring,90.05899999999998,0.0,0.0,0.0
2020-03-03 17:00:00,199.098,100.0,4.784736083820462e-07,0.0,699.9999999703743,0.0,0.0,Spring,11.061000000000002,0.0,0.0,0.0
2020-03-03 18:00:00,0.0,100.0,0.0,106.60035817780522,593.3996417925692,0.0,0.0,Spring,0.0,15.228622596829316,0.0,0.0
2020-03-03 19:00:00,0.0,100.0,0.0,106.60035817780522,486.79928361476397,0.0,0.0,Spring,0.0,15.228622596829316,0.0,0.0
2020-03-03 20:00:00,0.0,100.0,0.0,106.60035817780522,380.1989254369588,0.0,0.0,Spring,0.0,15.228622596829316,0.0,0.0
2020-03-03 21:00:00,0.0,100.0,0.0,106.60035817780522,273.5985672591536,0.0,0.0,Spring,0.0,15.228622596829316,0.0,0.0
2020-03-03 22:00:00,0.0,100.0,0.0,106.60035817780522,166.9982090813484,0.0,0.0,Spring,0.0,15.228622596829316,0.0,0.0
2020-03-03 23:00:00,0.0,100.0,0.0,106.60035817780522,60.397850903543166,0.0,0.0,Spring,0.0,15.228622596829316,0.0,0.0
2020-03-04 00:00:00,0.0,96.65820634748893,0.0,60.397850903543166,0.0,40.0,3.341793652511072,Spring,0.0,8.62826441479188,100.0,3.3417936525110723
2020-03-04 01:00:00,0.0,40.0,0.0,0.0,0.0,40.0,60.0,Spring,0.0,0.0,100.0,60.0
2020-03-04 02:00:00,0.0,40.0,0.0,0.0,0.0,40.0,60.0,Spring,0.0,0.0,100.0,60.0
2020-03-04 03:00:00,0.0,40.0,0.0,0.0,0.0,40.0,60.0,Spring,0.0,0.0,100.0,60.0
2020-03-04 04:00:00,0.0,40.0,0.0,0.0,0.0,40.0,60.0,Spring,0.0,0.0,100.0,60.0
2020-03-04 05:00:00,0.0,40.0,0.0,0.0,0.0,40.0,60.0,Spring,0.0,0.0,100.0,60.0
2020-03-04 06:00:00,47.059200000000004,87.0592,0.0,0.0,0.0,40.0,12.940799999999996,Spring,2.6144,0.0,100.0,12.940799999999996
2020-03-04 07:00:00,1188.918,100.0,200.0,0.0,187.6166303929372,0.0,0.0,Spring,66.05099999999999,0.0,0.0,0.0
2020-03-04 08:00:00,1428.696,100.0,200.0,0.0,375.2332607858744,0.0,0.0,Spring,79.372,0.0,0.0,0.0
2020-03-04 09:00:00,1865.538,100.0,200.0,0.0,562.8498911788115,0.0,0.0,Spring,103.641,0.0,0.0,0.0
2020-03-04 10:00:00,1549.926,100.0,137.15010882118844,0.0,691.5080975540917,0.0,0.0,Spring,86.107,0.0,0.0,0.0
2020-03-04 11:00:00,1845.792,100.0,8.491902445908286,0.0,699.4742081667259,0.0,0.0,Spring,102.544,0.0,0.0,0.0
2020-03-04 12:00:00,1412.514,100.0,0.5257918332740664,0.0,699.9674446269609,0.0,0.0,Spring,78.473,0.0,0.0,0.0
2020-03-04 13:00:00,1591.812,100.0,0.03255537303909659,0.0,699.9979842739149,0.0,0.0,Spring,88.434,0.0,0.0,0.0
2020-03-04 14:00:00,1353.114,100.0,0.0020157260851701724,0.0,699.9998751925942,0.0,0.0,Spring,75.173,0.0,0.0,0.0
2020-03-04 15:00:00,239.436,100.0,0.00012480740575119854,0.0,699.9999922723188,0.0,0.0,Spring,13.302,0.0,0.0,0.0
2020-03-04 16:00:00,285.3,100.0,7.727681193500757e-06,0.0,699.9999995215264,0.0,0.0,Spring,15.85,0.0,0.0,0.0
2020-03-04 17:00:00,134.99280000000002,100.0,4.784736083820462e-07,0.0,699.9999999703743,0.0,0.0,Spring,7.499600000000001,0.0,0.0,0.0
2020-03-04 18:00:00,0.0,100.0,0.0,106.60035817780522,593.3996417925692,0.0,0.0,Spring,0.0,15.228622596829316,0.0,0.0
2020-03-04 19:00:00,0.0,100.0,0.0,106.60035817780522,486.79928361476397,0.0,0.0,Spring,0.0,15.228622596829316,0.0,0.0
2020-03-04 20:00:00,0.0,100.0,0.0,106.60035817780522,380.1989254369588,0.0,0.0,Spring,0.0,15.228622596829316,0.0,0.0
2020-03-04 21:00:00,0.0,100.0,0.0,106.60035817780522,273.5985672591536,0.0,0.0,Spring,0.0,15.228622596829316,0.0,0.0
2020-03-04 22:00:00,0.0,100.0,0.0,106.60035817780522,166.9982090813484,0.0,0.0,Spring,0.0,15.228622596829316,0.0,0.0
2020-03-04 23:00:00,0.0,100.0,0.0,106.60035817780522,60.397850903543166,0.0,0.0,Spring,0.0,15.228622596829316,0.0,0.0
2020-03-05 00:00:00,0.0,96.65820634748893,0.0,60.397850903543166,0.0,40.0,3.341793652511072,Spring,0.0,8.62826441479188,100.0,3.3417936525110723
2020-03-05 01:00:00,0.0,40.0,0.0,0.0,0.0,40.0,60.0,Spring,0.0,0.0,100.0,60.0
2020-03-05 02:00:00,0.0,40.0,0.0,0.0,0.0,40.0,60.0,Spring,0.0,0.0,100.0,60.0
2020-03-05 03:00:00,0.0,40.0,0.0,0.0,0.0,40.0,60.0,Spring,0.0,0.0,100.0,60.0
2020-03-05 04:00:00,0.0,40.0,0.0,0.0,0.0,40.0,60.0,Spring,0.0,0.0,100.0,60.0
2020-03-05 05:00:00,0.0,40.0,0.0,0.0,0.0,40.0,60.0,Spring,0.0,0.0,100.0,60.0
2020-03-05 06:00:00,70.0434,100.0,0.0,0.0,0.0,29.956599999999995,0.0,Spring,3.8913,0.0,74.8915,0.0
2020-03-05 07:00:00,1512.828,100.0,200.0,0.0,187.6166303929372,0.0,0.0,Spring,84.04599999999999,0.0,0.0,0.0
2020-03-05 08:00:00,2420.298,100.0,200.0,0.0,375.2332607858744,0.0,0.0,Spring,134.46099999999998,0.0,0.0,0.0
2020-03-05 09:00:00,2487.456,100.0,200.0,0.0,562.8498911788115,0.0,0.0,Spring,138.192,0.0,0.0,0.0
2020-03-05 10:00:00,2366.046,100.0,137.15010882118844,0.0,691.5080975540917,0.0,0.0,Spring,131.44699999999997,0.0,0.0,0.0
2020-03-05 11:00:00,2205.306,100.0,8.491902445908286,0.0,699.4742081667259,0.0,0.0,Spring,122.51700000000001,0.0,0.0,0.0
2020-03-05 12:00:00,1873.188,100.0,0.5257918332740664,0.0,699.9674446269609,0.0,0.0,Spring,104.06600000000002,0.0,0.0,0.0
2020-03-05 13:00:00,1734.03,100.0,0.03255537303909659,0.0,699.9979842739149,0.0,0.0,Spring,96.33500000000001,0.0,0.0,0.0
2020-03-05 14:00:00,680.886,100.0,0.0020157260851701724,0.0,699.9998751925942,0.0,0.0,Spring,37.827,0.0,0.0,0.0
2020-03-05 15:00:00,1074.276,100.0,0.00012480740575119854,0.0,699.9999922723188,0.0,0.0,Spring,59.682,0.0,0.0,0.0
2020-03-05 16:00:00,940.176,100.0,7.727681193500757e-06,0.0,699.9999995215264,0.0,0.0,Spring,52.232,0.0,0.0,0.0
2020-03-05 17:00:00,47.8386,100.0,0.0,55.60423923055769,644.3957602909687,0.0,0.0,Spring,2.6577,7.943462747222527,0.0,0.0
2020-03-05 18:00:00,0.0,100.0,0.0,106.60035817780522,537.7954021131635,0.0,0.0,Spring,0.0,15.228622596829316,0.0,0.0
2020-03-05 19:00:00,0.0,100.0,0.0,106.60035817780522,431.1950439353583,0.0,0.0,Spring,0.0,15.228622596829316,0.0,0.0
2020-03-05 20:00:00,0.0,100.0,0.0,106.60035817780522,324.59468575755307,0.0,0.0,Spring,0.0,15.228622596829316,0.0,0.0
2020-03-05 21:00:00,0.0,100.0,0.0,106.60035817780522,217.99432757974787,0.0,0.0,Spring,0.0,15.228622596829316,0.0,0.0
2020-03-05 22:00:00,0.0,100.0,0.0,106.60035817780522,111.39396940194267,0.0,0.0,Spring,0.0,15.228622596829316,0.0,0.0
2020-03-05 23:00:00,0.0,100.0,0.0,106.60035817780522,4.79361122413745,0.0,0.0,Spring,0.0,15.228622596829316,0.0,0.0
2020-03-06 00:00:00,0.0,44.49680592643216,0.0,4.79361122413745,0.0,40.0,55.50319407356784,Spring,0.0,0.6848016034482072,100.0,55.50319407356784
2020-03-06 01:00:00,0.0,40.0,0.0,0.0,0.0,40.0,60.0,Spring,0.0,0.0,100.0,60.0
2020-03-06 02:00:00,0.0,40.0,0.0,0.0,0.0,40.0,60.0,Spring,0.0,0.0,100.0,60.0
2020-03-06 03:00:00,0.0,40.0,0.0,0.0,0.0,40.0,60.0,Spring,0.0,0.0,100.0,60.0
2020-03-06 04:00:00,0.0,40.0,0.0,0.0,0.0,40.0,60.0,Spring,0.0,0.0,100.0,60.0
2020-03-06 05:00:00,0.0,40.0,0.0,0.0,0.0,40.0,60.0,Spring,0.0,0.0,100.0,60.0
2020-03-06 06:00:00,73.22940000000001,100.0,0.0,0.0,0.0,26.770599999999988,0.0,Spring,4.068300000000001,0.0,66.92649999999996,0.0
2020-03-06 07:00:00,1479.222,100.0,200.0,0.0,187.6166303929372,0.0,0.0,Spring,82.179,0.0,0.0,0.0
2020-03-06 08:00:00,2311.398,100.0,200.0,0.0,375.2332607858744,0.0,0.0,Spring,128.411,0.0,0.0,0.0
2020-03-06 09:00:00,2120.4,100.0,200.0,0.0,562.8498911788115,0.0,0.0,Spring,117.80000000000001,0.0,0.0,0.0
2020-03-06 10:00:00,1290.06,100.0,137.15010882118844,0.0,691.5080975540917,0.0,0.0,Spring,71.67,0.0,0.0,0.0
2020-03-06 11:00:00,929.484,100.0,8.491902445908286,0.0,699.4742081667259,0.0,0.0,Spring,51.638000000000005,0.0,0.0,0.0
2020-03-06 12:00:00,574.182,100.0,0.5257918332740664,0.0,699.9674446269609,0.0,0.0,Spring,31.899,0.0,0.0,0.0
2020-03-06 13:00:00,547.83,100.0,0.03255537303909659,0.0,699.9979842739149,0.0,0.0,Spring,30.435000000000002,0.0,0.0,0.0
2020-03-06 14:00:00,307.278,100.0,0.0020157260851701724,0.0,699.9998751925942,0.0,0.0,Spring,17.071,0.0,0.0,0.0
2020-03-06 15:00:00,190.98,100.0,0.00012480740575119854,0.0,699.9999922723188,0.0,0.0,Spring,10.61,0.0,0.0,0.0
2020-03-06 16:00:00,238.968,100.0,7.727681193500757e-06,0.0,699.9999995215264,0.0,0.0,Spring,13.276,0.0,0.0,0.0
2020-03-06 17:00:00,59.635799999999996,100.0,0.0,43.02838177560566,656.9716177459208,0.0,0.0,Spring,3.3131,6.14691168222938,0.0,0.0
2020-03-06 18:00:00,0.0,100.0,0.0,106.60035817780522,550.3712595681155,0.0,0.0,Spring,0.0,15.228622596829316,0.0,0.0
2020-03-06 19:00:00,0.0,100.0,0.0,106.60035817780522,443.77090139031037,0.0,0.0,Spring,0.0,15.228622596829316,0.0,0.0
2020-03-06 20:00:00,0.0,100.0,0.0,106.60035817780522,337.17054321250515,0.0,0.0,Spring,0.0,15.228622596829316,0.0,0.0
2020-03-06 21:00:00,0.0,100.0,0.0,106.60035817780522,230.57018503469996,0.0,0.0,Spring,0.0,15.228622596829316,0.0,0.0
2020-03-06 22:00:00,0.0,100.0,0.0,106.60035817780522,123.96982685689476,0.0,0.0,Spring,0.0,15.228622596829316,0.0,0.0
2020-03-06 23:00:00,0.0,100.0,0.0,106.60035817780522,17.369468679089536,0.0,0.0,Spring,0.0,15.228622596829316,0.0,0.0
2020-03-07 00:00:00,0.0,56.294005926432206,0.0,17.369468679089536,0.0,40.0,43.705994073567794,Spring,0.0,2.481352668441362,100.0,43.705994073567794
2020-03-07 01:00:00,0.0,40.0,0.0,0.0,0.0,40.0,60.0,Spring,0.0,0.0,100.0,60.0
2020-03-07 02:00:00,0.0,40.0,0.0,0.0,0.0,40.0,60.0,Spring,0.0,0.0,100.0,60.0
2020-03-07 03:00:00,0.0,40.0,0.0,0.0,0.0,40.0,60.0,Spring,0.0,0.0,100.0,60.0
2020-03-07 04:00:00,0.0,40.0,0.0,0.0,0.0,40.0,60.0,Spring,0.0,0.0,100.0,60.0
2020-03-07 05:00:00,0.0,40.0,0.0,0.0,0.0,40.0,60.0,Spring,0.0,0.0,100.0,60.0
2020-03-07 06:00:00,101.3562,100.0,1.3562000000000012,0.0,1.2722283706945081,0.0,0.0,Spring,5.6309,0.0,0.0,0.0
2020-03-07 07:00:00,1648.872,100.0,200.0,0.0,188.8888587636317,0.0,0.0,Spring,91.60400000000001,0.0,0.0,0.0
2020-03-07 08:00:00,2498.688,100.0,200.0,0.0,376.5054891565689,0.0,0.0,Spring,138.816,0.0,0.0,0.0
2020-03-07 09:00:00,2583.612,100.0,200.0,0.0,564.1221195495061,0.0,0.0,Spring,143.534,0.0,0.0,0.0
2020-03-07 10:00:00,2454.354,100.0,135.87788045049388,0.0,691.5868699247861,0.0,0.0,Spring,136.35299999999998,0.0,0.0,0.0
2020-03-07 11:00:00,2132.694,100.0,8.413130075213848,0.0,699.4790855036316,0.0,0.0,Spring,118.483,0.0,0.0,0.0
2020-03-07 12:00:00,2180.502,100.0,0.5209144963683794,0.0,699.967746616289,0.0,0.0,Spring,121.139,0.0,0.0,0.0
2020-03-07 13:00:00,2257.812,100.0,0.03225338371098042,0.0,699.9980029721422,0.0,0.0,Spring,125.434,0.0,0.0,0.0
2020-03-07 14:00:00,2471.652,100.0,0.0019970278578111903,0.0,699.9998763503296,0.0,0.0,Spring,137.314,0.0,0.0,0.0
2020-03-07 15:00:00,2361.654,100.0,0.00012364967039320618,0.0,699.9999923440021,0.0,0.0,Spring,131.203,0.0,0.0,0.0
2020-03-07 16:00:00,1808.64,100.0,7.655997877009212e-06,0.0,699.9999995259648,0.0,0.0,Spring,100.48000000000002,0.0,0.0,0.0
2020-03-07 17:00:00,82.5606,100.0,0.0,18.590462864060168,681.4095366619046,0.0,0.0,Spring,4.5866999999999996,2.6557804091514527,0.0,0.0
2020-03-07 18:00:00,0.0,100.0,0.0,106.60035817780522,574.8091784840993,0.0,0.0,Spring,0.0,15.228622596829316,0.0,0.0
2020-03-07 19:00:00,0.0,100.0,0.0,106.60035817780522,468.2088203062941,0.0,0.0,Spring,0.0,15.228622596829316,0.0,0.0
2020-03-07 20:00:00,0.0,100.0,0.0,106.60035817780522,361.60846212848895,0.0,0.0,Spring,0.0,15.228622596829316,0.0,0.0
2020-03-07 21:00:00,0.0,100.0,0.0,106.60035817780522,255.00810395068373,0.0,0.0,Spring,0.0,15.228622596829316,0.0,0.0
2020-03-07 22:00:00,0.0,100.0,0.0,106.60035817780522,148.4077457728785,0.0,0.0,Spring,0.0,15.228622596829316,0.0,0.0
2020-03-07 23:00:00,0.0,100.0,0.0,106.60035817780522,41.80738759507331,0.0,0.0,Spring,0.0,15.228622596829316,0.0,0.0
2020-03-08 00:00:00,0.0,79.21880593059568,0.0,41.80738759507331,0.0,40.0,20.78119406940432,Spring,0.0,5.97248394215333,100.0,20.78119406940432
2020-03-08 01:00:00,0.0,40.0,0.0,0.0,0.0,40.0,60.0,Spring,0.0,0.0,100.0,60.0
2020-03-08 02:00:00,0.0,40.0,0.0,0.0,0.0,40.0,60.0,Spring,0.0,0.0,100.0,60.0
2020-03-08 03:00:00,0.0,40.0,0.0,0.0,0.0,40.0,60.0,Spring,0.0,0.0,100.0,60.0
2020-03-08 04:00:00,0.0,40.0,0.0,0.0,0.0,40.0,60.0,Spring,0.0,0.0,100.0,60.0
2020-03-08 05:00:00,0.0,40.0,0.0,0.0,0.0,40.0,60.0,Spring,0.0,0.0,100.0,60.0
2020-03-08 06:00:00,118.19340000000001,100.0,18.19340000000001,0.0,17.06692201695433,0.0,0.0,Spring,6.566300000000001,0.0,0.0,0.0
2020-03-08 07:00:00,1726.38,100.0,200.0,0.0,204.68355240989155,0.0,0.0,Spring,95.91000000000001,0.0,0.0,0.0
2020-03-08 08:00:00,2545.632,100.0,200.0,0.0,392.3001828028287,0.0,0.0,Spring,141.424,0.0,0.0,0.0
2020-03-08 09:00:00,2603.844,100.0,200.0,0.0,579.9168131957659,0.0,0.0,Spring,144.658,0.0,0.0,0.0
2020-03-08 10:00:00,2459.484,100.0,120.08318680423405,0.0,692.564827571046,0.0,0.0,Spring,136.638,0.0,0.0,0.0
2020-03-08 11:00:00,2358.738,100.0,7.4351724289540435,0.0,699.5396375586,0.0,0.0,Spring,131.041,0.0,0.0,0.0
2020-03-08 12:00:00,2195.586,100.0,0.4603624413999496,0.0,699.9714958086747,0.0,0.0,Spring,121.97699999999998,0.0,0.0,0.0
2020-03-08 13:00:00,1825.866,100.0,0.02850419132527895,0.0,699.9982351103174,0.0,0.0,Spring,101.437,0.0,0.0,0.0
2020-03-08 14:00:00,2327.922,100.0,0.0017648896826431156,0.0,699.9998907235938,0.0,0.0,Spring,129.329,0.0,0.0,0.0
2020-03-08 15:00:00,1597.212,100.0,0.00010927640623413027,0.0,699.9999932339495,0.0,0.0,Spring,88.73400000000001,0.0,0.0,0.0
2020-03-08 16:00:00,518.364,100.0,6.766050588339567e-06,0.0,699.9999995810675,0.0,0.0,Spring,28.798000000000002,0.0,0.0,0.0
2020-03-08 17:00:00,25.630200000000002,100.0,0.0,79.27847317611737,620.72152640495,0.0,0.0,Spring,1.4239000000000002,11.325496168016768,0.0,0.0
2020-03-08 18:00:00,0.0,100.0,0.0,106.60035817780522,514.1211682271448,0.0,0.0,Spring,0.0,15.228622596829316,0.0,0.0
2020-03-08 19:00:00,0.0,100.0,0.0,106.60035817780522,407.5208100493397,0.0,0.0,Spring,0.0,15.228622596829316,0.0,0.0
2020-03-08 20:00:00,0.0,100.0,0.0,106.60035817780522,300.92045187153445,0.0,0.0,Spring,0.0,15.228622596829316,0.0,0.0
2020-03-08 21:00:00,0.0,100.0,0.0,106.60035817780522,194.32009369372926,0.0,0.0,Spring,0.0,15.228622596829316,0.0,0.0
2020-03-08 22:00:00,0.0,100.0,0.0,106.60035817780522,87.71973551592404,0.0,0.0,Spring,0.0,15.228622596829316,0.0,0.0
2020-03-08 23:00:00,0.0,100.0,0.0,87.71973551592404,0.0,17.711594017713367,0.0,Spring,0.0,12.53139078798915,44.27898504428342,0.0
2020-03-09 00:00:00,0.0,40.0,0.0,0.0,0.0,40.0,60.0,Spring,0.0,0.0,100.0,60.0
2020-03-09 01:00:00,0.0,40.0,0.0,0.0,0.0,40.0,60.0,Spring,0.0,0.0,100.0,60.0
2020-03-09 02:00:00,0.0,40.0,0.0,0.0,0.0,40.0,60.0,Spring,0.0,0.0,100.0,60.0
2020-03-09 03:00:00,0.0,40.0,0.0,0.0,0.0,40.0,60.0,Spring,0.0,0.0,100.0,60.0
2020-03-09 04:00:00,0.0,40.0,0.0,0.0,0.0,40.0,60.0,Spring,0.0,0.0,100.0,60.0
2020-03-09 05:00:00,0.0,40.0,0.0,0.0,0.0,40.0,60.0,Spring,0.0,0.0,100.0,60.0
2020-03-09 06:00:00,132.0786,100.0,32.078599999999994,0.0,30.092394198614368,0.0,0.0,Spring,7.3377,0.0,0.0,0.0
2020-03-09 07:00:00,1798.956,100.0,200.0,0.0,217.70902459155158,0.0,0.0,Spring,99.942,0.0,0.0,0.0
2020-03-09 08:00:00,2578.554,100.0,200.0,0.0,405.3256549844887,0.0,0.0,Spring,143.25300000000001,0.0,0.0,0.0
2020-03-09 09:00:00,2580.984,100.0,200.0,0.0,592.942285377426,0.0,0.0,Spring,143.388,0.0,0.0,0.0
2020-03-09 10:00:00,2436.408,100.0,107.05771462257404,0.0,693.3713237527061,0.0,0.0,Spring,135.356,0.0,0.0,0.0
2020-03-09 11:00:00,2349.738,100.0,6.628676247293945,0.0,699.589573260121,0.0,0.0,Spring,130.541,0.0,0.0,0.0
2020-03-09 12:00:00,2325.744,100.0,0.4104267398789525,0.0,699.9745876699172,0.0,0.0,Spring,129.208,0.0,0.0,0.0
2020-03-09 13:00:00,2390.778,100.0,0.025412330082734115,0.0,699.9984265486199,0.0,0.0,Spring,132.821,0.0,0.0,0.0
2020-03-09 14:00:00,2461.608,100.0,0.0015734513800125568,0.0,699.99990257685,0.0,0.0,Spring,136.756,0.0,0.0,0.0
2020-03-09 15:00:00,2476.98,100.0,9.742314997129143e-05,0.0,699.9999939678656,0.0,0.0,Spring,137.61,0.0,0.0,0.0
2020-03-09 16:00:00,2131.218,100.0,6.032134406268597e-06,0.0,699.9999996265093,0.0,0.0,Spring,118.401,0.0,0.0,0.0
2020-03-09 17:00:00,317.664,100.0,3.734907368198037e-07,0.0,699.9999999768747,0.0,0.0,Spring,17.648,0.0,0.0,0.0
2020-03-09 18:00:00,0.0,100.0,0.0,106.60035817780522,593.3996417990695,0.0,0.0,Spring,0.0,15.228622596829316,0.0,0.0
2020-03-09 19:00:00,0.0,100.0,0.0,106.60035817780522,486.7992836212643,0.0,0.0,Spring,0.0,15.228622596829316,0.0,0.0
2020-03-09 20:00:00,0.0,100.0,0.0,106.60035817780522,380.1989254434591,0.0,0.0,Spring,0.0,15.228622596829316,0.0,0.0
2020-03-09 21:00:00,0.0,100.0,0.0,106.60035817780522,273.59856726565386,0.0,0.0,Spring,0.0,15.228622596829316,0.0,0.0
2020-03-09 22:00:00,0.0,100.0,0.0,106.60035817780522,166.99820908784866,0.0,0.0,Spring,0.0,15.228622596829316,0.0,0.0
2020-03-09 23:00:00,0.0,100.0,0.0,106.60035817780522,60.397850910043445,0.0,0.0,Spring,0.0,15.228622596829316,0.0,0.0
2020-03-10 00:00:00,0.0,96.65820635358673,0.0,60.397850910043445,0.0,40.0,3.3417936464132723,Spring,0.0,8.628264415720492,100.0,3.3417936464132723
2020-03-10 01:00:00,0.0,40.0,0.0,0.0,0.0,40.0,60.0,Spring,0.0,0.0,100.0,60.0
2020-03-10 02:00:00,0.0,40.0,0.0,0.0,0.0,40.0,60.0,Spring,0.0,0.0,100.0,60.0
2020-03-10 03:00:00,0.0,40.0,0.0,0.0,0.0,40.0,60.0,Spring,0.0,0.0,100.0,60.0
2020-03-10 04:00:00,0.0,40.0,0.0,0.0,0.0,40.0,60.0,Spring,0.0,0.0,100.0,60.0
2020-03-10 05:00:00,0.0,40.0,0.0,0.0,0.0,40.0,60.0,Spring,0.0,0.0,100.0,60.0
2020-03-10 06:00:00,57.6612,97.66120000000001,0.0,0.0,0.0,40.0,2.338799999999999,Spring,3.2034,0.0,100.0,2.338799999999999
2020-03-10 07:00:00,1686.906,100.0,200.0,0.0,187.6166303929372,0.0,0.0,Spring,93.717,0.0,0.0,0.0
2020-03-10 08:00:00,2470.032,100.0,200.0,0.0,375.2332607858744,0.0,0.0,Spring,137.22400000000002,0.0,0.0,0.0
2020-03-10 09:00:00,2522.34,100.0,200.0,0.0,562.8498911788115,0.0,0.0,Spring,140.13,0.0,0.0,0.0
2020-03-10 10:00:00,2420.262,100.0,137.15010882118844,0.0,691.5080975540917,0.0,0.0,Spring,134.459,0.0,0.0,0.0
2020-03-10 11:00:00,2350.386,100.0,8.491902445908286,0.0,699.4742081667259,0.0,0.0,Spring,130.577,0.0,0.0,0.0
2020-03-10 12:00:00,2309.328,100.0,0.5257918332740664,0.0,699.9674446269609,0.0,0.0,Spring,128.296,0.0,0.0,0.0
2020-03-10 13:00:00,2368.98,100.0,0.03255537303909659,0.0,699.9979842739149,0.0,0.0,Spring,131.61,0.0,0.0,0.0
2020-03-10 14:00:00,2435.796,100.0,0.0020157260851701724,0.0,699.9998751925942,0.0,0.0,Spring,135.32199999999997,0.0,0.0,0.0
2020-03-10 15:00:00,2447.73,100.0,0.00012480740575119854,0.0,699.9999922723188,0.0,0.0,Spring,135.985,0.0,0.0,0.0
2020-03-10 16:00:00,2101.158,100.0,7.727681193500757e-06,0.0,699.9999995215264,0.0,0.0,Spring,116.73099999999998,0.0,0.0,0.0
2020-03-10 17:00:00,387.054,100.0,4.784736083820462e-07,0.0,699.9999999703743,0.0,0.0,Spring,21.503,0.0,0.0,0.0
2020-03-10 18:00:00,0.0,100.0,0.0,106.60035817780522,593.3996417925692,0.0,0.0,Spring,0.0,15.228622596829316,0.0,0.0
2020-03-10 19:00:00,0.0,100.0,0.0,106.60035817780522,486.79928361476397,0.0,0.0,Spring,0.0,15.228622596829316,0.0,0.0
2020-03-10 20:00:00,0.0,100.0,0.0,106.60035817780522,380.1989254369588,0.0,0.0,Spring,0.0,15.228622596829316,0.0,0.0
2020-03-10 21:00:00,0.0,100.0,0.0,106.60035817780522,273.5985672591536,0.0,0.0,Spring,0.0,15.228622596829316,0.0,0.0
2020-03-10 22:00:00,0.0,100.0,0.0,106.60035817780522,166.9982090813484,0.0,0.0,Spring,0.0,15.228622596829316,0.0,0.0
2020-03-10 23:00:00,0.0,100.0,0.0,106.60035817780522,60.397850903543166,0.0,0.0,Spring,0.0,15.228622596829316,0.0,0.0
2020-03-11 00:00:00,0.0,96.65820634748893,0.0,60.397850903543166,0.0,40.0,3.341793652511072,Spring,0.0,8.62826441479188,100.0,3.3417936525110723
2020-03-11 01:00:00,0.0,40.0,0.0,0.0,0.0,40.0,60.0,Spring,0.0,0.0,100.0,60.0
2020-03-11 02:00:00,0.0,40.0,0.0,0.0,0.0,40.0,60.0,Spring,0.0,0.0,100.0,60.0
2020-03-11 03:00:00,0.0,40.0,0.0,0.0,0.0,40.0,60.0,Spring,0.0,0.0,100.0,60.0
2020-03-11 04:00:00,0.0,40.0,0.0,0.0,0.0,40.0,60.0,Spring,0.0,0.0,100.0,60.0
2020-03-11 05:00:00,0.0,40.0,0.0,0.0,0.0,40.0,60.0,Spring,0.0,0.0,100.0,60.0
2020-03-11 06:00:00,128.3058,100.0,28.305800000000005,0.0,26.553194082882012,0.0,0.0,Spring,7.1281,0.0,0.0,0.0
2020-03-11 07:00:00,1667.916,100.0,200.0,0.0,214.1698244758192,0.0,0.0,Spring,92.662,0.0,0.0,0.0
2020-03-11 08:00:00,2406.942,100.0,200.0,0.0,401.78645486875644,0.0,0.0,Spring,133.71900000000002,0.0,0.0,0.0
2020-03-11 09:00:00,2518.128,100.0,200.0,0.0,589.4030852616936,0.0,0.0,Spring,139.896,0.0,0.0,0.0
2020-03-11 10:00:00,2412.144,100.0,110.59691473830642,0.0,693.1521876369737,0.0,0.0,Spring,134.00799999999998,0.0,0.0,0.0
2020-03-11 11:00:00,2331.756,100.0,6.847812363026314,0.0,699.5760050425441,0.0,0.0,Spring,129.542,0.0,0.0,0.0
2020-03-11 12:00:00,2145.96,100.0,0.42399495745589955,0.0,699.9737475686514,0.0,0.0,Spring,119.22,0.0,0.0,0.0
2020-03-11 13:00:00,2270.034,100.0,0.02625243134854827,0.0,699.9983745321977,0.0,0.0,Spring,126.11300000000001,0.0,0.0,0.0
2020-03-11 14:00:00,2429.01,100.0,0.0016254678023979068,0.0,699.999899356157,0.0,0.0,Spring,134.945,0.0,0.0,0.0
2020-03-11 15:00:00,2115.522,100.0,0.00010064384294673801,0.0,699.9999937684505,0.0,0.0,Spring,117.529,0.0,0.0,0.0
2020-03-11 16:00:00,1417.734,100.0,6.231549545191229e-06,0.0,699.9999996141621,0.0,0.0,Spring,78.76299999999999,0.0,0.0,0.0
2020-03-11 17:00:00,283.716,100.0,3.8583786226809026e-07,0.0,699.9999999761102,0.0,0.0,Spring,15.762,0.0,0.0,0.0
2020-03-11 18:00:00,0.0,100.0,0.0,106.60035817780522,593.399641798305,0.0,0.0,Spring,0.0,15.228622596829316,0.0,0.0
2020-03-11 19:00:00,0.0,100.0,0.0,106.60035817780522,486.79928362049975,0.0,0.0,Spring,0.0,15.228622596829316,0.0,0.0
2020-03-11 20:00:00,0.0,100.0,0.0,106.60035817780522,380.1989254426946,0.0,0.0,Spring,0.0,15.228622596829316,0.0,0.0
2020-03-11 21:00:00,0.0,100.0,0.0,106.60035817780522,273.59856726488937,0.0,0.0,Spring,0.0,15.228622596829316,0.0,0.0
2020-03-11 22:00:00,0.0,100.0,0.0,106.60035817780522,166.99820908708418,0.0,0.0,Spring,0.0,15.228622596829316,0.0,0.0
2020-03-11 23:00:00,0.0,100.0,0.0,106.60035817780522,60.397850909278944,0.0,0.0,Spring,0.0,15.228622596829316,0.0,0.0
2020-03-12 00:00:00,0.0,96.65820635286957,0.0,60.397850909278944,0.0,40.0,3.3417936471304373,Spring,0.0,8.628264415611278,100.0,3.3417936471304373
2020-03-12 01:00:00,0.0,40.0,0.0,0.0,0.0,40.0,60.0,Spring,0.0,0.0,100.0,60.0
2020-03-12 02:00:00,0.0,40.0,0.0,0.0,0.0,40.0,60.0,Spring,0.0,0.0,100.0,60.0
2020-03-12 03:00:00,0.0,40.0,0.0,0.0,0.0,40.0,60.0,Spring,0.0,0.0,100.0,60.0
2020-03-12 04:00:00,0.0,40.0,0.0,0.0,0.0,40.0,60.0,Spring,0.0,0.0,100.0,60.0
2020-03-12 05:00:00,0.0,40.0,0.0,0.0,0.0,40.0,60.0,Spring,0.0,0.0,100.0,60.0
2020-03-12 06:00:00,169.2648,100.0,69.26480000000001,0.0,64.97614190420359,0.0,0.0,Spring,9.4036,0.0,0.0,0.0
2020-03-12 07:00:00,1833.156,100.0,200.0,0.0,252.59277229714078,0.0,0.0,Spring,101.84199999999998,0.0,0.0,0.0
2020-03-12 08:00:00,2482.956,100.0,200.0,0.0,440.20940269007804,0.0,0.0,Spring,137.942,0.0,0.0,0.0
2020-03-12 09:00:00,2512.278,100.0,200.0,0.0,627.8260330830152,0.0,0.0,Spring,139.57099999999997,0.0,0.0,0.0
2020-03-12 10:00:00,2424.708,100.0,72.17396691698477,0.0,695.5312154582953,0.0,0.0,Spring,134.70600000000002,0.0,0.0,0.0
2020-03-12 11:00:00,2339.19,100.0,4.468784541704692,0.0,699.7233069466288,0.0,0.0,Spring,129.95499999999998,0.0,0.0,0.0
2020-03-12 12:00:00,2263.41,100.0,0.276693053371273,0.0,699.982868038262,0.0,0.0,Spring,125.74499999999999,0.0,0.0,0.0
2020-03-12 13:00:00,1269.09,100.0,0.01713196173799224,0.0,699.9989392429285,0.0,0.0,Spring,70.505,0.0,0.0,0.0
2020-03-12 14:00:00,1704.186,100.0,0.0010607570714782923,0.0,699.9999343212655,0.0,0.0,Spring,94.677,0.0,0.0,0.0
2020-03-12 15:00:00,328.176,100.0,6.56787344487384e-05,0.0,699.9999959333798,0.0,0.0,Spring,18.232,0.0,0.0,0.0
2020-03-12 16:00:00,132.5556,100.0,4.066620254889131e-06,0.0,699.9999997482078,0.0,0.0,Spring,7.3642,0.0,0.0,0.0
2020-03-12 17:00:00,38.1672,100.0,0.0,65.91398627136594,634.0860134768418,0.0,0.0,Spring,2.1204,9.416283753052278,0.0,0.0
2020-03-12 18:00:00,0.0,100.0,0.0,106.60035817780522,527.4856552990367,0.0,0.0,Spring,0.0,15.228622596829316,0.0,0.0
2020-03-12 19:00:00,0.0,100.0,0.0,106.60035817780522,420.8852971212314,0.0,0.0,Spring,0.0,15.228622596829316,0.0,0.0
2020-03-12 20:00:00,0.0,100.0,0.0,106.60035817780522,314.28493894342625,0.0,0.0,Spring,0.0,15.228622596829316,0.0,0.0
2020-03-12 21:00:00,0.0,100.0,0.0,106.60035817780522,207.68458076562104,0.0,0.0,Spring,0.0,15.228622596829316,0.0,0.0
2020-03-12 22:00:00,0.0,100.0,0.0,106.60035817780522,101.08422258781582,0.0,0.0,Spring,0.0,15.228622596829316,0.0,0.0
2020-03-12 23:00:00,0.0,100.0,0.0,101.08422258781582,0.0,5.174593860921831,0.0,Spring,0.0,14.44060322683083,12.936484652304578,0.0
2020-03-13 00:00:00,0.0,40.0,0.0,0.0,0.0,40.0,60.0,Spring,0.0,0.0,100.0,60.0
2020-03-13 01:00:00,0.0,40.0,0.0,0.0,0.0,40.0,60.0,Spring,0.0,0.0,100.0,60.0
2020-03-13 02:00:00,0.0,40.0,0.0,0.0,0.0,40.0,60.0,Spring,0.0,0.0,100.0,60.0
2020-03-13 03:00:00,0.0,40.0,0.0,0.0,0.0,40.0,60.0,Spring,0.0,0.0,100.0,60.0
2020-03-13 04:00:00,0.0,40.0,0.0,0.0,0.0,40.0,60.0,Spring,0.0,0.0,100.0,60.0
2020-03-13 05:00:00,0.0,40.0,0.0,0.0,0.0,40.0,60.0,Spring,0.0,0.0,100.0,60.0
2020-03-13 06:00:00,175.70880000000002,100.0,75.70880000000002,0.0,71.02114973546404,0.0,0.0,Spring,9.761600000000001,0.0,0.0,0.0
2020-03-13 07:00:00,1871.424,100.0,200.0,0.0,258.63778012840123,0.0,0.0,Spring,103.96799999999999,0.0,0.0,0.0
2020-03-13 08:00:00,2509.974,100.0,200.0,0.0,446.25441052133846,0.0,0.0,Spring,139.443,0.0,0.0,0.0
2020-03-13 09:00:00,2549.466,100.0,200.0,0.0,633.8710409142757,0.0,0.0,Spring,141.637,0.0,0.0,0.0
2020-03-13 10:00:00,2417.94,100.0,66.12895908572432,0.0,695.9055032895557,0.0,0.0,Spring,134.32999999999998,0.0,0.0,0.0
2020-03-13 11:00:00,2318.922,100.0,4.094496710444335,0.0,699.7464816693983,0.0,0.0,Spring,128.829,0.0,0.0,0.0
2020-03-13 12:00:00,2318.616,100.0,0.2535183306016261,0.0,699.9843029440499,0.0,0.0,Spring,128.81199999999998,0.0,0.0,0.0
2020-03-13 13:00:00,2395.8,100.0,0.01569705595006235,0.0,699.9990280877722,0.0,0.0,Spring,133.10000000000002,0.0,0.0,0.0
2020-03-13 14:00:00,2514.258,100.0,0.0009719122278038412,0.0,699.9999398222583,0.0,0.0,Spring,139.68099999999998,0.0,0.0,0.0
2020-03-13 15:00:00,2458.8,100.0,6.017774168867618e-05,0.0,699.9999962739839,0.0,0.0,Spring,136.60000000000002,0.0,0.0,0.0
2020-03-13 16:00:00,1439.514,100.0,3.7260160315781832e-06,0.0,699.9999997692969,0.0,0.0,Spring,79.973,0.0,0.0,0.0
2020-03-13 17:00:00,375.138,100.0,2.3070315364748238e-07,0.0,699.9999999857156,0.0,0.0,Spring,20.840999999999998,0.0,0.0,0.0
2020-03-13 18:00:00,0.0,100.0,0.0,106.60035817780522,593.3996418079104,0.0,0.0,Spring,0.0,15.228622596829316,0.0,0.0
2020-03-13 19:00:00,0.0,100.0,0.0,106.60035817780522,486.7992836301052,0.0,0.0,Spring,0.0,15.228622596829316,0.0,0.0
2020-03-13 20:00:00,0.0,100.0,0.0,106.60035817780522,380.1989254523,0.0,0.0,Spring,0.0,15.228622596829316,0.0,0.0
2020-03-13 21:00:00,0.0,100.0,0.0,106.60035817780522,273.59856727449477,0.0,0.0,Spring,0.0,15.228622596829316,0.0,0.0
2020-03-13 22:00:00,0.0,100.0,0.0,106.60035817780522,166.99820909668958,0.0,0.0,Spring,0.0,15.228622596829316,0.0,0.0
2020-03-13 23:00:00,0.0,100.0,0.0,106.60035817780522,60.39785091888437,0.0,0.0,Spring,0.0,15.228622596829316,0.0,0.0
2020-03-14 00:00:00,0.0,96.65820636188025,0.0,60.39785091888437,0.0,40.0,3.3417936381197464,Spring,0.0,8.628264416983482,100.0,3.3417936381197464
2020-03-14 01:00:00,0.0,40.0,0.0,0.0,0.0,40.0,60.0,Spring,0.0,0.0,100.0,60.0
2020-03-14 02:00:00,0.0,40.0,0.0,0.0,0.0,40.0,60.0,Spring,0.0,0.0,100.0,60.0
2020-03-14 03:00:00,0.0,40.0,0.0,0.0,0.0,40.0,60.0,Spring,0.0,0.0,100.0,60.0
2020-03-14 04:00:00,0.0,40.0,0.0,0.0,0.0,40.0,60.0,Spring,0.0,0.0,100.0,60.0
2020-03-14 05:00:00,0.0,40.0,0.0,0.0,0.0,40.0,60.0,Spring,0.0,0.0,100.0,60.0
2020-03-14 06:00:00,240.012,100.0,140.012,0.0,131.3428982728796,0.0,0.0,Spring,13.334000000000001,0.0,0.0,0.0
2020-03-14 07:00:00,2110.284,100.0,200.0,0.0,318.9595286658168,0.0,0.0,Spring,117.238,0.0,0.0,0.0
2020-03-14 08:00:00,2650.446,100.0,200.0,0.0,506.576159058754,0.0,0.0,Spring,147.24699999999999,0.0,0.0,0.0
2020-03-14 09:00:00,2667.582,100.0,193.42384094124603,0.0,688.0238054340341,0.0,0.0,Spring,148.19899999999998,0.0,0.0,0.0
2020-03-14 10:00:00,2544.426,100.0,11.97619456596591,0.0,699.2584717810178,0.0,0.0,Spring,141.357,0.0,0.0,0.0
2020-03-14 11:00:00,1594.26,100.0,0.7415282189822756,0.0,699.9540869099515,0.0,0.0,Spring,88.57000000000001,0.0,0.0,0.0
2020-03-14 12:00:00,1790.424,100.0,0.04591309004859068,0.0,699.9971572061806,0.0,0.0,Spring,99.468,0.0,0.0,0.0
2020-03-14 13:00:00,1911.6,100.0,0.00284279381937813,0.0,699.9998239831671,0.0,0.0,Spring,106.2,0.0,0.0,0.0
2020-03-14 14:00:00,2195.748,100.0,0.0001760168329346925,0.0,699.9999891015924,0.0,0.0,Spring,121.98599999999999,0.0,0.0,0.0
2020-03-14 15:00:00,1931.706,100.0,1.0898407548666e-05,0.0,699.999999325205,0.0,0.0,Spring,107.317,0.0,0.0,0.0
2020-03-14 16:00:00,1857.546,100.0,6.747950101271271e-07,0.0,699.9999999582187,0.0,0.0,Spring,103.197,0.0,0.0,0.0
2020-03-14 17:00:00,351.864,100.0,4.1781226173043254e-08,0.0,699.999999997413,0.0,0.0,Spring,19.548,0.0,0.0,0.0
2020-03-14 18:00:00,0.0,100.0,0.0,106.60035817780522,593.3996418196078,0.0,0.0,Spring,0.0,15.228622596829316,0.0,0.0
2020-03-14 19:00:00,0.0,100.0,0.0,106.60035817780522,486.7992836418026,0.0,0.0,Spring,0.0,15.228622596829316,0.0,0.0
2020-03-14 20:00:00,0.0,100.0,0.0,106.60035817780522,380.1989254639974,0.0,0.0,Spring,0.0,15.228622596829316,0.0,0.0
2020-03-14 21:00:00,0.0,100.0,0.0,106.60035817780522,273.5985672861922,0.0,0.0,Spring,0.0,15.228622596829316,0.0,0.0
2020-03-14 22:00:00,0.0,100.0,0.0,106.60035817780522,166.99820910838702,0.0,0.0,Spring,0.0,15.228622596829316,0.0,0.0
2020-03-14 23:00:00,0.0,100.0,0.0,106.60035817780522,60.39785093058179,0.0,0.0,Spring,0.0,15.228622596829316,0.0,0.0
2020-03-15 00:00:00,0.0,96.65820637285341,0.0,60.39785093058179,0.0,40.0,3.3417936271465933,Spring,0.0,8.628264418654542,100.0,3.3417936271465933
2020-03-15 01:00:00,0.0,40.0,0.0,0.0,0.0,40.0,60.0,Spring,0.0,0.0,100.0,60.0
2020-03-15 02:00:00,0.0,40.0,0.0,0.0,0.0,40.0,60.0,Spring,0.0,0.0,100.0,60.0
2020-03-15 03:00:00,0.0,40.0,0.0,0.0,0.0,40.0,60.0,Spring,0.0,0.0,100.0,60.0
2020-03-15 04:00:00,0.0,40.0,0.0,0.0,0.0,40.0,60.0,Spring,0.0,0.0,100.0,60.0
2020-03-15 05:00:00,0.0,40.0,0.0,0.0,0.0,40.0,60.0,Spring,0.0,0.0,100.0,60.0
2020-03-15 06:00:00,255.204,100.0,155.204,0.0,145.59425751752713,0.0,0.0,Spring,14.178,0.0,0.0,0.0
2020-03-15 07:00:00,2073.114,100.0,200.0,0.0,333.2108879104643,0.0,0.0,Spring,115.17299999999999,0.0,0.0,0.0
2020-03-15 08:00:00,2626.056,100.0,200.0,0.0,520.8275183034016,0.0,0.0,Spring,145.892,0.0,0.0,0.0
2020-03-15 09:00:00,2418.156,100.0,179.17248169659845,0.0,688.9062046786817,0.0,0.0,Spring,134.342,0.0,0.0,0.0
2020-03-15 10:00:00,862.83,100.0,11.093795321318321,0.0,699.313107160955,0.0,0.0,Spring,47.935,0.0,0.0,0.0
2020-03-15 11:00:00,1113.174,100.0,0.6868928390449146,0.0,699.9574697604684,0.0,0.0,Spring,61.843,0.0,0.0,0.0
2020-03-15 12:00:00,1676.592,100.0,0.042530239531653934,0.0,699.997366661622,0.0,0.0,Spring,93.144,0.0,0.0,0.0
2020-03-15 13:00:00,1103.436,100.0,0.002633338378043845,0.0,699.9998369519878,0.0,0.0,Spring,61.302,0.0,0.0,0.0
2020-03-15 14:00:00,507.618,100.0,0.0001630480121821165,0.0,699.999989904581,0.0,0.0,Spring,28.200999999999997,0.0,0.0,0.0
2020-03-15 15:00:00,729.72,100.0,1.009541901294142e-05,0.0,699.9999993749235,0.0,0.0,Spring,40.540000000000006,0.0,0.0,0.0
2020-03-15 16:00:00,1322.226,100.0,6.250764708966017e-07,0.0,699.9999999612972,0.0,0.0,Spring,73.45700000000001,0.0,0.0,0.0
2020-03-15 17:00:00,357.66,100.0,3.870273940265179e-08,0.0,699.9999999976036,0.0,0.0,Spring,19.87,0.0,0.0,0.0
2020-03-15 18:00:00,0.0,100.0,0.0,106.60035817780522,593.3996418197984,0.0,0.0,Spring,0.0,15.228622596829316,0.0,0.0
2020-03-15 19:00:00,0.0,100.0,0.0,106.60035817780522,486.79928364199316,0.0,0.0,Spring,0.0,15.228622596829316,0.0,0.0
2020-03-15 20:00:00,0.0,100.0,0.0,106.60035817780522,380.198925464188,0.0,0.0,Spring,0.0,15.228622596829316,0.0,0.0
2020-03-15 21:00:00,0.0,100.0,0.0,106.60035817780522,273.5985672863828,0.0,0.0,Spring,0.0,15.228622596829316,0.0,0.0
2020-03-15 22:00:00,0.0,100.0,0.0,106.60035817780522,166.99820910857758,0.0,0.0,Spring,0.0,15.228622596829316,0.0,0.0
2020-03-15 23:00:00,0.0,100.0,0.0,106.60035817780522,60.39785093077236,0.0,0.0,Spring,0.0,15.228622596829316,0.0,0.0
2020-03-16 00:00:00,0.0,96.65820637303217,0.0,60.39785093077236,0.0,40.0,3.341793626967828,Spring,0.0,8.628264418681765,100.0,3.3417936269678283
2020-03-16 01:00:00,0.0,40.0,0.0,0.0,0.0,40.0,60.0,Spring,0.0,0.0,100.0,60.0
2020-03-16 02:00:00,0.0,40.0,0.0,0.0,0.0,40.0,60.0,Spring,0.0,0.0,100.0,60.0
2020-03-16 03:00:00,0.0,40.0,0.0,0.0,0.0,40.0,60.0,Spring,0.0,0.0,100.0,60.0
2020-03-16 04:00:00,0.0,40.0,0.0,0.0,0.0,40.0,60.0,Spring,0.0,0.0,100.0,60.0
2020-03-16 05:00:00,0.0,40.0,0.0,0.0,0.0,40.0,60.0,Spring,0.0,0.0,100.0,60.0
2020-03-16 06:00:00,216.108,100.0,116.108,0.0,108.91895860831576,0.0,0.0,Spring,12.006,0.0,0.0,0.0
2020-03-16 07:00:00,1086.948,100.0,200.0,0.0,296.53558900125296,0.0,0.0,Spring,60.38600000000001,0.0,0.0,0.0
2020-03-16 08:00:00,1629.864,100.0,200.0,0.0,484.1522193941901,0.0,0.0,Spring,90.548,0.0,0.0,0.0
2020-03-16 09:00:00,1257.264,100.0,200.0,0.0,671.7688497871274,0.0,0.0,Spring,69.848,0.0,0.0,0.0
2020-03-16 10:00:00,1517.778,100.0,28.231150212872656,0.0,698.2520161624075,0.0,0.0,Spring,84.321,0.0,0.0,0.0
2020-03-16 11:00:00,1162.71,100.0,1.7479838375925318,0.0,699.8917703503596,0.0,0.0,Spring,64.595,0.0,0.0,0.0
2020-03-16 12:00:00,466.146,100.0,0.10822964964038692,0.0,699.9932987612303,0.0,0.0,Spring,25.897000000000002,0.0,0.0,0.0
2020-03-16 13:00:00,375.246,100.0,0.0067012387696886435,0.0,699.9995850804174,0.0,0.0,Spring,20.846999999999998,0.0,0.0,0.0
2020-03-16 14:00:00,342.54,100.0,0.000414919582544826,0.0,699.9999743094872,0.0,0.0,Spring,19.03,0.0,0.0,0.0
2020-03-16 15:00:00,216.72,100.0,2.5690512731671333e-05,0.0,699.9999984093245,0.0,0.0,Spring,12.04,0.0,0.0,0.0
2020-03-16 16:00:00,113.3316,100.0,1.5906755579635502e-06,0.0,699.9999999015105,0.0,0.0,Spring,6.296199999999999,0.0,0.0,0.0
2020-03-16 17:00:00,39.618,100.0,0.0,64.36742827492235,635.6325716265882,0.0,0.0,Spring,2.201,9.195346896417478,0.0,0.0
2020-03-16 18:00:00,0.0,100.0,0.0,106.60035817780522,529.032213448783,0.0,0.0,Spring,0.0,15.228622596829316,0.0,0.0
2020-03-16 19:00:00,0.0,100.0,0.0,106.60035817780522,422.43185527097774,0.0,0.0,Spring,0.0,15.228622596829316,0.0,0.0
2020-03-16 20:00:00,0.0,100.0,0.0,106.60035817780522,315.8314970931725,0.0,0.0,Spring,0.0,15.228622596829316,0.0,0.0
2020-03-16 21:00:00,0.0,100.0,0.0,106.60035817780522,209.2311389153673,0.0,0.0,Spring,0.0,15.228622596829316,0.0,0.0
2020-03-16 22:00:00,0.0,100.0,0.0,106.60035817780522,102.63078073756209,0.0,0.0,Spring,0.0,15.228622596829316,0.0,0.0
2020-03-16 23:00:00,0.0,100.0,0.0,102.63078073756209,0.0,3.723793717111178,0.0,Spring,0.0,14.661540105366013,9.309484292777945,0.0
2020-03-17 00:00:00,0.0,40.0,0.0,0.0,0.0,40.0,60.0,Spring,0.0,0.0,100.0,60.0
2020-03-17 01:00:00,0.0,40.0,0.0,0.0,0.0,40.0,60.0,Spring,0.0,0.0,100.0,60.0
2020-03-17 02:00:00,0.0,40.0,0.0,0.0,0.0,40.0,60.0,Spring,0.0,0.0,100.0,60.0
2020-03-17 03:00:00,0.0,40.0,0.0,0.0,0.0,40.0,60.0,Spring,0.0,0.0,100.0,60.0
2020-03-17 04:00:00,0.0,40.0,0.0,0.0,0.0,40.0,60.0,Spring,0.0,0.0,100.0,60.0
2020-03-17 05:00:00,0.0,40.0,0.0,0.0,0.0,40.0,60.0,Spring,0.0,0.0,100.0,60.0
2020-03-17 06:00:00,18.8316,58.8316,0.0,0.0,0.0,40.0,41.16839999999999,Spring,1.0462,0.0,100.0,41.16839999999999
2020-03-17 07:00:00,252.018,100.0,152.018,0.0,142.60552459536763,0.0,0.0,Spring,14.001,0.0,0.0,0.0
2020-03-17 08:00:00,532.17,100.0,200.0,0.0,330.22215498830485,0.0,0.0,Spring,29.564999999999998,0.0,0.0,0.0
2020-03-17 09:00:00,313.434,100.0,200.0,0.0,517.838785381242,0.0,0.0,Spring,17.413,0.0,0.0,0.0
2020-03-17 10:00:00,667.242,100.0,182.16121461875795,0.0,688.7211517565221,0.0,0.0,Spring,37.068999999999996,0.0,0.0,0.0
2020-03-17 11:00:00,755.316,100.0,11.27884824347787,0.0,699.3016492672953,0.0,0.0,Spring,41.961999999999996,0.0,0.0,0.0
2020-03-17 12:00:00,620.856,100.0,0.6983507327047409,0.0,699.9567603238077,0.0,0.0,Spring,34.492,0.0,0.0,0.0
2020-03-17 13:00:00,658.998,100.0,0.04323967619228643,0.0,699.9973227355401,0.0,0.0,Spring,36.611000000000004,0.0,0.0,0.0
2020-03-17 14:00:00,683.19,100.0,0.002677264459896833,0.0,699.9998342322233,0.0,0.0,Spring,37.955000000000005,0.0,0.0,0.0
2020-03-17 15:00:00,628.218,100.0,0.00016576777666341513,0.0,699.9999897361818,0.0,0.0,Spring,34.900999999999996,0.0,0.0,0.0
2020-03-17 16:00:00,392.616,100.0,1.0263818199746311e-05,0.0,699.9999993644967,0.0,0.0,Spring,21.811999999999998,0.0,0.0,0.0
2020-03-17 17:00:00,151.1946,100.0,6.355033256113529e-07,0.0,699.9999999606516,0.0,0.0,Spring,8.399700000000001,0.0,0.0,0.0
2020-03-17 18:00:00,0.0,100.0,0.0,106.60035817780522,593.3996417828464,0.0,0.0,Spring,0.0,15.228622596829316,0.0,0.0
2020-03-17 19:00:00,0.0,100.0,0.0,106.60035817780522,486.79928360504124,0.0,0.0,Spring,0.0,15.228622596829316,0.0,0.0
2020-03-17 20:00:00,0.0,100.0,0.0,106.60035817780522,380.198925427236,0.0,0.0,Spring,0.0,15.228622596829316,0.0,0.0
2020-03-17 21:00:00,0.0,100.0,0.0,106.60035817780522,273.5985672494308,0.0,0.0,Spring,0.0,15.228622596829316,0.0,0.0
2020-03-17 22:00:00,0.0,100.0,0.0,106.60035817780522,166.9982090716256,0.0,0.0,Spring,0.0,15.228622596829316,0.0,0.0
2020-03-17 23:00:00,0.0,100.0,0.0,106.60035817780522,60.39785089382039,0.0,0.0,Spring,0.0,15.228622596829316,0.0,0.0
2020-03-18 00:00:00,0.0,96.65820633836816,0.0,60.39785089382039,0.0,40.0,3.341793661631847,Spring,0.0,8.628264413402913,100.0,3.341793661631847
2020-03-18 01:00:00,0.0,40.0,0.0,0.0,0.0,40.0,60.0,Spring,0.0,0.0,100.0,60.0
2020-03-18 02:00:00,0.0,40.0,0.0,0.0,0.0,40.0,60.0,Spring,0.0,0.0,100.0,60.0
2020-03-18 03:00:00,0.0,40.0,0.0,0.0,0.0,40.0,60.0,Spring,0.0,0.0,100.0,60.0
2020-03-18 04:00:00,0.0,40.0,0.0,0.0,0.0,40.0,60.0,Spring,0.0,0.0,100.0,60.0
2020-03-18 05:00:00,0.0,40.0,0.0,0.0,0.0,40.0,60.0,Spring,0.0,0.0,100.0,60.0
2020-03-18 06:00:00,150.786,100.0,50.786,0.0,47.64149095567854,0.0,0.0,Spring,8.376999999999999,0.0,0.0,0.0
2020-03-18 07:00:00,1476.054,100.0,200.0,0.0,235.25812134861573,0.0,0.0,Spring,82.003,0.0,0.0,0.0
2020-03-18 08:00:00,2377.8,100.0,200.0,0.0,422.874751741553,0.0,0.0,Spring,132.10000000000002,0.0,0.0,0.0
2020-03-18 09:00:00,1832.58,100.0,200.0,0.0,610.4913821344902,0.0,0.0,Spring,101.81,0.0,0.0,0.0
2020-03-18 10:00:00,2633.166,100.0,89.50861786550982,0.0,694.4579085097702,0.0,0.0,Spring,146.287,0.0,0.0,0.0
2020-03-18 11:00:00,2734.956,100.0,5.542091490229825,0.0,699.6568511634016,0.0,0.0,Spring,151.942,0.0,0.0,0.0
2020-03-18 12:00:00,2720.988,100.0,0.34314883659838236,0.0,699.9787533056309,0.0,0.0,Spring,151.166,0.0,0.0,0.0
2020-03-18 13:00:00,2782.818,100.0,0.02124669436912518,0.0,699.9986844716535,0.0,0.0,Spring,154.601,0.0,0.0,0.0
2020-03-18 14:00:00,2833.578,100.0,0.0013155283464584499,0.0,699.9999185466312,0.0,0.0,Spring,157.421,0.0,0.0,0.0
2020-03-18 15:00:00,2693.664,100.0,8.145336876623332e-05,0.0,699.9999949566642,0.0,0.0,Spring,149.648,0.0,0.0,0.0
2020-03-18 16:00:00,1922.418,100.0,5.043335841037333e-06,0.0,699.9999996877325,0.0,0.0,Spring,106.80099999999999,0.0,0.0,0.0
2020-03-18 17:00:00,378.252,100.0,3.122674534097314e-07,0.0,699.9999999806654,0.0,0.0,Spring,21.014,0.0,0.0,0.0
2020-03-18 18:00:00,0.0,100.0,0.0,106.60035817780522,593.3996418028602,0.0,0.0,Spring,0.0,15.228622596829316,0.0,0.0
2020-03-18 19:00:00,0.0,100.0,0.0,106.60035817780522,486.799283625055,0.0,0.0,Spring,0.0,15.228622596829316,0.0,0.0
2020-03-18 20:00:00,0.0,100.0,0.0,106.60035817780522,380.1989254472498,0.0,0.0,Spring,0.0,15.228622596829316,0.0,0.0
2020-03-18 21:00:00,0.0,100.0,0.0,106.60035817780522,273.5985672694446,0.0,0.0,Spring,0.0,15.228622596829316,0.0,0.0
2020-03-18 22:00:00,0.0,100.0,0.0,106.60035817780522,166.99820909163938,0.0,0.0,Spring,0.0,15.228622596829316,0.0,0.0
2020-03-18 23:00:00,0.0,100.0,0.0,106.60035817780522,60.39785091383416,0.0,0.0,Spring,0.0,15.228622596829316,0.0,0.0
2020-03-19 00:00:00,0.0,96.65820635714275,0.0,60.39785091383416,0.0,40.0,3.3417936428572617,Spring,0.0,8.628264416262024,100.0,3.3417936428572617
2020-03-19 01:00:00,0.0,40.0,0.0,0.0,0.0,40.0,60.0,Spring,0.0,0.0,100.0,60.0
2020-03-19 02:00:00,0.0,40.0,0.0,0.0,0.0,40.0,60.0,Spring,0.0,0.0,100.0,60.0
2020-03-19 03:00:00,0.0,40.0,0.0,0.0,0.0,40.0,60.0,Spring,0.0,0.0,100.0,60.0
2020-03-19 04:00:00,0.0,40.0,0.0,0.0,0.0,40.0,60.0,Spring,0.0,0.0,100.0,60.0
2020-03-19 05:00:00,0.0,40.0,0.0,0.0,0.0,40.0,60.0,Spring,0.0,0.0,100.0,60.0
2020-03-19 06:00:00,270.054,100.0,170.05399999999997,0.0,159.52479232420268,0.0,0.0,Spring,15.003,0.0,0.0,0.0
2020-03-19 07:00:00,1913.652,100.0,200.0,0.0,347.1414227171399,0.0,0.0,Spring,106.314,0.0,0.0,0.0
2020-03-19 08:00:00,2478.42,100.0,200.0,0.0,534.7580531100771,0.0,0.0,Spring,137.69,0.0,0.0,0.0
2020-03-19 09:00:00,2662.182,100.0,165.24194688992296,0.0,689.7687394853572,0.0,0.0,Spring,147.89899999999997,0.0,0.0,0.0
2020-03-19 10:00:00,2774.052,100.0,10.23126051464281,0.0,699.3665125975051,0.0,0.0,Spring,154.114,0.0,0.0,0.0
2020-03-19 11:00:00,2692.926,100.0,0.6334874024948803,0.0,699.9607764567675,0.0,0.0,Spring,149.607,0.0,0.0,0.0
2020-03-19 12:00:00,2679.552,100.0,0.03922354323253967,0.0,699.9975714018343,0.0,0.0,Spring,148.86400000000003,0.0,0.0,0.0
2020-03-19 13:00:00,2732.238,100.0,0.0024285981657449158,0.0,699.9998496288564,0.0,0.0,Spring,151.791,0.0,0.0,0.0
2020-03-19 14:00:00,2779.992,100.0,0.0001503711435943842,0.0,699.9999906894927,0.0,0.0,Spring,154.44400000000002,0.0,0.0,0.0
2020-03-19 15:00:00,2716.524,100.0,9.310507215559483e-06,0.0,699.9999994235227,0.0,0.0,Spring,150.918,0.0,0.0,0.0
2020-03-19 16:00:00,2174.598,100.0,5.764772649854422e-07,0.0,699.9999999643063,0.0,0.0,Spring,120.811,0.0,0.0,0.0
2020-03-19 17:00:00,488.214,100.0,3.5693636164069175e-08,0.0,699.9999999977899,0.0,0.0,Spring,27.123,0.0,0.0,0.0
2020-03-19 18:00:00,0.0,100.0,0.0,106.60035817780522,593.3996418199848,0.0,0.0,Spring,0.0,15.228622596829316,0.0,0.0
2020-03-19 19:00:00,0.0,100.0,0.0,106.60035817780522,486.79928364217955,0.0,0.0,Spring,0.0,15.228622596829316,0.0,0.0
2020-03-19 20:00:00,0.0,100.0,0.0,106.60035817780522,380.1989254643744,0.0,0.0,Spring,0.0,15.228622596829316,0.0,0.0
2020-03-19 21:00:00,0.0,100.0,0.0,106.60035817780522,273.59856728656916,0.0,0.0,Spring,0.0,15.228622596829316,0.0,0.0
2020-03-19 22:00:00,0.0,100.0,0.0,106.60035817780522,166.99820910876394,0.0,0.0,Spring,0.0,15.228622596829316,0.0,0.0
2020-03-19 23:00:00,0.0,100.0,0.0,106.60035817780522,60.39785093095874,0.0,0.0,Spring,0.0,15.228622596829316,0.0,0.0
2020-03-20 00:00:00,0.0,96.65820637320701,0.0,60.39785093095874,0.0,40.0,3.3417936267929846,Spring,0.0,8.62826441870839,100.0,3.3417936267929846
2020-03-20 01:00:00,0.0,40.0,0.0,0.0,0.0,40.0,60.0,Spring,0.0,0.0,100.0,60.0
2020-03-20 02:00:00,0.0,40.0,0.0,0.0,0.0,40.0,60.0,Spring,0.0,0.0,100.0,60.0
2020-03-20 03:00:00,0.0,40.0,0.0,0.0,0.0,40.0,60.0,Spring,0.0,0.0,100.0,60.0
2020-03-20 04:00:00,0.0,40.0,0.0,0.0,0.0,40.0,60.0,Spring,0.0,0.0,100.0,60.0
2020-03-20 05:00:00,0.0,40.0,0.0,0.0,0.0,40.0,60.0,Spring,0.0,0.0,100.0,60.0
2020-03-20 06:00:00,62.251200000000004,100.0,0.0,0.0,0.0,37.748799999999996,0.0,Spring,3.4584,0.0,94.37199999999999,0.0
2020-03-20 07:00:00,482.652,100.0,200.0,0.0,187.6166303929372,0.0,0.0,Spring,26.814,0.0,0.0,0.0
2020-03-20 08:00:00,1114.164,100.0,200.0,0.0,375.2332607858744,0.0,0.0,Spring,61.897999999999996,0.0,0.0,0.0
2020-03-20 09:00:00,1393.452,100.0,200.0,0.0,562.8498911788115,0.0,0.0,Spring,77.414,0.0,0.0,0.0
2020-03-20 10:00:00,1836.216,100.0,137.15010882118844,0.0,691.5080975540917,0.0,0.0,Spring,102.01199999999999,0.0,0.0,0.0
2020-03-20 11:00:00,1871.28,100.0,8.491902445908286,0.0,699.4742081667259,0.0,0.0,Spring,103.96000000000001,0.0,0.0,0.0
2020-03-20 12:00:00,1852.992,100.0,0.5257918332740664,0.0,699.9674446269609,0.0,0.0,Spring,102.94399999999999,0.0,0.0,0.0
2020-03-20 13:00:00,1501.704,100.0,0.03255537303909659,0.0,699.9979842739149,0.0,0.0,Spring,83.428,0.0,0.0,0.0
2020-03-20 14:00:00,1568.736,100.0,0.0020157260851701724,0.0,699.9998751925942,0.0,0.0,Spring,87.152,0.0,0.0,0.0
2020-03-20 15:00:00,1377.378,100.0,0.00012480740575119854,0.0,699.9999922723188,0.0,0.0,Spring,76.521,0.0,0.0,0.0
2020-03-20 16:00:00,1162.224,100.0,7.727681193500757e-06,0.0,699.9999995215264,0.0,0.0,Spring,64.568,0.0,0.0,0.0
2020-03-20 17:00:00,281.88,100.0,4.784736083820462e-07,0.0,699.9999999703743,0.0,0.0,Spring,15.659999999999998,0.0,0.0,0.0
2020-03-20 18:00:00,0.0,100.0,0.0,106.60035817780522,593.3996417925692,0.0,0.0,Spring,0.0,15.228622596829316,0.0,0.0
2020-03-20 19:00:00,0.0,100.0,0.0,106.60035817780522,486.79928361476397,0.0,0.0,Spring,0.0,15.228622596829316,0.0,0.0
2020-03-20 20:00:00,0.0,100.0,0.0,106.60035817780522,380.1989254369588,0.0,0.0,Spring,0.0,15.228622596829316,0.0,0.0
2020-03-20 21:00:00,0.0,100.0,0.0,106.60035817780522,273.5985672591536,0.0,0.0,Spring,0.0,15.228622596829316,0.0,0.0
2020-03-20 22:00:00,0.0,100.0,0.0,106.60035817780522,166.9982090813484,0.0,0.0,Spring,0.0,15.228622596829316,0.0,0.0
2020-03-20 23:00:00,0.0,100.0,0.0,106.60035817780522,60.397850903543166,0.0,0.0,Spring,0.0,15.228622596829316,0.0,0.0
2020-03-21 00:00:00,0.0,96.65820634748893,0.0,60.397850903543166,0.0,40.0,3.341793652511072,Spring,0.0,8.62826441479188,100.0,3.3417936525110723
2020-03-21 01:00:00,0.0,40.0,0.0,0.0,0.0,40.0,60.0,Spring,0.0,0.0,100.0,60.0
2020-03-21 02:00:00,0.0,40.0,0.0,0.0,0.0,40.0,60.0,Spring,0.0,0.0,100.0,60.0
2020-03-21 03:00:00,0.0,40.0,0.0,0.0,0.0,40.0,60.0,Spring,0.0,0.0,100.0,60.0
2020-03-21 04:00:00,0.0,40.0,0.0,0.0,0.0,40.0,60.0,Spring,0.0,0.0,100.0,60.0
2020-03-21 05:00:00,0.0,40.0,0.0,0.0,0.0,40.0,60.0,Spring,0.0,0.0,100.0,60.0
2020-03-21 06:00:00,392.418,100.0,200.0,0.0,187.6166303929372,0.0,0.0,Spring,21.801000000000002,0.0,0.0,0.0
2020-03-21 07:00:00,2073.816,100.0,200.0,0.0,375.2332607858744,0.0,0.0,Spring,115.21199999999997,0.0,0.0,0.0
2020-03-21 08:00:00,2259.054,100.0,200.0,0.0,562.8498911788115,0.0,0.0,Spring,125.50300000000001,0.0,0.0,0.0
2020-03-21 09:00:00,2333.898,100.0,137.15010882118844,0.0,691.5080975540917,0.0,0.0,Spring,129.661,0.0,0.0,0.0
2020-03-21 10:00:00,1940.4,100.0,8.491902445908286,0.0,699.4742081667259,0.0,0.0,Spring,107.80000000000001,0.0,0.0,0.0
2020-03-21 11:00:00,2158.704,100.0,0.5257918332740664,0.0,699.9674446269609,0.0,0.0,Spring,119.92800000000001,0.0,0.0,0.0
2020-03-21 12:00:00,1989.054,100.0,0.03255537303909659,0.0,699.9979842739149,0.0,0.0,Spring,110.503,0.0,0.0,0.0
2020-03-21 13:00:00,1010.34,100.0,0.0020157260851701724,0.0,699.9998751925942,0.0,0.0,Spring,56.13,0.0,0.0,0.0
2020-03-21 14:00:00,1219.86,100.0,0.00012480740575119854,0.0,699.9999922723188,0.0,0.0,Spring,67.77,0.0,0.0,0.0
2020-03-21 15:00:00,1581.102,100.0,7.727681193500757e-06,0.0,699.9999995215264,0.0,0.0,Spring,87.839,0.0,0.0,0.0
2020-03-21 16:00:00,1795.77,100.0,4.784736083820462e-07,0.0,699.9999999703743,0.0,0.0,Spring,99.765,0.0,0.0,0.0
2020-03-21 17:00:00,462.168,100.0,2.9625603929162025e-08,0.0,699.9999999981657,0.0,0.0,Spring,25.676,0.0,0.0,0.0
2020-03-21 18:00:00,0.0,100.0,0.0,106.60035817780522,593.3996418203604,0.0,0.0,Spring,0.0,15.228622596829316,0.0,0.0
2020-03-21 19:00:00,0.0,100.0,0.0,106.60035817780522,486.7992836425552,0.0,0.0,Spring,0.0,15.228622596829316,0.0,0.0
2020-03-21 20:00:00,0.0,100.0,0.0,106.60035817780522,380.19892546475006,0.0,0.0,Spring,0.0,15.228622596829316,0.0,0.0
2020-03-21 21:00:00,0.0,100.0,0.0,106.60035817780522,273.59856728694484,0.0,0.0,Spring,0.0,15.228622596829316,0.0,0.0
2020-03-21 22:00:00,0.0,100.0,0.0,106.60035817780522,166.99820910913962,0.0,0.0,Spring,0.0,15.228622596829316,0.0,0.0
2020-03-21 23:00:00,0.0,100.0,0.0,106.60035817780522,60.39785093133441,0.0,0.0,Spring,0.0,15.228622596829316,0.0,0.0
2020-03-22 00:00:00,0.0,96.65820637355942,0.0,60.39785093133441,0.0,40.0,3.3417936264405768,Spring,0.0,8.62826441876206,100.0,3.341793626440577
2020-03-22 01:00:00,0.0,40.0,0.0,0.0,0.0,40.0,60.0,Spring,0.0,0.0,100.0,60.0
2020-03-22 02:00:00,0.0,40.0,0.0,0.0,0.0,40.0,60.0,Spring,0.0,0.0,100.0,60.0
2020-03-22 03:00:00,0.0,40.0,0.0,0.0,0.0,40.0,60.0,Spring,0.0,0.0,100.0,60.0
2020-03-22 04:00:00,0.0,40.0,0.0,0.0,0.0,40.0,60.0,Spring,0.0,0.0,100.0,60.0
2020-03-22 05:00:00,0.0,40.0,0.0,0.0,0.0,40.0,60.0,Spring,0.0,0.0,100.0,60.0
2020-03-22 06:00:00,108.49680000000001,100.0,8.496800000000007,0.0,7.970704925613551,0.0,0.0,Spring,6.0276000000000005,0.0,0.0,0.0
2020-03-22 07:00:00,141.849,100.0,41.84899999999999,0.0,47.22854675218368,0.0,0.0,Spring,7.8805,0.0,0.0,0.0
2020-03-22 08:00:00,253.53,100.0,153.53,0.0,191.2524530733219,0.0,0.0,Spring,14.085,0.0,0.0,0.0
2020-03-22 09:00:00,286.02,100.0,186.01999999999998,0.0,365.7546810017928,0.0,0.0,Spring,15.889999999999999,0.0,0.0,0.0
2020-03-22 10:00:00,365.022,100.0,200.0,0.0,553.37131139473,0.0,0.0,Spring,20.279,0.0,0.0,0.0
2020-03-22 11:00:00,418.77,100.0,146.62868860526999,0.0,690.92121377001,0.0,0.0,Spring,23.265,0.0,0.0,0.0
2020-03-22 12:00:00,420.48,100.0,9.078786229989957,0.0,699.4378701726527,0.0,0.0,Spring,23.36,0.0,0.0,0.0
2020-03-22 13:00:00,366.786,100.0,0.5621298273473513,0.0,699.965194692904,0.0,0.0,Spring,20.377000000000002,0.0,0.0,0.0
2020-03-22 14:00:00,291.78,100.0,0.03480530709598679,0.0,699.9978449650897,0.0,0.0,Spring,16.21,0.0,0.0,0.0
2020-03-22 15:00:00,203.49,100.0,0.0021550349103054032,0.0,699.999866567031,0.0,0.0,Spring,11.305000000000001,0.0,0.0,0.0
2020-03-22 16:00:00,111.5694,100.0,0.00013343296910170465,0.0,699.9999917382512,0.0,0.0,Spring,6.198300000000001,0.0,0.0,0.0
2020-03-22 17:00:00,78.75359999999999,100.0,0.0,22.648738499889216,677.3512532383619,0.0,0.0,Spring,4.3751999999999995,3.2355340714127454,0.0,0.0
2020-03-22 18:00:00,0.0,100.0,0.0,106.60035817780522,570.7508950605567,0.0,0.0,Spring,0.0,15.228622596829316,0.0,0.0
2020-03-22 19:00:00,0.0,100.0,0.0,106.60035817780522,464.1505368827515,0.0,0.0,Spring,0.0,15.228622596829316,0.0,0.0
2020-03-22 20:00:00,0.0,100.0,0.0,106.60035817780522,357.5501787049463,0.0,0.0,Spring,0.0,15.228622596829316,0.0,0.0
2020-03-22 21:00:00,0.0,100.0,0.0,106.60035817780522,250.9498205271411,0.0,0.0,Spring,0.0,15.228622596829316,0.0,0.0
2020-03-22 22:00:00,0.0,100.0,0.0,106.60035817780522,144.3494623493359,0.0,0.0,Spring,0.0,15.228622596829316,0.0,0.0
2020-03-22 23:00:00,0.0,100.0,0.0,106.60035817780522,37.749104171530675,0.0,0.0,Spring,0.0,15.228622596829316,0.0,0.0
2020-03-23 00:00:00,0.0,75.41179862507278,0.0,37.749104171530675,0.0,40.0,24.588201374927223,Spring,0.0,5.392729167361525,100.0,24.588201374927223
2020-03-23 01:00:00,0.0,40.0,0.0,0.0,0.0,40.0,60.0,Spring,0.0,0.0,100.0,60.0
2020-03-23 02:00:00,0.0,40.0,0.0,0.0,0.0,40.0,60.0,Spring,0.0,0.0,100.0,60.0
2020-03-23 03:00:00,0.0,40.0,0.0,0.0,0.0,40.0,60.0,Spring,0.0,0.0,100.0,60.0
2020-03-23 04:00:00,0.0,40.0,0.0,0.0,0.0,40.0,60.0,Spring,0.0,0.0,100.0,60.0
2020-03-23 05:00:00,0.0,40.0,0.0,0.0,0.0,40.0,60.0,Spring,0.0,0.0,100.0,60.0
2020-03-23 06:00:00,342.342,100.0,200.0,0.0,187.6166303929372,0.0,0.0,Spring,19.019,0.0,0.0,0.0
2020-03-23 07:00:00,1860.534,100.0,200.0,0.0,375.2332607858744,0.0,0.0,Spring,103.363,0.0,0.0,0.0
2020-03-23 08:00:00,2663.712,100.0,200.0,0.0,562.8498911788115,0.0,0.0,Spring,147.984,0.0,0.0,0.0
2020-03-23 09:00:00,2906.748,100.0,137.15010882118844,0.0,691.5080975540917,0.0,0.0,Spring,161.486,0.0,0.0,0.0
2020-03-23 10:00:00,2819.664,100.0,8.491902445908286,0.0,699.4742081667259,0.0,0.0,Spring,156.648,0.0,0.0,0.0
2020-03-23 11:00:00,2735.406,100.0,0.5257918332740664,0.0,699.9674446269609,0.0,0.0,Spring,151.967,0.0,0.0,0.0
2020-03-23 12:00:00,2662.902,100.0,0.03255537303909659,0.0,699.9979842739149,0.0,0.0,Spring,147.939,0.0,0.0,0.0
2020-03-23 13:00:00,2138.112,100.0,0.0020157260851701724,0.0,699.9998751925942,0.0,0.0,Spring,118.784,0.0,0.0,0.0
2020-03-23 14:00:00,1901.61,100.0,0.00012480740575119854,0.0,699.9999922723188,0.0,0.0,Spring,105.64499999999998,0.0,0.0,0.0
2020-03-23 15:00:00,1793.394,100.0,7.727681193500757e-06,0.0,699.9999995215264,0.0,0.0,Spring,99.63300000000001,0.0,0.0,0.0
2020-03-23 16:00:00,1971.126,100.0,4.784736083820462e-07,0.0,699.9999999703743,0.0,0.0,Spring,109.507,0.0,0.0,0.0
2020-03-23 17:00:00,489.384,100.0,2.9625603929162025e-08,0.0,699.9999999981657,0.0,0.0,Spring,27.188000000000002,0.0,0.0,0.0
2020-03-23 18:00:00,0.0,100.0,0.0,106.60035817780522,593.3996418203604,0.0,0.0,Spring,0.0,15.228622596829316,0.0,0.0
2020-03-23 19:00:00,0.0,100.0,0.0,106.60035817780522,486.7992836425552,0.0,0.0,Spring,0.0,15.228622596829316,0.0,0.0
2020-03-23 20:00:00,0.0,100.0,0.0,106.60035817780522,380.19892546475006,0.0,0.0,Spring,0.0,15.228622596829316,0.0,0.0
2020-03-23 21:00:00,0.0,100.0,0.0,106.60035817780522,273.59856728694484,0.0,0.0,Spring,0.0,15.228622596829316,0.0,0.0
2020-03-23 22:00:00,0.0,100.0,0.0,106.60035817780522,166.99820910913962,0.0,0.0,Spring,0.0,15.228622596829316,0.0,0.0
2020-03-23 23:00:00,0.0,100.0,0.0,106.60035817780522,60.39785093133441,0.0,0.0,Spring,0.0,15.228622596829316,0.0,0.0
2020-03-24 00:00:00,0.0,96.65820637355942,0.0,60.39785093133441,0.0,40.0,3.3417936264405768,Spring,0.0,8.62826441876206,100.0,3.341793626440577
2020-03-24 01:00:00,0.0,40.0,0.0,0.0,0.0,40.0,60.0,Spring,0.0,0.0,100.0,60.0
2020-03-24 02:00:00,0.0,40.0,0.0,0.0,0.0,40.0,60.0,Spring,0.0,0.0,100.0,60.0
2020-03-24 03:00:00,0.0,40.0,0.0,0.0,0.0,40.0,60.0,Spring,0.0,0.0,100.0,60.0
2020-03-24 04:00:00,0.0,40.0,0.0,0.0,0.0,40.0,60.0,Spring,0.0,0.0,100.0,60.0
2020-03-24 05:00:00,0.0,40.0,0.0,0.0,0.0,40.0,60.0,Spring,0.0,0.0,100.0,60.0
2020-03-24 06:00:00,291.348,100.0,191.348,0.0,179.50033496213874,0.0,0.0,Spring,16.186,0.0,0.0,0.0
2020-03-24 07:00:00,511.434,100.0,200.0,0.0,367.1169653550759,0.0,0.0,Spring,28.413,0.0,0.0,0.0
2020-03-24 08:00:00,412.038,100.0,200.0,0.0,554.7335957480132,0.0,0.0,Spring,22.891000000000002,0.0,0.0,0.0
2020-03-24 09:00:00,879.66,100.0,145.26640425198687,0.0,691.0055621232933,0.0,0.0,Spring,48.87,0.0,0.0,0.0
2020-03-24 10:00:00,778.716,100.0,8.99443787670671,0.0,699.443092756825,0.0,0.0,Spring,43.262,0.0,0.0,0.0
2020-03-24 11:00:00,1497.276,100.0,0.5569072431750829,0.0,699.9655180588546,0.0,0.0,Spring,83.182,0.0,0.0,0.0
2020-03-24 12:00:00,2502.342,100.0,0.0344819411453791,0.0,699.9978649868901,0.0,0.0,Spring,139.019,0.0,0.0,0.0
2020-03-24 13:00:00,2633.31,100.0,0.00213501310988795,0.0,699.9998678067177,0.0,0.0,Spring,146.295,0.0,0.0,0.0
2020-03-24 14:00:00,2054.934,100.0,0.00013219328224658967,0.0,699.9999918150087,0.0,0.0,Spring,114.16300000000001,0.0,0.0,0.0
2020-03-24 15:00:00,1180.476,100.0,8.184991311281919e-06,0.0,699.9999994932111,0.0,0.0,Spring,65.58200000000001,0.0,0.0,0.0
2020-03-24 16:00:00,278.694,100.0,5.067888414487243e-07,0.0,699.9999999686212,0.0,0.0,Spring,15.483000000000002,0.0,0.0,0.0
2020-03-24 17:00:00,69.606,100.0,0.0,32.400112864562125,667.5998871040591,0.0,0.0,Spring,3.8669999999999995,4.628587552080304,0.0,0.0
2020-03-24 18:00:00,0.0,100.0,0.0,106.60035817780522,560.9995289262539,0.0,0.0,Spring,0.0,15.228622596829316,0.0,0.0
2020-03-24 19:00:00,0.0,100.0,0.0,106.60035817780522,454.3991707484487,0.0,0.0,Spring,0.0,15.228622596829316,0.0,0.0
2020-03-24 20:00:00,0.0,100.0,0.0,106.60035817780522,347.7988125706435,0.0,0.0,Spring,0.0,15.228622596829316,0.0,0.0
2020-03-24 21:00:00,0.0,100.0,0.0,106.60035817780522,241.1984543928383,0.0,0.0,Spring,0.0,15.228622596829316,0.0,0.0
2020-03-24 22:00:00,0.0,100.0,0.0,106.60035817780522,134.59809621503308,0.0,0.0,Spring,0.0,15.228622596829316,0.0,0.0
2020-03-24 23:00:00,0.0,100.0,0.0,106.60035817780522,27.997738037227872,0.0,0.0,Spring,0.0,15.228622596829316,0.0,0.0
2020-03-25 00:00:00,0.0,66.2642063458443,0.0,27.997738037227872,0.0,40.0,33.7357936541557,Spring,0.0,3.9996768624611247,100.0,33.7357936541557
2020-03-25 01:00:00,0.0,40.0,0.0,0.0,0.0,40.0,60.0,Spring,0.0,0.0,100.0,60.0
2020-03-25 02:00:00,0.0,40.0,0.0,0.0,0.0,40.0,60.0,Spring,0.0,0.0,100.0,60.0
2020-03-25 03:00:00,0.0,40.0,0.0,0.0,0.0,40.0,60.0,Spring,0.0,0.0,100.0,60.0
2020-03-25 04:00:00,0.0,40.0,0.0,0.0,0.0,40.0,60.0,Spring,0.0,0.0,100.0,60.0
2020-03-25 05:00:00,0.0,40.0,0.0,0.0,0.0,40.0,60.0,Spring,0.0,0.0,100.0,60.0
2020-03-25 06:00:00,398.682,100.0,200.0,0.0,187.6166303929372,0.0,0.0,Spring,22.149,0.0,0.0,0.0
2020-03-25 07:00:00,1841.742,100.0,200.0,0.0,375.2332607858744,0.0,0.0,Spring,102.319,0.0,0.0,0.0
2020-03-25 08:00:00,1803.474,100.0,200.0,0.0,562.8498911788115,0.0,0.0,Spring,100.193,0.0,0.0,0.0
2020-03-25 09:00:00,1601.136,100.0,137.15010882118844,0.0,691.5080975540917,0.0,0.0,Spring,88.952,0.0,0.0,0.0
2020-03-25 10:00:00,1974.726,100.0,8.491902445908286,0.0,699.4742081667259,0.0,0.0,Spring,109.707,0.0,0.0,0.0
2020-03-25 11:00:00,983.988,100.0,0.5257918332740664,0.0,699.9674446269609,0.0,0.0,Spring,54.666000000000004,0.0,0.0,0.0
2020-03-25 12:00:00,629.136,100.0,0.03255537303909659,0.0,699.9979842739149,0.0,0.0,Spring,34.952,0.0,0.0,0.0
2020-03-25 13:00:00,1349.64,100.0,0.0020157260851701724,0.0,699.9998751925942,0.0,0.0,Spring,74.98,0.0,0.0,0.0
2020-03-25 14:00:00,1708.614,100.0,0.00012480740575119854,0.0,699.9999922723188,0.0,0.0,Spring,94.923,0.0,0.0,0.0
2020-03-25 15:00:00,1339.488,100.0,7.727681193500757e-06,0.0,699.9999995215264,0.0,0.0,Spring,74.41600000000001,0.0,0.0,0.0
2020-03-25 16:00:00,823.536,100.0,4.784736083820462e-07,0.0,699.9999999703743,0.0,0.0,Spring,45.751999999999995,0.0,0.0,0.0
2020-03-25 17:00:00,421.164,100.0,2.9625603929162025e-08,0.0,699.9999999981657,0.0,0.0,Spring,23.398,0.0,0.0,0.0
2020-03-25 18:00:00,0.0,100.0,0.0,106.60035817780522,593.3996418203604,0.0,0.0,Spring,0.0,15.228622596829316,0.0,0.0
2020-03-25 19:00:00,0.0,100.0,0.0,106.60035817780522,486.7992836425552,0.0,0.0,Spring,0.0,15.228622596829316,0.0,0.0
2020-03-25 20:00:00,0.0,100.0,0.0,106.60035817780522,380.19892546475006,0.0,0.0,Spring,0.0,15.228622596829316,0.0,0.0
2020-03-25 21:00:00,0.0,100.0,0.0,106.60035817780522,273.59856728694484,0.0,0.0,Spring,0.0,15.228622596829316,0.0,0.0
2020-03-25 22:00:00,0.0,100.0,0.0,106.60035817780522,166.99820910913962,0.0,0.0,Spring,0.0,15.228622596829316,0.0,0.0
2020-03-25 23:00:00,0.0,100.0,0.0,106.60035817780522,60.39785093133441,0.0,0.0,Spring,0.0,15.228622596829316,0.0,0.0
2020-03-26 00:00:00,0.0,96.65820637355942,0.0,60.39785093133441,0.0,40.0,3.3417936264405768,Spring,0.0,8.62826441876206,100.0,3.341793626440577
2020-03-26 01:00:00,0.0,40.0,0.0,0.0,0.0,40.0,60.0,Spring,0.0,0.0,100.0,60.0
2020-03-26 02:00:00,0.0,40.0,0.0,0.0,0.0,40.0,60.0,Spring,0.0,0.0,100.0,60.0
2020-03-26 03:00:00,0.0,40.0,0.0,0.0,0.0,40.0,60.0,Spring,0.0,0.0,100.0,60.0
2020-03-26 04:00:00,0.0,40.0,0.0,0.0,0.0,40.0,60.0,Spring,0.0,0.0,100.0,60.0
2020-03-26 05:00:00,0.0,40.0,0.0,0.0,0.0,40.0,60.0,Spring,0.0,0.0,100.0,60.0
2020-03-26 06:00:00,489.564,100.0,200.0,0.0,187.6166303929372,0.0,0.0,Spring,27.198,0.0,0.0,0.0
2020-03-26 07:00:00,1916.46,100.0,200.0,0.0,375.2332607858744,0.0,0.0,Spring,106.47,0.0,0.0,0.0
2020-03-26 08:00:00,2625.66,100.0,200.0,0.0,562.8498911788115,0.0,0.0,Spring,145.86999999999998,0.0,0.0,0.0
2020-03-26 09:00:00,2886.822,100.0,137.15010882118844,0.0,691.5080975540917,0.0,0.0,Spring,160.37900000000002,0.0,0.0,0.0
2020-03-26 10:00:00,2865.528,100.0,8.491902445908286,0.0,699.4742081667259,0.0,0.0,Spring,159.19599999999997,0.0,0.0,0.0
2020-03-26 11:00:00,2756.898,100.0,0.5257918332740664,0.0,699.9674446269609,0.0,0.0,Spring,153.161,0.0,0.0,0.0
2020-03-26 12:00:00,2747.142,100.0,0.03255537303909659,0.0,699.9979842739149,0.0,0.0,Spring,152.619,0.0,0.0,0.0
2020-03-26 13:00:00,2799.864,100.0,0.0020157260851701724,0.0,699.9998751925942,0.0,0.0,Spring,155.548,0.0,0.0,0.0
2020-03-26 14:00:00,2818.332,100.0,0.00012480740575119854,0.0,699.9999922723188,0.0,0.0,Spring,156.57399999999998,0.0,0.0,0.0
2020-03-26 15:00:00,2702.466,100.0,7.727681193500757e-06,0.0,699.9999995215264,0.0,0.0,Spring,150.137,0.0,0.0,0.0
2020-03-26 16:00:00,2116.08,100.0,4.784736083820462e-07,0.0,699.9999999703743,0.0,0.0,Spring,117.56,0.0,0.0,0.0
2020-03-26 17:00:00,653.616,100.0,2.9625603929162025e-08,0.0,699.9999999981657,0.0,0.0,Spring,36.312,0.0,0.0,0.0
2020-03-26 18:00:00,0.0,100.0,0.0,106.60035817780522,593.3996418203604,0.0,0.0,Spring,0.0,15.228622596829316,0.0,0.0
2020-03-26 19:00:00,0.0,100.0,0.0,106.60035817780522,486.7992836425552,0.0,0.0,Spring,0.0,15.228622596829316,0.0,0.0
2020-03-26 20:00:00,0.0,100.0,0.0,106.60035817780522,380.19892546475006,0.0,0.0,Spring,0.0,15.228622596829316,0.0,0.0
2020-03-26 21:00:00,0.0,100.0,0.0,106.60035817780522,273.59856728694484,0.0,0.0,Spring,0.0,15.228622596829316,0.0,0.0
2020-03-26 22:00:00,0.0,100.0,0.0,106.60035817780522,166.99820910913962,0.0,0.0,Spring,0.0,15.228622596829316,0.0,0.0
2020-03-26 23:00:00,0.0,100.0,0.0,106.60035817780522,60.39785093133441,0.0,0.0,Spring,0.0,15.228622596829316,0.0,0.0
2020-03-27 00:00:00,0.0,96.65820637355942,0.0,60.39785093133441,0.0,40.0,3.3417936264405768,Spring,0.0,8.62826441876206,100.0,3.341793626440577
2020-03-27 01:00:00,0.0,40.0,0.0,0.0,0.0,40.0,60.0,Spring,0.0,0.0,100.0,60.0
2020-03-27 02:00:00,0.0,40.0,0.0,0.0,0.0,40.0,60.0,Spring,0.0,0.0,100.0,60.0
2020-03-27 03:00:00,0.0,40.0,0.0,0.0,0.0,40.0,60.0,Spring,0.0,0.0,100.0,60.0
2020-03-27 04:00:00,0.0,40.0,0.0,0.0,0.0,40.0,60.0,Spring,0.0,0.0,100.0,60.0
2020-03-27 05:00:00,0.0,40.0,0.0,0.0,0.0,40.0,60.0,Spring,0.0,0.0,100.0,60.0
2020-03-27 06:00:00,517.356,100.0,200.0,0.0,187.6166303929372,0.0,0.0,Spring,28.742,0.0,0.0,0.0
2020-03-27 07:00:00,2356.92,100.0,200.0,0.0,375.2332607858744,0.0,0.0,Spring,130.94,0.0,0.0,0.0
2020-03-27 08:00:00,2725.668,100.0,200.0,0.0,562.8498911788115,0.0,0.0,Spring,151.42600000000002,0.0,0.0,0.0
2020-03-27 09:00:00,2732.454,100.0,137.15010882118844,0.0,691.5080975540917,0.0,0.0,Spring,151.803,0.0,0.0,0.0
2020-03-27 10:00:00,2612.646,100.0,8.491902445908286,0.0,699.4742081667259,0.0,0.0,Spring,145.147,0.0,0.0,0.0
2020-03-27 11:00:00,2496.294,100.0,0.5257918332740664,0.0,699.9674446269609,0.0,0.0,Spring,138.683,0.0,0.0,0.0
2020-03-27 12:00:00,2366.784,100.0,0.03255537303909659,0.0,699.9979842739149,0.0,0.0,Spring,131.488,0.0,0.0,0.0
2020-03-27 13:00:00,2440.494,100.0,0.0020157260851701724,0.0,699.9998751925942,0.0,0.0,Spring,135.583,0.0,0.0,0.0
2020-03-27 14:00:00,2321.064,100.0,0.00012480740575119854,0.0,699.9999922723188,0.0,0.0,Spring,128.948,0.0,0.0,0.0
2020-03-27 15:00:00,1092.96,100.0,7.727681193500757e-06,0.0,699.9999995215264,0.0,0.0,Spring,60.720000000000006,0.0,0.0,0.0
2020-03-27 16:00:00,231.174,100.0,4.784736083820462e-07,0.0,699.9999999703743,0.0,0.0,Spring,12.843000000000002,0.0,0.0,0.0
2020-03-27 17:00:00,53.5932,100.0,0.0,49.46981501885771,650.5301849515167,0.0,0.0,Spring,2.9774000000000003,7.067116431265387,0.0,0.0
2020-03-27 18:00:00,0.0,100.0,0.0,106.60035817780522,543.9298267737115,0.0,0.0,Spring,0.0,15.228622596829316,0.0,0.0
2020-03-27 19:00:00,0.0,100.0,0.0,106.60035817780522,437.3294685959063,0.0,0.0,Spring,0.0,15.228622596829316,0.0,0.0
2020-03-27 20:00:00,0.0,100.0,0.0,106.60035817780522,330.7291104181011,0.0,0.0,Spring,0.0,15.228622596829316,0.0,0.0
2020-03-27 21:00:00,0.0,100.0,0.0,106.60035817780522,224.12875224029588,0.0,0.0,Spring,0.0,15.228622596829316,0.0,0.0
2020-03-27 22:00:00,0.0,100.0,0.0,106.60035817780522,117.52839406249065,0.0,0.0,Spring,0.0,15.228622596829316,0.0,0.0
2020-03-27 23:00:00,0.0,100.0,0.0,106.60035817780522,10.928035884685436,0.0,0.0,Spring,0.0,15.228622596829316,0.0,0.0
2020-03-28 00:00:00,0.0,50.25140634748891,0.0,10.928035884685436,0.0,40.0,49.74859365251109,Spring,0.0,1.5611479835264908,100.0,49.74859365251109
2020-03-28 01:00:00,0.0,40.0,0.0,0.0,0.0,40.0,60.0,Spring,0.0,0.0,100.0,60.0
2020-03-28 02:00:00,0.0,40.0,0.0,0.0,0.0,40.0,60.0,Spring,0.0,0.0,100.0,60.0
2020-03-28 03:00:00,0.0,40.0,0.0,0.0,0.0,40.0,60.0,Spring,0.0,0.0,100.0,60.0
2020-03-28 04:00:00,0.0,40.0,0.0,0.0,0.0,40.0,60.0,Spring,0.0,0.0,100.0,60.0
2020-03-28 05:00:00,0.0,40.0,0.0,0.0,0.0,40.0,60.0,Spring,0.0,0.0,100.0,60.0
2020-03-28 06:00:00,83.0592,100.0,0.0,0.0,0.0,16.940799999999996,0.0,Spring,4.614400000000001,0.0,42.35199999999999,0.0
2020-03-28 07:00:00,681.822,100.0,200.0,0.0,187.6166303929372,0.0,0.0,Spring,37.879000000000005,0.0,0.0,0.0
2020-03-28 08:00:00,2014.074,100.0,200.0,0.0,375.2332607858744,0.0,0.0,Spring,111.893,0.0,0.0,0.0
2020-03-28 09:00:00,2331.198,100.0,200.0,0.0,562.8498911788115,0.0,0.0,Spring,129.511,0.0,0.0,0.0
2020-03-28 10:00:00,1932.102,100.0,137.15010882118844,0.0,691.5080975540917,0.0,0.0,Spring,107.33900000000001,0.0,0.0,0.0
2020-03-28 11:00:00,1870.596,100.0,8.491902445908286,0.0,699.4742081667259,0.0,0.0,Spring,103.922,0.0,0.0,0.0
2020-03-28 12:00:00,2063.628,100.0,0.5257918332740664,0.0,699.9674446269609,0.0,0.0,Spring,114.646,0.0,0.0,0.0
2020-03-28 13:00:00,2420.46,100.0,0.03255537303909659,0.0,699.9979842739149,0.0,0.0,Spring,134.47,0.0,0.0,0.0
2020-03-28 14:00:00,2360.916,100.0,0.0020157260851701724,0.0,699.9998751925942,0.0,0.0,Spring,131.162,0.0,0.0,0.0
2020-03-28 15:00:00,1567.278,100.0,0.00012480740575119854,0.0,699.9999922723188,0.0,0.0,Spring,87.071,0.0,0.0,0.0
2020-03-28 16:00:00,604.854,100.0,7.727681193500757e-06,0.0,699.9999995215264,0.0,0.0,Spring,33.60300000000001,0.0,0.0,0.0
2020-03-28 17:00:00,152.2926,100.0,4.784736083820462e-07,0.0,699.9999999703743,0.0,0.0,Spring,8.460700000000001,0.0,0.0,0.0
2020-03-28 18:00:00,0.0,100.0,0.0,106.60035817780522,593.3996417925692,0.0,0.0,Spring,0.0,15.228622596829316,0.0,0.0
2020-03-28 19:00:00,0.0,100.0,0.0,106.60035817780522,486.79928361476397,0.0,0.0,Spring,0.0,15.228622596829316,0.0,0.0
2020-03-28 20:00:00,0.0,100.0,0.0,106.60035817780522,380.1989254369588,0.0,0.0,Spring,0.0,15.228622596829316,0.0,0.0
2020-03-28 21:00:00,0.0,100.0,0.0,106.60035817780522,273.5985672591536,0.0,0.0,Spring,0.0,15.228622596829316,0.0,0.0
2020-03-28 22:00:00,0.0,100.0,0.0,106.60035817780522,166.9982090813484,0.0,0.0,Spring,0.0,15.228622596829316,0.0,0.0
2020-03-28 23:00:00,0.0,100.0,0.0,106.60035817780522,60.397850903543166,0.0,0.0,Spring,0.0,15.228622596829316,0.0,0.0
2020-03-29 00:00:00,0.0,96.65820634748893,0.0,60.397850903543166,0.0,40.0,3.341793652511072,Spring,0.0,8.62826441479188,100.0,3.3417936525110723
2020-03-29 01:00:00,0.0,40.0,0.0,0.0,0.0,40.0,60.0,Spring,0.0,0.0,100.0,60.0
2020-03-29 02:00:00,0.0,40.0,0.0,0.0,0.0,40.0,60.0,Spring,0.0,0.0,100.0,60.0
2020-03-29 03:00:00,0.0,40.0,0.0,0.0,0.0,40.0,60.0,Spring,0.0,0.0,100.0,60.0
2020-03-29 04:00:00,0.0,40.0,0.0,0.0,0.0,40.0,60.0,Spring,0.0,0.0,100.0,60.0
2020-03-29 05:00:00,0.0,40.0,0.0,0.0,0.0,40.0,60.0,Spring,0.0,0.0,100.0,60.0
2020-03-29 06:00:00,153.1098,100.0,53.10980000000001,0.0,49.82140858421408,0.0,0.0,Spring,8.5061,0.0,0.0,0.0
2020-03-29 07:00:00,2100.996,100.0,200.0,0.0,237.43803897715128,0.0,0.0,Spring,116.72200000000001,0.0,0.0,0.0
2020-03-29 08:00:00,2664.756,100.0,200.0,0.0,425.0546693700885,0.0,0.0,Spring,148.04199999999997,0.0,0.0,0.0
2020-03-29 09:00:00,1894.086,100.0,200.0,0.0,612.6712997630257,0.0,0.0,Spring,105.227,0.0,0.0,0.0
2020-03-29 10:00:00,515.52,100.0,87.32870023697429,0.0,694.5928821383058,0.0,0.0,Spring,28.64,0.0,0.0,0.0
2020-03-29 11:00:00,899.802,100.0,5.407117861694191,0.0,699.6652083050484,0.0,0.0,Spring,49.989,0.0,0.0,0.0
2020-03-29 12:00:00,1991.988,100.0,0.33479169495159294,0.0,699.9792707535001,0.0,0.0,Spring,110.666,0.0,0.0,0.0
2020-03-29 13:00:00,1050.678,100.0,0.020729246499831787,0.0,699.9987165103946,0.0,0.0,Spring,58.37100000000001,0.0,0.0,0.0
2020-03-29 14:00:00,712.26,100.0,0.0012834896054118871,0.0,699.9999205303692,0.0,0.0,Spring,39.57,0.0,0.0,0.0
2020-03-29 15:00:00,235.656,100.0,7.946963084395975e-05,0.0,699.999995079491,0.0,0.0,Spring,13.092,0.0,0.0,0.0
2020-03-29 16:00:00,187.272,100.0,4.920509061776102e-06,0.0,699.9999996953376,0.0,0.0,Spring,10.404,0.0,0.0,0.0
2020-03-29 17:00:00,77.904,100.0,0.0,23.554415142967844,676.4455845523697,0.0,0.0,Spring,4.328,3.3649164489954067,0.0,0.0
2020-03-29 18:00:00,0.0,100.0,0.0,106.60035817780522,569.8452263745646,0.0,0.0,Spring,0.0,15.228622596829316,0.0,0.0
2020-03-29 19:00:00,0.0,100.0,0.0,106.60035817780522,463.2448681967594,0.0,0.0,Spring,0.0,15.228622596829316,0.0,0.0
2020-03-29 20:00:00,0.0,100.0,0.0,106.60035817780522,356.6445100189542,0.0,0.0,Spring,0.0,15.228622596829316,0.0,0.0
2020-03-29 21:00:00,0.0,100.0,0.0,106.60035817780522,250.04415184114896,0.0,0.0,Spring,0.0,15.228622596829316,0.0,0.0
2020-03-29 22:00:00,0.0,100.0,0.0,106.60035817780522,143.44379366334377,0.0,0.0,Spring,0.0,15.228622596829316,0.0,0.0
2020-03-29 23:00:00,0.0,100.0,0.0,106.60035817780522,36.84343548553855,0.0,0.0,Spring,0.0,15.228622596829316,0.0,0.0
2020-03-30 00:00:00,0.0,74.56220608948156,0.0,36.84343548553855,0.0,40.0,25.437793910518437,Spring,0.0,5.263347926505507,100.0,25.437793910518437
2020-03-30 01:00:00,0.0,40.0,0.0,0.0,0.0,40.0,60.0,Spring,0.0,0.0,100.0,60.0
2020-03-30 02:00:00,0.0,40.0,0.0,0.0,0.0,40.0,60.0,Spring,0.0,0.0,100.0,60.0
2020-03-30 03:00:00,0.0,40.0,0.0,0.0,0.0,40.0,60.0,Spring,0.0,0.0,100.0,60.0
2020-03-30 04:00:00,0.0,40.0,0.0,0.0,0.0,40.0,60.0,Spring,0.0,0.0,100.0,60.0
2020-03-30 05:00:00,0.0,40.0,0.0,0.0,0.0,40.0,60.0,Spring,0.0,0.0,100.0,60.0
2020-03-30 06:00:00,102.5532,100.0,2.553200000000004,0.0,2.3951139035962394,0.0,0.0,Spring,5.6974,0.0,0.0,0.0
2020-03-30 07:00:00,225.99,100.0,125.99000000000001,0.0,120.58421021962702,0.0,0.0,Spring,12.555,0.0,0.0,0.0
2020-03-30 08:00:00,982.494,100.0,200.0,0.0,308.20084061256426,0.0,0.0,Spring,54.583000000000006,0.0,0.0,0.0
2020-03-30 09:00:00,2058.012,100.0,200.0,0.0,495.81747100550143,0.0,0.0,Spring,114.334,0.0,0.0,0.0
2020-03-30 10:00:00,2563.524,100.0,200.0,0.0,683.4341013984387,0.0,0.0,Spring,142.418,0.0,0.0,0.0
2020-03-30 11:00:00,2516.094,100.0,16.56589860156132,0.0,698.9742917737186,0.0,0.0,Spring,139.78300000000002,0.0,0.0,0.0
2020-03-30 12:00:00,2618.55,100.0,1.0257082262813346,0.0,699.9364913796248,0.0,0.0,Spring,145.47500000000002,0.0,0.0,0.0
2020-03-30 13:00:00,2728.332,100.0,0.06350862037518527,0.0,699.9960677464032,0.0,0.0,Spring,151.57399999999998,0.0,0.0,0.0
2020-03-30 14:00:00,2348.766,100.0,0.003932253596722148,0.0,699.9997565272515,0.0,0.0,Spring,130.487,0.0,0.0,0.0
2020-03-30 15:00:00,1851.282,100.0,0.00024347274843603372,0.0,699.9999849249348,0.0,0.0,Spring,102.84899999999999,0.0,0.0,0.0
2020-03-30 16:00:00,1977.768,100.0,1.5075065195560455e-05,0.0,699.9999990665996,0.0,0.0,Spring,109.87599999999999,0.0,0.0,0.0
2020-03-30 17:00:00,852.138,100.0,9.334004716947675e-07,0.0,699.9999999422067,0.0,0.0,Spring,47.341,0.0,0.0,0.0
2020-03-30 18:00:00,0.0,100.0,0.0,106.60035817780522,593.3996417644016,0.0,0.0,Spring,0.0,15.228622596829316,0.0,0.0
2020-03-30 19:00:00,0.0,100.0,0.0,106.60035817780522,486.79928358659635,0.0,0.0,Spring,0.0,15.228622596829316,0.0,0.0
2020-03-30 20:00:00,0.0,100.0,0.0,106.60035817780522,380.1989254087912,0.0,0.0,Spring,0.0,15.228622596829316,0.0,0.0
2020-03-30 21:00:00,0.0,100.0,0.0,106.60035817780522,273.59856723098596,0.0,0.0,Spring,0.0,15.228622596829316,0.0,0.0
2020-03-30 22:00:00,0.0,100.0,0.0,106.60035817780522,166.99820905318077,0.0,0.0,Spring,0.0,15.228622596829316,0.0,0.0
2020-03-30 23:00:00,0.0,100.0,0.0,106.60035817780522,60.397850875375546,0.0,0.0,Spring,0.0,15.228622596829316,0.0,0.0
2020-03-31 00:00:00,0.0,96.65820632106536,0.0,60.397850875375546,0.0,40.0,3.3417936789346427,Spring,0.0,8.628264410767935,100.0,3.341793678934643
2020-03-31 01:00:00,0.0,40.0,0.0,0.0,0.0,40.0,60.0,Spring,0.0,0.0,100.0,60.0
2020-03-31 02:00:00,0.0,40.0,0.0,0.0,0.0,40.0,60.0,Spring,0.0,0.0,100.0,60.0
2020-03-31 03:00:00,0.0,40.0,0.0,0.0,0.0,40.0,60.0,Spring,0.0,0.0,100.0,60.0
2020-03-31 04:00:00,0.0,40.0,0.0,0.0,0.0,40.0,60.0,Spring,0.0,0.0,100.0,60.0
2020-03-31 05:00:00,0.0,40.0,0.0,0.0,0.0,40.0,60.0,Spring,0.0,0.0,100.0,60.0
2020-03-31 06:00:00,187.506,100.0,87.506,0.0,82.08790429582182,0.0,0.0,Spring,10.417,0.0,0.0,0.0
2020-03-31 07:00:00,1280.304,100.0,200.0,0.0,269.704534688759,0.0,0.0,Spring,71.128,0.0,0.0,0.0
2020-03-31 08:00:00,1601.01,100.0,200.0,0.0,457.3211650816962,0.0,0.0,Spring,88.945,0.0,0.0,0.0
2020-03-31 09:00:00,742.482,100.0,200.0,0.0,644.9377954746335,0.0,0.0,Spring,41.248999999999995,0.0,0.0,0.0
2020-03-31 10:00:00,1176.57,100.0,55.06220452536654,0.0,696.5907218499135,0.0,0.0,Spring,65.365,0.0,0.0,0.0
2020-03-31 11:00:00,1782.522,100.0,3.409278150086524,0.0,699.7889082428709,0.0,0.0,Spring,99.029,0.0,0.0,0.0
2020-03-31 12:00:00,2373.12,100.0,0.2110917571290629,0.0,699.9869298637524,0.0,0.0,Spring,131.84,0.0,0.0,0.0
2020-03-31 13:00:00,2471.148,100.0,0.013070136247668415,0.0,699.9991907383602,0.0,0.0,Spring,137.286,0.0,0.0,0.0
2020-03-31 14:00:00,2170.584,100.0,0.0008092616398353129,0.0,699.99994989307,0.0,0.0,Spring,120.58799999999998,0.0,0.0,0.0
2020-03-31 15:00:00,796.338,100.0,5.0106929964385925e-05,0.0,699.9999968975368,0.0,0.0,Spring,44.241,0.0,0.0,0.0
2020-03-31 16:00:00,288.108,100.0,3.1024632044136522e-06,0.0,699.9999998079053,0.0,0.0,Spring,16.006,0.0,0.0,0.0
2020-03-31 17:00:00,66.069,100.0,0.0,36.170567533311086,663.8294322745942,0.0,0.0,Spring,3.6705,5.167223933330155,0.0,0.0
2020-03-31 18:00:00,0.0,100.0,0.0,106.60035817780522,557.229074096789,0.0,0.0,Spring,0.0,15.228622596829316,0.0,0.0
2020-03-31 19:00:00,0.0,100.0,0.0,106.60035817780522,450.6287159189838,0.0,0.0,Spring,0.0,15.228622596829316,0.0,0.0
2020-03-31 20:00:00,0.0,100.0,0.0,106.60035817780522,344.0283577411786,0.0,0.0,Spring,0.0,15.228622596829316,0.0,0.0
2020-03-31 21:00:00,0.0,100.0,0.0,106.60035817780522,237.4279995633734,0.0,0.0,Spring,0.0,15.228622596829316,0.0,0.0
2020-03-31 22:00:00,0.0,100.0,0.0,106.60035817780522,130.82764138556817,0.0,0.0,Spring,0.0,15.228622596829316,0.0,0.0
2020-03-31 23:00:00,0.0,100.0,0.0,106.60035817780522,24.22728320776296,0.0,0.0,Spring,0.0,15.228622596829316,0.0,0.0
2020-04-01 00:00:00,0.0,62.72720619507938,0.0,24.22728320776296,0.0,40.0,37.27279380492061,Spring,0.0,3.461040458251851,100.0,37.27279380492061
2020-04-01 01:00:00,0.0,40.0,0.0,0.0,0.0,40.0,60.0,Spring,0.0,0.0,100.0,60.0
2020-04-01 02:00:00,0.0,40.0,0.0,0.0,0.0,40.0,60.0,Spring,0.0,0.0,100.0,60.0
2020-04-01 03:00:00,0.0,40.0,0.0,0.0,0.0,40.0,60.0,Spring,0.0,0.0,100.0,60.0
2020-04-01 04:00:00,0.0,40.0,0.0,0.0,0.0,40.0,60.0,Spring,0.0,0.0,100.0,60.0
2020-04-01 05:00:00,0.0,40.0,0.0,0.0,0.0,40.0,60.0,Spring,0.0,0.0,100.0,60.0
2020-04-01 06:00:00,215.172,100.0,115.172,0.0,108.0409127780768,0.0,0.0,Spring,11.953999999999999,0.0,0.0,0.0
2020-04-01 07:00:00,857.7,100.0,200.0,0.0,295.65754317101397,0.0,0.0,Spring,47.650000000000006,0.0,0.0,0.0
2020-04-01 08:00:00,573.498,100.0,200.0,0.0,483.27417356395114,0.0,0.0,Spring,31.861,0.0,0.0,0.0
2020-04-01 09:00:00,1140.426,100.0,200.0,0.0,670.8908039568884,0.0,0.0,Spring,63.357,0.0,0.0,0.0
2020-04-01 10:00:00,1736.334,100.0,29.109196043111616,0.0,698.1976503321685,0.0,0.0,Spring,96.463,0.0,0.0,0.0
2020-04-01 11:00:00,1631.268,100.0,1.802349667831557,0.0,699.8884041895104,0.0,0.0,Spring,90.626,0.0,0.0,0.0
2020-04-01 12:00:00,1688.544,100.0,0.11159581048961263,0.0,699.9930903391605,0.0,0.0,Spring,93.808,0.0,0.0,0.0
2020-04-01 13:00:00,1239.948,100.0,0.006909660839475691,0.0,699.9995721755798,0.0,0.0,Spring,68.886,0.0,0.0,0.0
2020-04-01 14:00:00,975.51,100.0,0.0004278244201559573,0.0,699.9999735104603,0.0,0.0,Spring,54.19500000000001,0.0,0.0,0.0
2020-04-01 15:00:00,2367.9,100.0,2.6489539653994143e-05,0.0,699.9999983598511,0.0,0.0,Spring,131.55,0.0,0.0,0.0
2020-04-01 16:00:00,2252.358,100.0,1.6401488101109863e-06,0.0,699.9999998984472,0.0,0.0,Spring,125.13100000000001,0.0,0.0,0.0
2020-04-01 17:00:00,732.384,100.0,1.015528105199337e-07,0.0,699.9999999937122,0.0,0.0,Spring,40.688,0.0,0.0,0.0
2020-04-01 18:00:00,0.0,100.0,0.0,106.60035817780522,593.399641815907,0.0,0.0,Spring,0.0,15.228622596829316,0.0,0.0
2020-04-01 19:00:00,0.0,100.0,0.0,106.60035817780522,486.79928363810177,0.0,0.0,Spring,0.0,15.228622596829316,0.0,0.0
2020-04-01 20:00:00,0.0,100.0,0.0,106.60035817780522,380.19892546029655,0.0,0.0,Spring,0.0,15.228622596829316,0.0,0.0
2020-04-01 21:00:00,0.0,100.0,0.0,106.60035817780522,273.5985672824914,0.0,0.0,Spring,0.0,15.228622596829316,0.0,0.0
2020-04-01 22:00:00,0.0,100.0,0.0,106.60035817780522,166.99820910468617,0.0,0.0,Spring,0.0,15.228622596829316,0.0,0.0
2020-04-01 23:00:00,0.0,100.0,0.0,106.60035817780522,60.39785092688094,0.0,0.0,Spring,0.0,15.228622596829316,0.0,0.0
2020-04-02 00:00:00,0.0,96.6582063693817,0.0,60.39785092688094,0.0,40.0,3.341793630618298,Spring,0.0,8.628264418125848,100.0,3.3417936306182976
2020-04-02 01:00:00,0.0,40.0,0.0,0.0,0.0,40.0,60.0,Spring,0.0,0.0,100.0,60.0
2020-04-02 02:00:00,0.0,40.0,0.0,0.0,0.0,40.0,60.0,Spring,0.0,0.0,100.0,60.0
2020-04-02 03:00:00,0.0,40.0,0.0,0.0,0.0,40.0,60.0,Spring,0.0,0.0,100.0,60.0
2020-04-02 04:00:00,0.0,40.0,0.0,0.0,0.0,40.0,60.0,Spring,0.0,0.0,100.0,60.0
2020-04-02 05:00:00,0.0,40.0,0.0,0.0,0.0,40.0,60.0,Spring,0.0,0.0,100.0,60.0
2020-04-02 06:00:00,620.046,100.0,200.0,0.0,187.6166303929372,0.0,0.0,Spring,34.447,0.0,0.0,0.0
2020-04-02 07:00:00,2154.204,100.0,200.0,0.0,375.2332607858744,0.0,0.0,Spring,119.67800000000001,0.0,0.0,0.0
2020-04-02 08:00:00,2722.212,100.0,200.0,0.0,562.8498911788115,0.0,0.0,Spring,151.234,0.0,0.0,0.0
2020-04-02 09:00:00,2769.516,100.0,137.15010882118844,0.0,691.5080975540917,0.0,0.0,Spring,153.86200000000002,0.0,0.0,0.0
2020-04-02 10:00:00,2643.084,100.0,8.491902445908286,0.0,699.4742081667259,0.0,0.0,Spring,146.83799999999997,0.0,0.0,0.0
2020-04-02 11:00:00,2490.984,100.0,0.5257918332740664,0.0,699.9674446269609,0.0,0.0,Spring,138.388,0.0,0.0,0.0
2020-04-02 12:00:00,2204.73,100.0,0.03255537303909659,0.0,699.9979842739149,0.0,0.0,Spring,122.485,0.0,0.0,0.0
2020-04-02 13:00:00,2265.912,100.0,0.0020157260851701724,0.0,699.9998751925942,0.0,0.0,Spring,125.884,0.0,0.0,0.0
2020-04-02 14:00:00,1879.038,100.0,0.00012480740575119854,0.0,699.9999922723188,0.0,0.0,Spring,104.391,0.0,0.0,0.0
2020-04-02 15:00:00,2185.686,100.0,7.727681193500757e-06,0.0,699.9999995215264,0.0,0.0,Spring,121.42700000000002,0.0,0.0,0.0
2020-04-02 16:00:00,1681.164,100.0,4.784736083820462e-07,0.0,699.9999999703743,0.0,0.0,Spring,93.398,0.0,0.0,0.0
2020-04-02 17:00:00,174.4776,100.0,2.9625603929162025e-08,0.0,699.9999999981657,0.0,0.0,Spring,9.693200000000001,0.0,0.0,0.0
2020-04-02 18:00:00,0.0,100.0,0.0,106.60035817780522,593.3996418203604,0.0,0.0,Spring,0.0,15.228622596829316,0.0,0.0
2020-04-02 19:00:00,0.0,100.0,0.0,106.60035817780522,486.7992836425552,0.0,0.0,Spring,0.0,15.228622596829316,0.0,0.0
2020-04-02 20:00:00,0.0,100.0,0.0,106.60035817780522,380.19892546475006,0.0,0.0,Spring,0.0,15.228622596829316,0.0,0.0
2020-04-02 21:00:00,0.0,100.0,0.0,106.60035817780522,273.59856728694484,0.0,0.0,Spring,0.0,15.228622596829316,0.0,0.0
2020-04-02 22:00:00,0.0,100.0,0.0,106.60035817780522,166.99820910913962,0.0,0.0,Spring,0.0,15.228622596829316,0.0,0.0
2020-04-02 23:00:00,0.0,100.0,0.0,106.60035817780522,60.39785093133441,0.0,0.0,Spring,0.0,15.228622596829316,0.0,0.0
2020-04-03 00:00:00,0.0,96.65820637355942,0.0,60.39785093133441,0.0,40.0,3.3417936264405768,Spring,0.0,8.62826441876206,100.0,3.341793626440577
2020-04-03 01:00:00,0.0,40.0,0.0,0.0,0.0,40.0,60.0,Spring,0.0,0.0,100.0,60.0
2020-04-03 02:00:00,0.0,40.0,0.0,0.0,0.0,40.0,60.0,Spring,0.0,0.0,100.0,60.0
2020-04-03 03:00:00,0.0,40.0,0.0,0.0,0.0,40.0,60.0,Spring,0.0,0.0,100.0,60.0
2020-04-03 04:00:00,0.0,40.0,0.0,0.0,0.0,40.0,60.0,Spring,0.0,0.0,100.0,60.0
2020-04-03 05:00:00,0.0,40.0,0.0,0.0,0.0,40.0,60.0,Spring,0.0,0.0,100.0,60.0
2020-04-03 06:00:00,537.12,100.0,200.0,0.0,187.6166303929372,0.0,0.0,Spring,29.84,0.0,0.0,0.0
2020-04-03 07:00:00,2135.574,100.0,200.0,0.0,375.2332607858744,0.0,0.0,Spring,118.64300000000001,0.0,0.0,0.0
2020-04-03 08:00:00,2856.078,100.0,200.0,0.0,562.8498911788115,0.0,0.0,Spring,158.671,0.0,0.0,0.0
2020-04-03 09:00:00,2867.346,100.0,137.15010882118844,0.0,691.5080975540917,0.0,0.0,Spring,159.297,0.0,0.0,0.0
2020-04-03 10:00:00,2651.472,100.0,8.491902445908286,0.0,699.4742081667259,0.0,0.0,Spring,147.304,0.0,0.0,0.0
2020-04-03 11:00:00,1848.24,100.0,0.5257918332740664,0.0,699.9674446269609,0.0,0.0,Spring,102.67999999999999,0.0,0.0,0.0
2020-04-03 12:00:00,1498.194,100.0,0.03255537303909659,0.0,699.9979842739149,0.0,0.0,Spring,83.233,0.0,0.0,0.0
2020-04-03 13:00:00,2542.734,100.0,0.0020157260851701724,0.0,699.9998751925942,0.0,0.0,Spring,141.263,0.0,0.0,0.0
2020-04-03 14:00:00,2650.518,100.0,0.00012480740575119854,0.0,699.9999922723188,0.0,0.0,Spring,147.251,0.0,0.0,0.0
2020-04-03 15:00:00,1820.682,100.0,7.727681193500757e-06,0.0,699.9999995215264,0.0,0.0,Spring,101.149,0.0,0.0,0.0
2020-04-03 16:00:00,952.506,100.0,4.784736083820462e-07,0.0,699.9999999703743,0.0,0.0,Spring,52.917,0.0,0.0,0.0
2020-04-03 17:00:00,345.96,100.0,2.9625603929162025e-08,0.0,699.9999999981657,0.0,0.0,Spring,19.22,0.0,0.0,0.0
2020-04-03 18:00:00,0.0,100.0,0.0,106.60035817780522,593.3996418203604,0.0,0.0,Spring,0.0,15.228622596829316,0.0,0.0
2020-04-03 19:00:00,0.0,100.0,0.0,106.60035817780522,486.7992836425552,0.0,0.0,Spring,0.0,15.228622596829316,0.0,0.0
2020-04-03 20:00:00,0.0,100.0,0.0,106.60035817780522,380.19892546475006,0.0,0.0,Spring,0.0,15.228622596829316,0.0,0.0
2020-04-03 21:00:00,0.0,100.0,0.0,106.60035817780522,273.59856728694484,0.0,0.0,Spring,0.0,15.228622596829316,0.0,0.0
2020-04-03 22:00:00,0.0,100.0,0.0,106.60035817780522,166.99820910913962,0.0,0.0,Spring,0.0,15.228622596829316,0.0,0.0
2020-04-03 23:00:00,0.0,100.0,0.0,106.60035817780522,60.39785093133441,0.0,0.0,Spring,0.0,15.228622596829316,0.0,0.0
2020-04-04 00:00:00,0.0,96.65820637355942,0.0,60.39785093133441,0.0,40.0,3.3417936264405768,Spring,0.0,8.62826441876206,100.0,3.341793626440577
2020-04-04 01:00:00,0.0,40.0,0.0,0.0,0.0,40.0,60.0,Spring,0.0,0.0,100.0,60.0
2020-04-04 02:00:00,0.0,40.0,0.0,0.0,0.0,40.0,60.0,Spring,0.0,0.0,100.0,60.0
2020-04-04 03:00:00,0.0,40.0,0.0,0.0,0.0,40.0,60.0,Spring,0.0,0.0,100.0,60.0
2020-04-04 04:00:00,0.0,40.0,0.0,0.0,0.0,40.0,60.0,Spring,0.0,0.0,100.0,60.0
2020-04-04 05:00:00,0.0,40.0,0.0,0.0,0.0,40.0,60.0,Spring,0.0,0.0,100.0,60.0
2020-04-04 06:00:00,126.567,100.0,26.566999999999993,0.0,24.922055098245806,0.0,0.0,Spring,7.0315,0.0,0.0,0.0
2020-04-04 07:00:00,415.422,100.0,200.0,0.0,212.538685491183,0.0,0.0,Spring,23.079,0.0,0.0,0.0
2020-04-04 08:00:00,347.544,100.0,200.0,0.0,400.15531588412017,0.0,0.0,Spring,19.308,0.0,0.0,0.0
2020-04-04 09:00:00,872.802,100.0,200.0,0.0,587.7719462770574,0.0,0.0,Spring,48.489,0.0,0.0,0.0
2020-04-04 10:00:00,1126.188,100.0,112.22805372294259,0.0,693.0511926523375,0.0,0.0,Spring,62.56600000000001,0.0,0.0,0.0
2020-04-04 11:00:00,841.158,100.0,6.948807347662514,0.0,699.5697517514282,0.0,0.0,Spring,46.731,0.0,0.0,0.0
2020-04-04 12:00:00,1163.484,100.0,0.4302482485718792,0.0,699.9733603845757,0.0,0.0,Spring,64.63799999999999,0.0,0.0,0.0
2020-04-04 13:00:00,2376.09,100.0,0.02663961542432662,0.0,699.9983505589801,0.0,0.0,Spring,132.00500000000002,0.0,0.0,0.0
2020-04-04 14:00:00,2025.126,100.0,0.0016494410199811682,0.0,699.9998978718111,0.0,0.0,Spring,112.507,0.0,0.0,0.0
2020-04-04 15:00:00,387.018,100.0,0.00010212818894069642,0.0,699.9999936765444,0.0,0.0,Spring,21.500999999999998,0.0,0.0,0.0
2020-04-04 16:00:00,171.13680000000002,100.0,6.323455600067973e-06,0.0,699.9999996084715,0.0,0.0,Spring,9.5076,0.0,0.0,0.0
2020-04-04 17:00:00,109.72619999999999,100.0,3.915284760296345e-07,0.0,699.9999999757578,0.0,0.0,Spring,6.095899999999999,0.0,0.0,0.0
2020-04-04 18:00:00,0.0,100.0,0.0,106.60035817780522,593.3996417979525,0.0,0.0,Spring,0.0,15.228622596829316,0.0,0.0
2020-04-04 19:00:00,0.0,100.0,0.0,106.60035817780522,486.7992836201474,0.0,0.0,Spring,0.0,15.228622596829316,0.0,0.0
2020-04-04 20:00:00,0.0,100.0,0.0,106.60035817780522,380.19892544234216,0.0,0.0,Spring,0.0,15.228622596829316,0.0,0.0
2020-04-04 21:00:00,0.0,100.0,0.0,106.60035817780522,273.598567264537,0.0,0.0,Spring,0.0,15.228622596829316,0.0,0.0
2020-04-04 22:00:00,0.0,100.0,0.0,106.60035817780522,166.99820908673178,0.0,0.0,Spring,0.0,15.228622596829316,0.0,0.0
2020-04-04 23:00:00,0.0,100.0,0.0,106.60035817780522,60.39785090892656,0.0,0.0,Spring,0.0,15.228622596829316,0.0,0.0
2020-04-05 00:00:00,0.0,96.658206352539,0.0,60.39785090892656,0.0,40.0,3.341793647461003,Spring,0.0,8.628264415560936,100.0,3.3417936474610026
2020-04-05 01:00:00,0.0,40.0,0.0,0.0,0.0,40.0,60.0,Spring,0.0,0.0,100.0,60.0
2020-04-05 02:00:00,0.0,40.0,0.0,0.0,0.0,40.0,60.0,Spring,0.0,0.0,100.0,60.0
2020-04-05 03:00:00,0.0,40.0,0.0,0.0,0.0,40.0,60.0,Spring,0.0,0.0,100.0,60.0
2020-04-05 04:00:00,0.0,40.0,0.0,0.0,0.0,40.0,60.0,Spring,0.0,0.0,100.0,60.0
2020-04-05 05:00:00,0.0,40.0,0.0,0.0,0.0,40.0,60.0,Spring,0.0,0.0,100.0,60.0
2020-04-05 06:00:00,64.5372,100.0,0.0,0.0,0.0,35.4628,0.0,Spring,3.5854,0.0,88.65700000000001,0.0
2020-04-05 07:00:00,319.608,100.0,200.0,0.0,187.6166303929372,0.0,0.0,Spring,17.756,0.0,0.0,0.0
2020-04-05 08:00:00,405.306,100.0,200.0,0.0,375.2332607858744,0.0,0.0,Spring,22.517,0.0,0.0,0.0
2020-04-05 09:00:00,964.008,100.0,200.0,0.0,562.8498911788115,0.0,0.0,Spring,53.556000000000004,0.0,0.0,0.0
2020-04-05 10:00:00,2037.582,100.0,137.15010882118844,0.0,691.5080975540917,0.0,0.0,Spring,113.19900000000001,0.0,0.0,0.0
2020-04-05 11:00:00,2494.602,100.0,8.491902445908286,0.0,699.4742081667259,0.0,0.0,Spring,138.589,0.0,0.0,0.0
2020-04-05 12:00:00,2579.634,100.0,0.5257918332740664,0.0,699.9674446269609,0.0,0.0,Spring,143.313,0.0,0.0,0.0
2020-04-05 13:00:00,2471.688,100.0,0.03255537303909659,0.0,699.9979842739149,0.0,0.0,Spring,137.316,0.0,0.0,0.0
2020-04-05 14:00:00,2697.12,100.0,0.0020157260851701724,0.0,699.9998751925942,0.0,0.0,Spring,149.84,0.0,0.0,0.0
2020-04-05 15:00:00,2538.036,100.0,0.00012480740575119854,0.0,699.9999922723188,0.0,0.0,Spring,141.002,0.0,0.0,0.0
2020-04-05 16:00:00,2158.164,100.0,7.727681193500757e-06,0.0,699.9999995215264,0.0,0.0,Spring,119.89800000000001,0.0,0.0,0.0
2020-04-05 17:00:00,654.552,100.0,4.784736083820462e-07,0.0,699.9999999703743,0.0,0.0,Spring,36.364000000000004,0.0,0.0,0.0
2020-04-05 18:00:00,0.0,100.0,0.0,106.60035817780522,593.3996417925692,0.0,0.0,Spring,0.0,15.228622596829316,0.0,0.0
2020-04-05 19:00:00,0.0,100.0,0.0,106.60035817780522,486.79928361476397,0.0,0.0,Spring,0.0,15.228622596829316,0.0,0.0
2020-04-05 20:00:00,0.0,100.0,0.0,106.60035817780522,380.1989254369588,0.0,0.0,Spring,0.0,15.228622596829316,0.0,0.0
2020-04-05 21:00:00,0.0,100.0,0.0,106.60035817780522,273.5985672591536,0.0,0.0,Spring,0.0,15.228622596829316,0.0,0.0
2020-04-05 22:00:00,0.0,100.0,0.0,106.60035817780522,166.9982090813484,0.0,0.0,Spring,0.0,15.228622596829316,0.0,0.0
2020-04-05 23:00:00,0.0,100.0,0.0,106.60035817780522,60.397850903543166,0.0,0.0,Spring,0.0,15.228622596829316,0.0,0.0
2020-04-06 00:00:00,0.0,96.65820634748893,0.0,60.397850903543166,0.0,40.0,3.341793652511072,Spring,0.0,8.62826441479188,100.0,3.3417936525110723
2020-04-06 01:00:00,0.0,40.0,0.0,0.0,0.0,40.0,60.0,Spring,0.0,0.0,100.0,60.0
2020-04-06 02:00:00,0.0,40.0,0.0,0.0,0.0,40.0,60.0,Spring,0.0,0.0,100.0,60.0
2020-04-06 03:00:00,0.0,40.0,0.0,0.0,0.0,40.0,60.0,Spring,0.0,0.0,100.0,60.0
2020-04-06 04:00:00,0.0,40.0,0.0,0.0,0.0,40.0,60.0,Spring,0.0,0.0,100.0,60.0
2020-04-06 05:00:00,0.0,40.0,0.0,0.0,0.0,40.0,60.0,Spring,0.0,0.0,100.0,60.0
2020-04-06 06:00:00,64.0044,100.0,0.0,0.0,0.0,35.995599999999996,0.0,Spring,3.5558,0.0,89.98899999999999,0.0
2020-04-06 07:00:00,282.114,100.0,182.11399999999998,0.0,170.8380751368968,0.0,0.0,Spring,15.672999999999998,0.0,0.0,0.0
2020-04-06 08:00:00,326.844,100.0,200.0,0.0,358.45470552983403,0.0,0.0,Spring,18.157999999999998,0.0,0.0,0.0
2020-04-06 09:00:00,481.41,100.0,200.0,0.0,546.0713359227713,0.0,0.0,Spring,26.745,0.0,0.0,0.0
2020-04-06 10:00:00,1065.582,100.0,153.92866407722875,0.0,690.4692222980514,0.0,0.0,Spring,59.199,0.0,0.0,0.0
2020-04-06 11:00:00,877.68,100.0,9.530777701948653,0.0,699.4098842853701,0.0,0.0,Spring,48.76,0.0,0.0,0.0
2020-04-06 12:00:00,904.374,100.0,0.5901157146298792,0.0,699.963461894974,0.0,0.0,Spring,50.243,0.0,0.0,0.0
2020-04-06 13:00:00,1612.026,100.0,0.0365381050260039,0.0,699.9977376757035,0.0,0.0,Spring,89.557,0.0,0.0,0.0
2020-04-06 14:00:00,2232.63,100.0,0.0022623242964036764,0.0,699.9998599240104,0.0,0.0,Spring,124.03500000000001,0.0,0.0,0.0
2020-04-06 15:00:00,2299.932,100.0,0.00014007598964963107,0.0,699.9999913269363,0.0,0.0,Spring,127.77399999999999,0.0,0.0,0.0
2020-04-06 16:00:00,633.996,100.0,8.673063712194562e-06,0.0,699.9999994629912,0.0,0.0,Spring,35.221999999999994,0.0,0.0,0.0
2020-04-06 17:00:00,245.466,100.0,5.370087455958128e-07,0.0,699.9999999667501,0.0,0.0,Spring,13.636999999999999,0.0,0.0,0.0
2020-04-06 18:00:00,0.0,100.0,0.0,106.60035817780522,593.3996417889449,0.0,0.0,Spring,0.0,15.228622596829316,0.0,0.0
2020-04-06 19:00:00,0.0,100.0,0.0,106.60035817780522,486.79928361113974,0.0,0.0,Spring,0.0,15.228622596829316,0.0,0.0
2020-04-06 20:00:00,0.0,100.0,0.0,106.60035817780522,380.1989254333345,0.0,0.0,Spring,0.0,15.228622596829316,0.0,0.0
2020-04-06 21:00:00,0.0,100.0,0.0,106.60035817780522,273.59856725552936,0.0,0.0,Spring,0.0,15.228622596829316,0.0,0.0
2020-04-06 22:00:00,0.0,100.0,0.0,106.60035817780522,166.99820907772414,0.0,0.0,Spring,0.0,15.228622596829316,0.0,0.0
2020-04-06 23:00:00,0.0,100.0,0.0,106.60035817780522,60.39785089991892,0.0,0.0,Spring,0.0,15.228622596829316,0.0,0.0
2020-04-07 00:00:00,0.0,96.65820634408908,0.0,60.39785089991892,0.0,40.0,3.3417936559109123,Spring,0.0,8.628264414274131,100.0,3.3417936559109123
2020-04-07 01:00:00,0.0,40.0,0.0,0.0,0.0,40.0,60.0,Spring,0.0,0.0,100.0,60.0
2020-04-07 02:00:00,0.0,40.0,0.0,0.0,0.0,40.0,60.0,Spring,0.0,0.0,100.0,60.0
2020-04-07 03:00:00,0.0,40.0,0.0,0.0,0.0,40.0,60.0,Spring,0.0,0.0,100.0,60.0
2020-04-07 04:00:00,0.0,40.0,0.0,0.0,0.0,40.0,60.0,Spring,0.0,0.0,100.0,60.0
2020-04-07 05:00:00,0.0,40.0,0.0,0.0,0.0,40.0,60.0,Spring,0.0,0.0,100.0,60.0
2020-04-07 06:00:00,798.588,100.0,200.0,0.0,187.6166303929372,0.0,0.0,Spring,44.366,0.0,0.0,0.0
2020-04-07 07:00:00,2350.98,100.0,200.0,0.0,375.2332607858744,0.0,0.0,Spring,130.61,0.0,0.0,0.0
2020-04-07 08:00:00,2817.288,100.0,200.0,0.0,562.8498911788115,0.0,0.0,Spring,156.51600000000002,0.0,0.0,0.0
2020-04-07 09:00:00,2891.574,100.0,137.15010882118844,0.0,691.5080975540917,0.0,0.0,Spring,160.643,0.0,0.0,0.0
2020-04-07 10:00:00,2805.966,100.0,8.491902445908286,0.0,699.4742081667259,0.0,0.0,Spring,155.887,0.0,0.0,0.0
2020-04-07 11:00:00,2714.274,100.0,0.5257918332740664,0.0,699.9674446269609,0.0,0.0,Spring,150.793,0.0,0.0,0.0
2020-04-07 12:00:00,2735.568,100.0,0.03255537303909659,0.0,699.9979842739149,0.0,0.0,Spring,151.97600000000003,0.0,0.0,0.0
2020-04-07 13:00:00,2751.012,100.0,0.0020157260851701724,0.0,699.9998751925942,0.0,0.0,Spring,152.834,0.0,0.0,0.0
2020-04-07 14:00:00,2810.88,100.0,0.00012480740575119854,0.0,699.9999922723188,0.0,0.0,Spring,156.16,0.0,0.0,0.0
2020-04-07 15:00:00,2713.788,100.0,7.727681193500757e-06,0.0,699.9999995215264,0.0,0.0,Spring,150.766,0.0,0.0,0.0
2020-04-07 16:00:00,2367.792,100.0,4.784736083820462e-07,0.0,699.9999999703743,0.0,0.0,Spring,131.54399999999998,0.0,0.0,0.0
2020-04-07 17:00:00,863.856,100.0,2.9625603929162025e-08,0.0,699.9999999981657,0.0,0.0,Spring,47.992000000000004,0.0,0.0,0.0
2020-04-07 18:00:00,0.0,100.0,0.0,106.60035817780522,593.3996418203604,0.0,0.0,Spring,0.0,15.228622596829316,0.0,0.0
2020-04-07 19:00:00,0.0,100.0,0.0,106.60035817780522,486.7992836425552,0.0,0.0,Spring,0.0,15.228622596829316,0.0,0.0
2020-04-07 20:00:00,0.0,100.0,0.0,106.60035817780522,380.19892546475006,0.0,0.0,Spring,0.0,15.228622596829316,0.0,0.0
2020-04-07 21:00:00,0.0,100.0,0.0,106.60035817780522,273.59856728694484,0.0,0.0,Spring,0.0,15.228622596829316,0.0,0.0
2020-04-07 22:00:00,0.0,100.0,0.0,106.60035817780522,166.99820910913962,0.0,0.0,Spring,0.0,15.228622596829316,0.0,0.0
2020-04-07 23:00:00,0.0,100.0,0.0,106.60035817780522,60.39785093133441,0.0,0.0,Spring,0.0,15.228622596829316,0.0,0.0
2020-04-08 00:00:00,0.0,96.65820637355942,0.0,60.39785093133441,0.0,40.0,3.3417936264405768,Spring,0.0,8.62826441876206,100.0,3.341793626440577
2020-04-08 01:00:00,0.0,40.0,0.0,0.0,0.0,40.0,60.0,Spring,0.0,0.0,100.0,60.0
2020-04-08 02:00:00,0.0,40.0,0.0,0.0,0.0,40.0,60.0,Spring,0.0,0.0,100.0,60.0
2020-04-08 03:00:00,0.0,40.0,0.0,0.0,0.0,40.0,60.0,Spring,0.0,0.0,100.0,60.0
2020-04-08 04:00:00,0.0,40.0,0.0,0.0,0.0,40.0,60.0,Spring,0.0,0.0,100.0,60.0
2020-04-08 05:00:00,25.122600000000002,65.1226,0.0,0.0,0.0,40.0,34.877399999999994,Spring,1.3957000000000002,0.0,100.0,34.877399999999994
2020-04-08 06:00:00,1027.404,100.0,200.0,0.0,187.6166303929372,0.0,0.0,Spring,57.077999999999996,0.0,0.0,0.0
2020-04-08 07:00:00,2511.036,100.0,200.0,0.0,375.2332607858744,0.0,0.0,Spring,139.50199999999998,0.0,0.0,0.0
2020-04-08 08:00:00,2840.058,100.0,200.0,0.0,562.8498911788115,0.0,0.0,Spring,157.781,0.0,0.0,0.0
2020-04-08 09:00:00,2822.364,100.0,137.15010882118844,0.0,691.5080975540917,0.0,0.0,Spring,156.798,0.0,0.0,0.0
2020-04-08 10:00:00,2725.722,100.0,8.491902445908286,0.0,699.4742081667259,0.0,0.0,Spring,151.429,0.0,0.0,0.0
2020-04-08 11:00:00,2593.89,100.0,0.5257918332740664,0.0,699.9674446269609,0.0,0.0,Spring,144.105,0.0,0.0,0.0
2020-04-08 12:00:00,2673.576,100.0,0.03255537303909659,0.0,699.9979842739149,0.0,0.0,Spring,148.532,0.0,0.0,0.0
2020-04-08 13:00:00,2702.214,100.0,0.0020157260851701724,0.0,699.9998751925942,0.0,0.0,Spring,150.12300000000002,0.0,0.0,0.0
2020-04-08 14:00:00,2738.412,100.0,0.00012480740575119854,0.0,699.9999922723188,0.0,0.0,Spring,152.134,0.0,0.0,0.0
2020-04-08 15:00:00,2707.56,100.0,7.727681193500757e-06,0.0,699.9999995215264,0.0,0.0,Spring,150.42,0.0,0.0,0.0
2020-04-08 16:00:00,2379.744,100.0,4.784736083820462e-07,0.0,699.9999999703743,0.0,0.0,Spring,132.20800000000003,0.0,0.0,0.0
2020-04-08 17:00:00,944.766,100.0,2.9625603929162025e-08,0.0,699.9999999981657,0.0,0.0,Spring,52.486999999999995,0.0,0.0,0.0
2020-04-08 18:00:00,0.0,100.0,0.0,106.60035817780522,593.3996418203604,0.0,0.0,Spring,0.0,15.228622596829316,0.0,0.0
2020-04-08 19:00:00,0.0,100.0,0.0,106.60035817780522,486.7992836425552,0.0,0.0,Spring,0.0,15.228622596829316,0.0,0.0
2020-04-08 20:00:00,0.0,100.0,0.0,106.60035817780522,380.19892546475006,0.0,0.0,Spring,0.0,15.228622596829316,0.0,0.0
2020-04-08 21:00:00,0.0,100.0,0.0,106.60035817780522,273.59856728694484,0.0,0.0,Spring,0.0,15.228622596829316,0.0,0.0
2020-04-08 22:00:00,0.0,100.0,0.0,106.60035817780522,166.99820910913962,0.0,0.0,Spring,0.0,15.228622596829316,0.0,0.0
2020-04-08 23:00:00,0.0,100.0,0.0,106.60035817780522,60.39785093133441,0.0,0.0,Spring,0.0,15.228622596829316,0.0,0.0
2020-04-09 00:00:00,0.0,96.65820637355942,0.0,60.39785093133441,0.0,40.0,3.3417936264405768,Spring,0.0,8.62826441876206,100.0,3.341793626440577
2020-04-09 01:00:00,0.0,40.0,0.0,0.0,0.0,40.0,60.0,Spring,0.0,0.0,100.0,60.0
2020-04-09 02:00:00,0.0,40.0,0.0,0.0,0.0,40.0,60.0,Spring,0.0,0.0,100.0,60.0
2020-04-09 03:00:00,0.0,40.0,0.0,0.0,0.0,40.0,60.0,Spring,0.0,0.0,100.0,60.0
2020-04-09 04:00:00,0.0,40.0,0.0,0.0,0.0,40.0,60.0,Spring,0.0,0.0,100.0,60.0
2020-04-09 05:00:00,0.0,40.0,0.0,0.0,0.0,40.0,60.0,Spring,0.0,0.0,100.0,60.0
2020-04-09 06:00:00,979.974,100.0,200.0,0.0,187.6166303929372,0.0,0.0,Spring,54.443000000000005,0.0,0.0,0.0
2020-04-09 07:00:00,2499.426,100.0,200.0,0.0,375.2332607858744,0.0,0.0,Spring,138.857,0.0,0.0,0.0
2020-04-09 08:00:00,2780.856,100.0,200.0,0.0,562.8498911788115,0.0,0.0,Spring,154.49200000000002,0.0,0.0,0.0
2020-04-09 09:00:00,2701.476,100.0,137.15010882118844,0.0,691.5080975540917,0.0,0.0,Spring,150.082,0.0,0.0,0.0
2020-04-09 10:00:00,2575.206,100.0,8.491902445908286,0.0,699.4742081667259,0.0,0.0,Spring,143.067,0.0,0.0,0.0
2020-04-09 11:00:00,2581.794,100.0,0.5257918332740664,0.0,699.9674446269609,0.0,0.0,Spring,143.433,0.0,0.0,0.0
2020-04-09 12:00:00,2555.568,100.0,0.03255537303909659,0.0,699.9979842739149,0.0,0.0,Spring,141.976,0.0,0.0,0.0
2020-04-09 13:00:00,2645.388,100.0,0.0020157260851701724,0.0,699.9998751925942,0.0,0.0,Spring,146.966,0.0,0.0,0.0
2020-04-09 14:00:00,2673.342,100.0,0.00012480740575119854,0.0,699.9999922723188,0.0,0.0,Spring,148.519,0.0,0.0,0.0
2020-04-09 15:00:00,2641.23,100.0,7.727681193500757e-06,0.0,699.9999995215264,0.0,0.0,Spring,146.73499999999999,0.0,0.0,0.0
2020-04-09 16:00:00,2285.442,100.0,4.784736083820462e-07,0.0,699.9999999703743,0.0,0.0,Spring,126.969,0.0,0.0,0.0
2020-04-09 17:00:00,974.43,100.0,2.9625603929162025e-08,0.0,699.9999999981657,0.0,0.0,Spring,54.135,0.0,0.0,0.0
2020-04-09 18:00:00,15.64074,100.0,0.0,89.92727331614597,610.0727266820196,0.0,0.0,Spring,0.8689299999999999,12.846753330877997,0.0,0.0
2020-04-09 19:00:00,0.0,100.0,0.0,106.60035817780522,503.47236850421444,0.0,0.0,Spring,0.0,15.228622596829316,0.0,0.0
2020-04-09 20:00:00,0.0,100.0,0.0,106.60035817780522,396.8720103264092,0.0,0.0,Spring,0.0,15.228622596829316,0.0,0.0
2020-04-09 21:00:00,0.0,100.0,0.0,106.60035817780522,290.27165214860406,0.0,0.0,Spring,0.0,15.228622596829316,0.0,0.0
2020-04-09 22:00:00,0.0,100.0,0.0,106.60035817780522,183.67129397079884,0.0,0.0,Spring,0.0,15.228622596829316,0.0,0.0
2020-04-09 23:00:00,0.0,100.0,0.0,106.60035817780522,77.07093579299362,0.0,0.0,Spring,0.0,15.228622596829316,0.0,0.0
2020-04-10 00:00:00,0.0,100.0,0.0,77.07093579299362,0.0,27.70105362644061,0.0,Spring,0.0,11.010133684713374,69.25263406610152,0.0
2020-04-10 01:00:00,0.0,40.0,0.0,0.0,0.0,40.0,60.0,Spring,0.0,0.0,100.0,60.0
2020-04-10 02:00:00,0.0,40.0,0.0,0.0,0.0,40.0,60.0,Spring,0.0,0.0,100.0,60.0
2020-04-10 03:00:00,0.0,40.0,0.0,0.0,0.0,40.0,60.0,Spring,0.0,0.0,100.0,60.0
2020-04-10 04:00:00,0.0,40.0,0.0,0.0,0.0,40.0,60.0,Spring,0.0,0.0,100.0,60.0
2020-04-10 05:00:00,24.462,64.462,0.0,0.0,0.0,40.0,35.538,Spring,1.359,0.0,100.0,35.538
2020-04-10 06:00:00,1082.394,100.0,200.0,0.0,187.6166303929372,0.0,0.0,Spring,60.133,0.0,0.0,0.0
2020-04-10 07:00:00,2534.634,100.0,200.0,0.0,375.2332607858744,0.0,0.0,Spring,140.81300000000002,0.0,0.0,0.0
2020-04-10 08:00:00,2841.372,100.0,200.0,0.0,562.8498911788115,0.0,0.0,Spring,157.85399999999998,0.0,0.0,0.0
2020-04-10 09:00:00,2799.414,100.0,137.15010882118844,0.0,691.5080975540917,0.0,0.0,Spring,155.52300000000002,0.0,0.0,0.0
2020-04-10 10:00:00,2718.072,100.0,8.491902445908286,0.0,699.4742081667259,0.0,0.0,Spring,151.00400000000002,0.0,0.0,0.0
2020-04-10 11:00:00,2652.588,100.0,0.5257918332740664,0.0,699.9674446269609,0.0,0.0,Spring,147.366,0.0,0.0,0.0
2020-04-10 12:00:00,2639.682,100.0,0.03255537303909659,0.0,699.9979842739149,0.0,0.0,Spring,146.64899999999997,0.0,0.0,0.0
2020-04-10 13:00:00,2667.312,100.0,0.0020157260851701724,0.0,699.9998751925942,0.0,0.0,Spring,148.184,0.0,0.0,0.0
2020-04-10 14:00:00,2170.206,100.0,0.00012480740575119854,0.0,699.9999922723188,0.0,0.0,Spring,120.56700000000001,0.0,0.0,0.0
2020-04-10 15:00:00,798.066,100.0,7.727681193500757e-06,0.0,699.9999995215264,0.0,0.0,Spring,44.337,0.0,0.0,0.0
2020-04-10 16:00:00,799.776,100.0,4.784736083820462e-07,0.0,699.9999999703743,0.0,0.0,Spring,44.432,0.0,0.0,0.0
2020-04-10 17:00:00,326.232,100.0,2.9625603929162025e-08,0.0,699.9999999981657,0.0,0.0,Spring,18.124000000000002,0.0,0.0,0.0
2020-04-10 18:00:00,0.0,100.0,0.0,106.60035817780522,593.3996418203604,0.0,0.0,Spring,0.0,15.228622596829316,0.0,0.0
2020-04-10 19:00:00,0.0,100.0,0.0,106.60035817780522,486.7992836425552,0.0,0.0,Spring,0.0,15.228622596829316,0.0,0.0
2020-04-10 20:00:00,0.0,100.0,0.0,106.60035817780522,380.19892546475006,0.0,0.0,Spring,0.0,15.228622596829316,0.0,0.0
2020-04-10 21:00:00,0.0,100.0,0.0,106.60035817780522,273.59856728694484,0.0,0.0,Spring,0.0,15.228622596829316,0.0,0.0
2020-04-10 22:00:00,0.0,100.0,0.0,106.60035817780522,166.99820910913962,0.0,0.0,Spring,0.0,15.228622596829316,0.0,0.0
2020-04-10 23:00:00,0.0,100.0,0.0,106.60035817780522,60.39785093133441,0.0,0.0,Spring,0.0,15.228622596829316,0.0,0.0
2020-04-11 00:00:00,0.0,96.65820637355942,0.0,60.39785093133441,0.0,40.0,3.3417936264405768,Spring,0.0,8.62826441876206,100.0,3.341793626440577
2020-04-11 01:00:00,0.0,40.0,0.0,0.0,0.0,40.0,60.0,Spring,0.0,0.0,100.0,60.0
2020-04-11 02:00:00,0.0,40.0,0.0,0.0,0.0,40.0,60.0,Spring,0.0,0.0,100.0,60.0
2020-04-11 03:00:00,0.0,40.0,0.0,0.0,0.0,40.0,60.0,Spring,0.0,0.0,100.0,60.0
2020-04-11 04:00:00,0.0,40.0,0.0,0.0,0.0,40.0,60.0,Spring,0.0,0.0,100.0,60.0
2020-04-11 05:00:00,35.611200000000004,75.6112,0.0,0.0,0.0,40.0,24.388800000000003,Spring,1.9784000000000004,0.0,100.0,24.388800000000003
2020-04-11 06:00:00,1217.718,100.0,200.0,0.0,187.6166303929372,0.0,0.0,Spring,67.65100000000001,0.0,0.0,0.0
2020-04-11 07:00:00,2540.268,100.0,200.0,0.0,375.2332607858744,0.0,0.0,Spring,141.126,0.0,0.0,0.0
2020-04-11 08:00:00,2824.596,100.0,200.0,0.0,562.8498911788115,0.0,0.0,Spring,156.922,0.0,0.0,0.0
2020-04-11 09:00:00,2780.298,100.0,137.15010882118844,0.0,691.5080975540917,0.0,0.0,Spring,154.46099999999998,0.0,0.0,0.0
2020-04-11 10:00:00,2705.292,100.0,8.491902445908286,0.0,699.4742081667259,0.0,0.0,Spring,150.29399999999998,0.0,0.0,0.0
2020-04-11 11:00:00,2645.586,100.0,0.5257918332740664,0.0,699.9674446269609,0.0,0.0,Spring,146.97699999999998,0.0,0.0,0.0
2020-04-11 12:00:00,2609.424,100.0,0.03255537303909659,0.0,699.9979842739149,0.0,0.0,Spring,144.96800000000002,0.0,0.0,0.0
2020-04-11 13:00:00,2573.46,100.0,0.0020157260851701724,0.0,699.9998751925942,0.0,0.0,Spring,142.97,0.0,0.0,0.0
2020-04-11 14:00:00,2152.494,100.0,0.00012480740575119854,0.0,699.9999922723188,0.0,0.0,Spring,119.58300000000001,0.0,0.0,0.0
2020-04-11 15:00:00,1219.77,100.0,7.727681193500757e-06,0.0,699.9999995215264,0.0,0.0,Spring,67.765,0.0,0.0,0.0
2020-04-11 16:00:00,518.004,100.0,4.784736083820462e-07,0.0,699.9999999703743,0.0,0.0,Spring,28.778000000000002,0.0,0.0,0.0
2020-04-11 17:00:00,269.334,100.0,2.9625603929162025e-08,0.0,699.9999999981657,0.0,0.0,Spring,14.963000000000001,0.0,0.0,0.0
2020-04-11 18:00:00,15.341579999999999,100.0,0.0,90.24617894767069,609.7538210504949,0.0,0.0,Spring,0.8523099999999999,12.892311278238669,0.0,0.0
2020-04-11 19:00:00,0.0,100.0,0.0,106.60035817780522,503.1534628726897,0.0,0.0,Spring,0.0,15.228622596829316,0.0,0.0
2020-04-11 20:00:00,0.0,100.0,0.0,106.60035817780522,396.5531046948845,0.0,0.0,Spring,0.0,15.228622596829316,0.0,0.0
2020-04-11 21:00:00,0.0,100.0,0.0,106.60035817780522,289.9527465170793,0.0,0.0,Spring,0.0,15.228622596829316,0.0,0.0
2020-04-11 22:00:00,0.0,100.0,0.0,106.60035817780522,183.35238833927409,0.0,0.0,Spring,0.0,15.228622596829316,0.0,0.0
2020-04-11 23:00:00,0.0,100.0,0.0,106.60035817780522,76.75203016146888,0.0,0.0,Spring,0.0,15.228622596829316,0.0,0.0
2020-04-12 00:00:00,0.0,100.0,0.0,76.75203016146888,0.0,28.000213626440626,0.0,Spring,0.0,10.964575737352696,70.00053406610157,0.0
2020-04-12 01:00:00,0.0,40.0,0.0,0.0,0.0,40.0,60.0,Spring,0.0,0.0,100.0,60.0
2020-04-12 02:00:00,0.0,40.0,0.0,0.0,0.0,40.0,60.0,Spring,0.0,0.0,100.0,60.0
2020-04-12 03:00:00,0.0,40.0,0.0,0.0,0.0,40.0,60.0,Spring,0.0,0.0,100.0,60.0
2020-04-12 04:00:00,0.0,40.0,0.0,0.0,0.0,40.0,60.0,Spring,0.0,0.0,100.0,60.0
2020-04-12 05:00:00,35.7372,75.7372,0.0,0.0,0.0,40.0,24.2628,Spring,1.9854,0.0,100.0,24.2628
2020-04-12 06:00:00,1110.042,100.0,200.0,0.0,187.6166303929372,0.0,0.0,Spring,61.669,0.0,0.0,0.0
2020-04-12 07:00:00,2466.252,100.0,200.0,0.0,375.2332607858744,0.0,0.0,Spring,137.01399999999998,0.0,0.0,0.0
2020-04-12 08:00:00,2780.73,100.0,200.0,0.0,562.8498911788115,0.0,0.0,Spring,154.485,0.0,0.0,0.0
2020-04-12 09:00:00,2776.77,100.0,137.15010882118844,0.0,691.5080975540917,0.0,0.0,Spring,154.26500000000001,0.0,0.0,0.0
2020-04-12 10:00:00,2691.864,100.0,8.491902445908286,0.0,699.4742081667259,0.0,0.0,Spring,149.548,0.0,0.0,0.0
2020-04-12 11:00:00,2639.16,100.0,0.5257918332740664,0.0,699.9674446269609,0.0,0.0,Spring,146.62,0.0,0.0,0.0
2020-04-12 12:00:00,2645.352,100.0,0.03255537303909659,0.0,699.9979842739149,0.0,0.0,Spring,146.96399999999997,0.0,0.0,0.0
2020-04-12 13:00:00,2662.434,100.0,0.0020157260851701724,0.0,699.9998751925942,0.0,0.0,Spring,147.913,0.0,0.0,0.0
2020-04-12 14:00:00,2681.658,100.0,0.00012480740575119854,0.0,699.9999922723188,0.0,0.0,Spring,148.981,0.0,0.0,0.0
2020-04-12 15:00:00,2646.0,100.0,7.727681193500757e-06,0.0,699.9999995215264,0.0,0.0,Spring,147.0,0.0,0.0,0.0
2020-04-12 16:00:00,2270.232,100.0,4.784736083820462e-07,0.0,699.9999999703743,0.0,0.0,Spring,126.124,0.0,0.0,0.0
2020-04-12 17:00:00,925.29,100.0,2.9625603929162025e-08,0.0,699.9999999981657,0.0,0.0,Spring,51.405,0.0,0.0,0.0
2020-04-12 18:00:00,25.7328,100.0,0.0,79.16910120862696,620.8308987895387,0.0,0.0,Spring,1.4296000000000002,11.309871601232423,0.0,0.0
2020-04-12 19:00:00,0.0,100.0,0.0,106.60035817780522,514.2305406117334,0.0,0.0,Spring,0.0,15.228622596829316,0.0,0.0
2020-04-12 20:00:00,0.0,100.0,0.0,106.60035817780522,407.63018243392827,0.0,0.0,Spring,0.0,15.228622596829316,0.0,0.0
2020-04-12 21:00:00,0.0,100.0,0.0,106.60035817780522,301.02982425612305,0.0,0.0,Spring,0.0,15.228622596829316,0.0,0.0
2020-04-12 22:00:00,0.0,100.0,0.0,106.60035817780522,194.42946607831783,0.0,0.0,Spring,0.0,15.228622596829316,0.0,0.0
2020-04-12 23:00:00,0.0,100.0,0.0,106.60035817780522,87.82910790051262,0.0,0.0,Spring,0.0,15.228622596829316,0.0,0.0
2020-04-13 00:00:00,0.0,100.0,0.0,87.82910790051262,0.0,17.608993626440622,0.0,Spring,0.0,12.547015414358947,44.022484066101555,0.0
2020-04-13 01:00:00,0.0,40.0,0.0,0.0,0.0,40.0,60.0,Spring,0.0,0.0,100.0,60.0
2020-04-13 02:00:00,0.0,40.0,0.0,0.0,0.0,40.0,60.0,Spring,0.0,0.0,100.0,60.0
2020-04-13 03:00:00,0.0,40.0,0.0,0.0,0.0,40.0,60.0,Spring,0.0,0.0,100.0,60.0
2020-04-13 04:00:00,0.0,40.0,0.0,0.0,0.0,40.0,60.0,Spring,0.0,0.0,100.0,60.0
2020-04-13 05:00:00,0.0,40.0,0.0,0.0,0.0,40.0,60.0,Spring,0.0,0.0,100.0,60.0
2020-04-13 06:00:00,529.866,100.0,200.0,0.0,187.6166303929372,0.0,0.0,Spring,29.436999999999998,0.0,0.0,0.0
2020-04-13 07:00:00,1536.822,100.0,200.0,0.0,375.2332607858744,0.0,0.0,Spring,85.37899999999999,0.0,0.0,0.0
2020-04-13 08:00:00,2484.99,100.0,200.0,0.0,562.8498911788115,0.0,0.0,Spring,138.055,0.0,0.0,0.0
2020-04-13 09:00:00,2580.462,100.0,137.15010882118844,0.0,691.5080975540917,0.0,0.0,Spring,143.35899999999998,0.0,0.0,0.0
2020-04-13 10:00:00,2594.916,100.0,8.491902445908286,0.0,699.4742081667259,0.0,0.0,Spring,144.162,0.0,0.0,0.0
2020-04-13 11:00:00,2614.626,100.0,0.5257918332740664,0.0,699.9674446269609,0.0,0.0,Spring,145.257,0.0,0.0,0.0
2020-04-13 12:00:00,2476.404,100.0,0.03255537303909659,0.0,699.9979842739149,0.0,0.0,Spring,137.578,0.0,0.0,0.0
2020-04-13 13:00:00,1920.258,100.0,0.0020157260851701724,0.0,699.9998751925942,0.0,0.0,Spring,106.681,0.0,0.0,0.0
2020-04-13 14:00:00,1291.464,100.0,0.00012480740575119854,0.0,699.9999922723188,0.0,0.0,Spring,71.748,0.0,0.0,0.0
2020-04-13 15:00:00,1637.766,100.0,7.727681193500757e-06,0.0,699.9999995215264,0.0,0.0,Spring,90.98700000000001,0.0,0.0,0.0
2020-04-13 16:00:00,1213.902,100.0,4.784736083820462e-07,0.0,699.9999999703743,0.0,0.0,Spring,67.43900000000001,0.0,0.0,0.0
2020-04-13 17:00:00,205.38,100.0,2.9625603929162025e-08,0.0,699.9999999981657,0.0,0.0,Spring,11.41,0.0,0.0,0.0
2020-04-13 18:00:00,20.2482,100.0,0.0,85.01570445324685,614.9842955449187,0.0,0.0,Spring,1.1249,12.145100636178121,0.0,0.0
2020-04-13 19:00:00,0.0,100.0,0.0,106.60035817780522,508.38393736711356,0.0,0.0,Spring,0.0,15.228622596829316,0.0,0.0
2020-04-13 20:00:00,0.0,100.0,0.0,106.60035817780522,401.78357918930834,0.0,0.0,Spring,0.0,15.228622596829316,0.0,0.0
2020-04-13 21:00:00,0.0,100.0,0.0,106.60035817780522,295.1832210115031,0.0,0.0,Spring,0.0,15.228622596829316,0.0,0.0
2020-04-13 22:00:00,0.0,100.0,0.0,106.60035817780522,188.58286283369793,0.0,0.0,Spring,0.0,15.228622596829316,0.0,0.0
2020-04-13 23:00:00,0.0,100.0,0.0,106.60035817780522,81.98250465589271,0.0,0.0,Spring,0.0,15.228622596829316,0.0,0.0
2020-04-14 00:00:00,0.0,100.0,0.0,81.98250465589271,0.0,23.093593626440622,0.0,Spring,0.0,11.711786379413244,57.73398406610155,0.0
2020-04-14 01:00:00,0.0,40.0,0.0,0.0,0.0,40.0,60.0,Spring,0.0,0.0,100.0,60.0
2020-04-14 02:00:00,0.0,40.0,0.0,0.0,0.0,40.0,60.0,Spring,0.0,0.0,100.0,60.0
2020-04-14 03:00:00,0.0,40.0,0.0,0.0,0.0,40.0,60.0,Spring,0.0,0.0,100.0,60.0
2020-04-14 04:00:00,0.0,40.0,0.0,0.0,0.0,40.0,60.0,Spring,0.0,0.0,100.0,60.0
2020-04-14 05:00:00,0.0,40.0,0.0,0.0,0.0,40.0,60.0,Spring,0.0,0.0,100.0,60.0
2020-04-14 06:00:00,167.41080000000002,100.0,67.41080000000002,0.0,63.23693574046107,0.0,0.0,Spring,9.300600000000001,0.0,0.0,0.0
2020-04-14 07:00:00,1631.628,100.0,200.0,0.0,250.85356613339826,0.0,0.0,Spring,90.64599999999999,0.0,0.0,0.0
2020-04-14 08:00:00,2077.902,100.0,200.0,0.0,438.4701965263354,0.0,0.0,Spring,115.43900000000001,0.0,0.0,0.0
2020-04-14 09:00:00,2362.374,100.0,200.0,0.0,626.0868269192727,0.0,0.0,Spring,131.243,0.0,0.0,0.0
2020-04-14 10:00:00,2629.908,100.0,73.91317308072735,0.0,695.4235292945527,0.0,0.0,Spring,146.106,0.0,0.0,0.0
2020-04-14 11:00:00,1681.38,100.0,4.576470705447253,0.0,699.7166393587928,0.0,0.0,Spring,93.41000000000001,0.0,0.0,0.0
2020-04-14 12:00:00,730.908,100.0,0.28336064120719673,0.0,699.9824552022392,0.0,0.0,Spring,40.606,0.0,0.0,0.0
2020-04-14 13:00:00,410.346,100.0,0.017544797760783694,0.0,699.9989136814233,0.0,0.0,Spring,22.797,0.0,0.0,0.0
2020-04-14 14:00:00,416.79,100.0,0.001086318576708436,0.0,699.9999327385777,0.0,0.0,Spring,23.155,0.0,0.0,0.0
2020-04-14 15:00:00,250.938,100.0,6.726142228581011e-05,0.0,699.9999958353847,0.0,0.0,Spring,13.941,0.0,0.0,0.0
2020-04-14 16:00:00,145.665,100.0,4.1646152967587115e-06,0.0,699.9999997421402,0.0,0.0,Spring,8.0925,0.0,0.0,0.0
2020-04-14 17:00:00,53.50320000000001,100.0,0.0,49.565755341217724,650.4342444009225,0.0,0.0,Spring,2.9724000000000004,7.080822191602532,0.0,0.0
2020-04-14 18:00:00,0.0,100.0,0.0,106.60035817780522,543.8338862231172,0.0,0.0,Spring,0.0,15.228622596829316,0.0,0.0
2020-04-14 19:00:00,0.0,100.0,0.0,106.60035817780522,437.233528045312,0.0,0.0,Spring,0.0,15.228622596829316,0.0,0.0
2020-04-14 20:00:00,0.0,100.0,0.0,106.60035817780522,330.6331698675068,0.0,0.0,Spring,0.0,15.228622596829316,0.0,0.0
2020-04-14 21:00:00,0.0,100.0,0.0,106.60035817780522,224.03281168970162,0.0,0.0,Spring,0.0,15.228622596829316,0.0,0.0
2020-04-14 22:00:00,0.0,100.0,0.0,106.60035817780522,117.43245351189641,0.0,0.0,Spring,0.0,15.228622596829316,0.0,0.0
2020-04-14 23:00:00,0.0,100.0,0.0,106.60035817780522,10.832095334091195,0.0,0.0,Spring,0.0,15.228622596829316,0.0,0.0
2020-04-15 00:00:00,0.0,50.16140613338624,0.0,10.832095334091195,0.0,40.0,49.83859386661376,Spring,0.0,1.5474421905844562,100.0,49.83859386661376
2020-04-15 01:00:00,0.0,40.0,0.0,0.0,0.0,40.0,60.0,Spring,0.0,0.0,100.0,60.0
2020-04-15 02:00:00,0.0,40.0,0.0,0.0,0.0,40.0,60.0,Spring,0.0,0.0,100.0,60.0
2020-04-15 03:00:00,0.0,40.0,0.0,0.0,0.0,40.0,60.0,Spring,0.0,0.0,100.0,60.0
2020-04-15 04:00:00,0.0,40.0,0.0,0.0,0.0,40.0,60.0,Spring,0.0,0.0,100.0,60.0
2020-04-15 05:00:00,35.611200000000004,75.6112,0.0,0.0,0.0,40.0,24.388800000000003,Spring,1.9784000000000004,0.0,100.0,24.388800000000003
2020-04-15 06:00:00,1588.464,100.0,200.0,0.0,187.6166303929372,0.0,0.0,Spring,88.24799999999999,0.0,0.0,0.0
2020-04-15 07:00:00,2652.75,100.0,200.0,0.0,375.2332607858744,0.0,0.0,Spring,147.375,0.0,0.0,0.0
2020-04-15 08:00:00,2845.422,100.0,200.0,0.0,562.8498911788115,0.0,0.0,Spring,158.07899999999998,0.0,0.0,0.0
2020-04-15 09:00:00,2865.564,100.0,137.15010882118844,0.0,691.5080975540917,0.0,0.0,Spring,159.198,0.0,0.0,0.0
2020-04-15 10:00:00,2825.136,100.0,8.491902445908286,0.0,699.4742081667259,0.0,0.0,Spring,156.952,0.0,0.0,0.0
2020-04-15 11:00:00,2780.82,100.0,0.5257918332740664,0.0,699.9674446269609,0.0,0.0,Spring,154.49,0.0,0.0,0.0
2020-04-15 12:00:00,2781.684,100.0,0.03255537303909659,0.0,699.9979842739149,0.0,0.0,Spring,154.538,0.0,0.0,0.0
2020-04-15 13:00:00,2806.236,100.0,0.0020157260851701724,0.0,699.9998751925942,0.0,0.0,Spring,155.902,0.0,0.0,0.0
2020-04-15 14:00:00,2830.176,100.0,0.00012480740575119854,0.0,699.9999922723188,0.0,0.0,Spring,157.232,0.0,0.0,0.0
2020-04-15 15:00:00,2814.12,100.0,7.727681193500757e-06,0.0,699.9999995215264,0.0,0.0,Spring,156.34,0.0,0.0,0.0
2020-04-15 16:00:00,2439.792,100.0,4.784736083820462e-07,0.0,699.9999999703743,0.0,0.0,Spring,135.544,0.0,0.0,0.0
2020-04-15 17:00:00,1045.008,100.0,2.9625603929162025e-08,0.0,699.9999999981657,0.0,0.0,Spring,58.056000000000004,0.0,0.0,0.0
2020-04-15 18:00:00,20.754,100.0,0.0,84.47651984158351,615.5234801565821,0.0,0.0,Spring,1.153,12.068074263083359,0.0,0.0
2020-04-15 19:00:00,0.0,100.0,0.0,106.60035817780522,508.92312197877686,0.0,0.0,Spring,0.0,15.228622596829316,0.0,0.0
2020-04-15 20:00:00,0.0,100.0,0.0,106.60035817780522,402.3227638009717,0.0,0.0,Spring,0.0,15.228622596829316,0.0,0.0
2020-04-15 21:00:00,0.0,100.0,0.0,106.60035817780522,295.7224056231665,0.0,0.0,Spring,0.0,15.228622596829316,0.0,0.0
2020-04-15 22:00:00,0.0,100.0,0.0,106.60035817780522,189.12204744536126,0.0,0.0,Spring,0.0,15.228622596829316,0.0,0.0
2020-04-15 23:00:00,0.0,100.0,0.0,106.60035817780522,82.52168926755606,0.0,0.0,Spring,0.0,15.228622596829316,0.0,0.0
2020-04-16 00:00:00,0.0,100.0,0.0,82.52168926755606,0.0,22.587793626440615,0.0,Spring,0.0,11.788812752508008,56.469484066101536,0.0
2020-04-16 01:00:00,0.0,40.0,0.0,0.0,0.0,40.0,60.0,Spring,0.0,0.0,100.0,60.0
2020-04-16 02:00:00,0.0,40.0,0.0,0.0,0.0,40.0,60.0,Spring,0.0,0.0,100.0,60.0
2020-04-16 03:00:00,0.0,40.0,0.0,0.0,0.0,40.0,60.0,Spring,0.0,0.0,100.0,60.0
2020-04-16 04:00:00,0.0,40.0,0.0,0.0,0.0,40.0,60.0,Spring,0.0,0.0,100.0,60.0
2020-04-16 05:00:00,55.6434,95.6434,0.0,0.0,0.0,40.0,4.3566,Spring,3.0913,0.0,100.0,4.3566
2020-04-16 06:00:00,1367.334,100.0,200.0,0.0,187.6166303929372,0.0,0.0,Spring,75.96300000000001,0.0,0.0,0.0
2020-04-16 07:00:00,2566.314,100.0,200.0,0.0,375.2332607858744,0.0,0.0,Spring,142.573,0.0,0.0,0.0
2020-04-16 08:00:00,2830.698,100.0,200.0,0.0,562.8498911788115,0.0,0.0,Spring,157.261,0.0,0.0,0.0
2020-04-16 09:00:00,2819.52,100.0,137.15010882118844,0.0,691.5080975540917,0.0,0.0,Spring,156.64000000000001,0.0,0.0,0.0
2020-04-16 10:00:00,2782.08,100.0,8.491902445908286,0.0,699.4742081667259,0.0,0.0,Spring,154.55999999999997,0.0,0.0,0.0
2020-04-16 11:00:00,2733.246,100.0,0.5257918332740664,0.0,699.9674446269609,0.0,0.0,Spring,151.847,0.0,0.0,0.0
2020-04-16 12:00:00,2752.758,100.0,0.03255537303909659,0.0,699.9979842739149,0.0,0.0,Spring,152.93099999999998,0.0,0.0,0.0
2020-04-16 13:00:00,2765.43,100.0,0.0020157260851701724,0.0,699.9998751925942,0.0,0.0,Spring,153.635,0.0,0.0,0.0
2020-04-16 14:00:00,2782.026,100.0,0.00012480740575119854,0.0,699.9999922723188,0.0,0.0,Spring,154.557,0.0,0.0,0.0
2020-04-16 15:00:00,1874.88,100.0,7.727681193500757e-06,0.0,699.9999995215264,0.0,0.0,Spring,104.16000000000001,0.0,0.0,0.0
2020-04-16 16:00:00,268.956,100.0,4.784736083820462e-07,0.0,699.9999999703743,0.0,0.0,Spring,14.942,0.0,0.0,0.0
2020-04-16 17:00:00,70.73459999999999,100.0,0.0,31.19702122216742,668.802978748207,0.0,0.0,Spring,3.929699999999999,4.456717317452489,0.0,0.0
2020-04-16 18:00:00,0.0,100.0,0.0,106.60035817780522,562.2026205704018,0.0,0.0,Spring,0.0,15.228622596829316,0.0,0.0
2020-04-16 19:00:00,0.0,100.0,0.0,106.60035817780522,455.6022623925966,0.0,0.0,Spring,0.0,15.228622596829316,0.0,0.0
2020-04-16 20:00:00,0.0,100.0,0.0,106.60035817780522,349.00190421479135,0.0,0.0,Spring,0.0,15.228622596829316,0.0,0.0
2020-04-16 21:00:00,0.0,100.0,0.0,106.60035817780522,242.40154603698616,0.0,0.0,Spring,0.0,15.228622596829316,0.0,0.0
2020-04-16 22:00:00,0.0,100.0,0.0,106.60035817780522,135.80118785918097,0.0,0.0,Spring,0.0,15.228622596829316,0.0,0.0
2020-04-16 23:00:00,0.0,100.0,0.0,106.60035817780522,29.200829681375748,0.0,0.0,Spring,0.0,15.228622596829316,0.0,0.0
2020-04-17 00:00:00,0.0,67.39280634748891,0.0,29.200829681375748,0.0,40.0,32.607193652511086,Spring,0.0,4.171547097339393,100.0,32.607193652511086
2020-04-17 01:00:00,0.0,40.0,0.0,0.0,0.0,40.0,60.0,Spring,0.0,0.0,100.0,60.0
2020-04-17 02:00:00,0.0,40.0,0.0,0.0,0.0,40.0,60.0,Spring,0.0,0.0,100.0,60.0
2020-04-17 03:00:00,0.0,40.0,0.0,0.0,0.0,40.0,60.0,Spring,0.0,0.0,100.0,60.0
2020-04-17 04:00:00,0.0,40.0,0.0,0.0,0.0,40.0,60.0,Spring,0.0,0.0,100.0,60.0
2020-04-17 05:00:00,0.0,40.0,0.0,0.0,0.0,40.0,60.0,Spring,0.0,0.0,100.0,60.0
2020-04-17 06:00:00,104.77080000000001,100.0,4.770800000000008,0.0,4.475407101393132,0.0,0.0,Spring,5.820600000000001,0.0,0.0,0.0
2020-04-17 07:00:00,549.432,100.0,200.0,0.0,192.09203749433033,0.0,0.0,Spring,30.524,0.0,0.0,0.0
2020-04-17 08:00:00,937.89,100.0,200.0,0.0,379.70866788726755,0.0,0.0,Spring,52.105000000000004,0.0,0.0,0.0
2020-04-17 09:00:00,1665.288,100.0,200.0,0.0,567.3252982802047,0.0,0.0,Spring,92.51599999999999,0.0,0.0,0.0
2020-04-17 10:00:00,2381.976,100.0,132.67470171979522,0.0,691.7852006554848,0.0,0.0,Spring,132.332,0.0,0.0,0.0
2020-04-17 11:00:00,2500.974,100.0,8.214799344515194,0.0,699.491365517345,0.0,0.0,Spring,138.943,0.0,0.0,0.0
2020-04-17 12:00:00,1954.188,100.0,0.5086344826549757,0.0,699.9685069560319,0.0,0.0,Spring,108.566,0.0,0.0,0.0
2020-04-17 13:00:00,1928.538,100.0,0.031493043968104754,0.0,699.9980500499825,0.0,0.0,Spring,107.14099999999999,0.0,0.0,0.0
2020-04-17 14:00:00,2106.792,100.0,0.0019499500175006687,0.0,699.9998792652411,0.0,0.0,Spring,117.044,0.0,0.0,0.0
2020-04-17 15:00:00,1107.396,100.0,0.00012073475890792907,0.0,699.9999925244842,0.0,0.0,Spring,61.522,0.0,0.0,0.0
2020-04-17 16:00:00,205.2,100.0,7.475515711121261e-06,0.0,699.9999995371396,0.0,0.0,Spring,11.399999999999999,0.0,0.0,0.0
2020-04-17 17:00:00,106.2666,100.0,4.628603346645832e-07,0.0,699.9999999713411,0.0,0.0,Spring,5.9037,0.0,0.0,0.0
2020-04-17 18:00:00,0.0,100.0,0.0,106.60035817780522,593.3996417935359,0.0,0.0,Spring,0.0,15.228622596829316,0.0,0.0
2020-04-17 19:00:00,0.0,100.0,0.0,106.60035817780522,486.7992836157307,0.0,0.0,Spring,0.0,15.228622596829316,0.0,0.0
2020-04-17 20:00:00,0.0,100.0,0.0,106.60035817780522,380.1989254379255,0.0,0.0,Spring,0.0,15.228622596829316,0.0,0.0
2020-04-17 21:00:00,0.0,100.0,0.0,106.60035817780522,273.5985672601203,0.0,0.0,Spring,0.0,15.228622596829316,0.0,0.0
2020-04-17 22:00:00,0.0,100.0,0.0,106.60035817780522,166.9982090823151,0.0,0.0,Spring,0.0,15.228622596829316,0.0,0.0
2020-04-17 23:00:00,0.0,100.0,0.0,106.60035817780522,60.39785090450987,0.0,0.0,Spring,0.0,15.228622596829316,0.0,0.0
2020-04-18 00:00:00,0.0,96.65820634839578,0.0,60.39785090450987,0.0,40.0,3.3417936516042204,Spring,0.0,8.628264414929982,100.0,3.3417936516042204
2020-04-18 01:00:00,0.0,40.0,0.0,0.0,0.0,40.0,60.0,Spring,0.0,0.0,100.0,60.0
2020-04-18 02:00:00,0.0,40.0,0.0,0.0,0.0,40.0,60.0,Spring,0.0,0.0,100.0,60.0
2020-04-18 03:00:00,0.0,40.0,0.0,0.0,0.0,40.0,60.0,Spring,0.0,0.0,100.0,60.0
2020-04-18 04:00:00,0.0,40.0,0.0,0.0,0.0,40.0,60.0,Spring,0.0,0.0,100.0,60.0
2020-04-18 05:00:00,0.0,40.0,0.0,0.0,0.0,40.0,60.0,Spring,0.0,0.0,100.0,60.0
2020-04-18 06:00:00,156.05819999999997,100.0,56.05819999999997,0.0,52.58725294946673,0.0,0.0,Spring,8.669899999999998,0.0,0.0,0.0
2020-04-18 07:00:00,260.694,100.0,160.69400000000002,0.0,203.33158697128,0.0,0.0,Spring,14.483,0.0,0.0,0.0
2020-04-18 08:00:00,309.582,100.0,200.0,0.0,390.94821736421716,0.0,0.0,Spring,17.199,0.0,0.0,0.0
2020-04-18 09:00:00,529.992,100.0,200.0,0.0,578.5648477571543,0.0,0.0,Spring,29.444,0.0,0.0,0.0
2020-04-18 10:00:00,564.444,100.0,121.43515224284562,0.0,692.4811181324345,0.0,0.0,Spring,31.357999999999997,0.0,0.0,0.0
2020-04-18 11:00:00,600.84,100.0,7.518881867565447,0.0,699.5344545340105,0.0,0.0,Spring,33.38,0.0,0.0,0.0
2020-04-18 12:00:00,876.276,100.0,0.465545465989504,0.0,699.9711748921288,0.0,0.0,Spring,48.681999999999995,0.0,0.0,0.0
2020-04-18 13:00:00,1006.812,100.0,0.028825107871205544,0.0,699.9982152401763,0.0,0.0,Spring,55.934000000000005,0.0,0.0,0.0
2020-04-18 14:00:00,1126.44,100.0,0.0017847598236985505,0.0,699.9998894932972,0.0,0.0,Spring,62.580000000000005,0.0,0.0,0.0
2020-04-18 15:00:00,1323.99,100.0,0.00011050670279655606,0.0,699.9999931577732,0.0,0.0,Spring,73.555,0.0,0.0,0.0
2020-04-18 16:00:00,862.11,100.0,6.842226721346378e-06,0.0,699.9999995763509,0.0,0.0,Spring,47.894999999999996,0.0,0.0,0.0
2020-04-18 17:00:00,250.02,100.0,4.2364909313619136e-07,0.0,699.9999999737689,0.0,0.0,Spring,13.889999999999999,0.0,0.0,0.0
2020-04-18 18:00:00,32.3028,100.0,0.0,72.16545767634516,627.8345422974238,0.0,0.0,Spring,1.7946,10.309351096620736,0.0,0.0
2020-04-18 19:00:00,0.0,100.0,0.0,106.60035817780522,521.2341841196186,0.0,0.0,Spring,0.0,15.228622596829316,0.0,0.0
2020-04-18 20:00:00,0.0,100.0,0.0,106.60035817780522,414.6338259418134,0.0,0.0,Spring,0.0,15.228622596829316,0.0,0.0
2020-04-18 21:00:00,0.0,100.0,0.0,106.60035817780522,308.0334677640082,0.0,0.0,Spring,0.0,15.228622596829316,0.0,0.0
2020-04-18 22:00:00,0.0,100.0,0.0,106.60035817780522,201.43310958620302,0.0,0.0,Spring,0.0,15.228622596829316,0.0,0.0
2020-04-18 23:00:00,0.0,100.0,0.0,106.60035817780522,94.83275140839778,0.0,0.0,Spring,0.0,15.228622596829316,0.0,0.0
2020-04-19 00:00:00,0.0,100.0,0.0,94.83275140839778,0.0,11.038993649326699,0.0,Spring,0.0,13.547535915485398,27.597484123316747,0.0
2020-04-19 01:00:00,0.0,40.0,0.0,0.0,0.0,40.0,60.0,Spring,0.0,0.0,100.0,60.0
2020-04-19 02:00:00,0.0,40.0,0.0,0.0,0.0,40.0,60.0,Spring,0.0,0.0,100.0,60.0
2020-04-19 03:00:00,0.0,40.0,0.0,0.0,0.0,40.0,60.0,Spring,0.0,0.0,100.0,60.0
2020-04-19 04:00:00,0.0,40.0,0.0,0.0,0.0,40.0,60.0,Spring,0.0,0.0,100.0,60.0
2020-04-19 05:00:00,56.14020000000001,96.14020000000001,0.0,0.0,0.0,40.0,3.859799999999993,Spring,3.1189000000000004,0.0,100.0,3.8597999999999932
2020-04-19 06:00:00,979.542,100.0,200.0,0.0,187.6166303929372,0.0,0.0,Spring,54.419000000000004,0.0,0.0,0.0
2020-04-19 07:00:00,930.366,100.0,200.0,0.0,375.2332607858744,0.0,0.0,Spring,51.687,0.0,0.0,0.0
2020-04-19 08:00:00,1776.33,100.0,200.0,0.0,562.8498911788115,0.0,0.0,Spring,98.685,0.0,0.0,0.0
2020-04-19 09:00:00,2835.504,100.0,137.15010882118844,0.0,691.5080975540917,0.0,0.0,Spring,157.528,0.0,0.0,0.0
2020-04-19 10:00:00,2745.414,100.0,8.491902445908286,0.0,699.4742081667259,0.0,0.0,Spring,152.523,0.0,0.0,0.0
2020-04-19 11:00:00,2685.132,100.0,0.5257918332740664,0.0,699.9674446269609,0.0,0.0,Spring,149.174,0.0,0.0,0.0
2020-04-19 12:00:00,2686.158,100.0,0.03255537303909659,0.0,699.9979842739149,0.0,0.0,Spring,149.231,0.0,0.0,0.0
2020-04-19 13:00:00,2455.866,100.0,0.0020157260851701724,0.0,699.9998751925942,0.0,0.0,Spring,136.437,0.0,0.0,0.0
2020-04-19 14:00:00,2778.876,100.0,0.00012480740575119854,0.0,699.9999922723188,0.0,0.0,Spring,154.382,0.0,0.0,0.0
2020-04-19 15:00:00,2804.94,100.0,7.727681193500757e-06,0.0,699.9999995215264,0.0,0.0,Spring,155.83,0.0,0.0,0.0
2020-04-19 16:00:00,2410.182,100.0,4.784736083820462e-07,0.0,699.9999999703743,0.0,0.0,Spring,133.899,0.0,0.0,0.0
2020-04-19 17:00:00,1114.092,100.0,2.9625603929162025e-08,0.0,699.9999999981657,0.0,0.0,Spring,61.894000000000005,0.0,0.0,0.0
2020-04-19 18:00:00,28.7082,100.0,0.0,75.99731415140454,624.0026858467611,0.0,0.0,Spring,1.5949000000000002,10.856759164486363,0.0,0.0
2020-04-19 19:00:00,0.0,100.0,0.0,106.60035817780522,517.4023276689559,0.0,0.0,Spring,0.0,15.228622596829316,0.0,0.0
2020-04-19 20:00:00,0.0,100.0,0.0,106.60035817780522,410.8019694911507,0.0,0.0,Spring,0.0,15.228622596829316,0.0,0.0
2020-04-19 21:00:00,0.0,100.0,0.0,106.60035817780522,304.2016113133455,0.0,0.0,Spring,0.0,15.228622596829316,0.0,0.0
2020-04-19 22:00:00,0.0,100.0,0.0,106.60035817780522,197.60125313554028,0.0,0.0,Spring,0.0,15.228622596829316,0.0,0.0
2020-04-19 23:00:00,0.0,100.0,0.0,106.60035817780522,91.00089495773507,0.0,0.0,Spring,0.0,15.228622596829316,0.0,0.0
2020-04-20 00:00:00,0.0,100.0,0.0,91.00089495773507,0.0,14.633593626440586,0.0,Spring,0.0,13.00012785110501,36.583984066101465,0.0
2020-04-20 01:00:00,0.0,40.0,0.0,0.0,0.0,40.0,60.0,Spring,0.0,0.0,100.0,60.0
2020-04-20 02:00:00,0.0,40.0,0.0,0.0,0.0,40.0,60.0,Spring,0.0,0.0,100.0,60.0
2020-04-20 03:00:00,0.0,40.0,0.0,0.0,0.0,40.0,60.0,Spring,0.0,0.0,100.0,60.0
2020-04-20 04:00:00,0.0,40.0,0.0,0.0,0.0,40.0,60.0,Spring,0.0,0.0,100.0,60.0
2020-04-20 05:00:00,175.01219999999998,100.0,75.01219999999998,0.0,70.3676810118054,0.0,0.0,Spring,9.722899999999997,0.0,0.0,0.0
2020-04-20 06:00:00,1869.75,100.0,200.0,0.0,257.9843114047426,0.0,0.0,Spring,103.875,0.0,0.0,0.0
2020-04-20 07:00:00,2691.972,100.0,200.0,0.0,445.60094179767975,0.0,0.0,Spring,149.554,0.0,0.0,0.0
2020-04-20 08:00:00,2904.822,100.0,200.0,0.0,633.217572190617,0.0,0.0,Spring,161.37900000000002,0.0,0.0,0.0
2020-04-20 09:00:00,2889.522,100.0,66.78242780938302,0.0,695.865042565897,0.0,0.0,Spring,160.529,0.0,0.0,0.0
2020-04-20 10:00:00,2831.4,100.0,4.134957434102893,0.0,699.7439764689201,0.0,0.0,Spring,157.29999999999998,0.0,0.0,0.0
2020-04-20 11:00:00,2709.99,100.0,0.25602353107987436,0.0,699.9841478299327,0.0,0.0,Spring,150.555,0.0,0.0,0.0
2020-04-20 12:00:00,2745.864,100.0,0.015852170067373664,0.0,699.9990184835949,0.0,0.0,Spring,152.548,0.0,0.0,0.0
2020-04-20 13:00:00,2362.806,100.0,0.0009815164051251487,0.0,699.9999392275979,0.0,0.0,Spring,131.267,0.0,0.0,0.0
2020-04-20 14:00:00,1040.796,100.0,6.077240209560841e-05,0.0,699.9999962371644,0.0,0.0,Spring,57.82200000000001,0.0,0.0,0.0
2020-04-20 15:00:00,674.568,100.0,3.7628356367349623e-06,0.0,699.9999997670171,0.0,0.0,Spring,37.476,0.0,0.0,0.0
2020-04-20 16:00:00,926.964,100.0,2.3298291489481926e-07,0.0,699.9999999855744,0.0,0.0,Spring,51.498,0.0,0.0,0.0
2020-04-20 17:00:00,190.71,100.0,1.4425604604184628e-08,0.0,699.9999999991069,0.0,0.0,Spring,10.595,0.0,0.0,0.0
2020-04-20 18:00:00,25.493399999999998,100.0,0.0,79.42430246610462,620.5756975330022,0.0,0.0,Spring,1.4163,11.346328923729232,0.0,0.0
2020-04-20 19:00:00,0.0,100.0,0.0,106.60035817780522,513.9753393551971,0.0,0.0,Spring,0.0,15.228622596829316,0.0,0.0
2020-04-20 20:00:00,0.0,100.0,0.0,106.60035817780522,407.3749811773918,0.0,0.0,Spring,0.0,15.228622596829316,0.0,0.0
2020-04-20 21:00:00,0.0,100.0,0.0,106.60035817780522,300.77462299958665,0.0,0.0,Spring,0.0,15.228622596829316,0.0,0.0
2020-04-20 22:00:00,0.0,100.0,0.0,106.60035817780522,194.17426482178143,0.0,0.0,Spring,0.0,15.228622596829316,0.0,0.0
2020-04-20 23:00:00,0.0,100.0,0.0,106.60035817780522,87.57390664397622,0.0,0.0,Spring,0.0,15.228622596829316,0.0,0.0
2020-04-21 00:00:00,0.0,100.0,0.0,87.57390664397622,0.0,17.848393625557634,0.0,Spring,0.0,12.510558091996602,44.620984063894085,0.0
2020-04-21 01:00:00,0.0,40.0,0.0,0.0,0.0,40.0,60.0,Spring,0.0,0.0,100.0,60.0
2020-04-21 02:00:00,0.0,40.0,0.0,0.0,0.0,40.0,60.0,Spring,0.0,0.0,100.0,60.0
2020-04-21 03:00:00,0.0,40.0,0.0,0.0,0.0,40.0,60.0,Spring,0.0,0.0,100.0,60.0
2020-04-21 04:00:00,0.0,40.0,0.0,0.0,0.0,40.0,60.0,Spring,0.0,0.0,100.0,60.0
2020-04-21 05:00:00,33.105599999999995,73.1056,0.0,0.0,0.0,40.0,26.894400000000005,Spring,1.8392,0.0,100.0,26.894400000000008
2020-04-21 06:00:00,424.188,100.0,200.0,0.0,187.6166303929372,0.0,0.0,Spring,23.566,0.0,0.0,0.0
2020-04-21 07:00:00,1518.246,100.0,200.0,0.0,375.2332607858744,0.0,0.0,Spring,84.34700000000001,0.0,0.0,0.0
2020-04-21 08:00:00,2052.018,100.0,200.0,0.0,562.8498911788115,0.0,0.0,Spring,114.00099999999999,0.0,0.0,0.0
2020-04-21 09:00:00,1665.972,100.0,137.15010882118844,0.0,691.5080975540917,0.0,0.0,Spring,92.554,0.0,0.0,0.0
2020-04-21 10:00:00,2686.554,100.0,8.491902445908286,0.0,699.4742081667259,0.0,0.0,Spring,149.25300000000001,0.0,0.0,0.0
2020-04-21 11:00:00,2400.624,100.0,0.5257918332740664,0.0,699.9674446269609,0.0,0.0,Spring,133.368,0.0,0.0,0.0
2020-04-21 12:00:00,2013.102,100.0,0.03255537303909659,0.0,699.9979842739149,0.0,0.0,Spring,111.839,0.0,0.0,0.0
2020-04-21 13:00:00,497.106,100.0,0.0020157260851701724,0.0,699.9998751925942,0.0,0.0,Spring,27.616999999999997,0.0,0.0,0.0
2020-04-21 14:00:00,367.182,100.0,0.00012480740575119854,0.0,699.9999922723188,0.0,0.0,Spring,20.399,0.0,0.0,0.0
2020-04-21 15:00:00,340.182,100.0,7.727681193500757e-06,0.0,699.9999995215264,0.0,0.0,Spring,18.899,0.0,0.0,0.0
2020-04-21 16:00:00,504.198,100.0,4.784736083820462e-07,0.0,699.9999999703743,0.0,0.0,Spring,28.010999999999996,0.0,0.0,0.0
2020-04-21 17:00:00,58.6926,100.0,0.0,44.03383635393871,655.9661636164357,0.0,0.0,Spring,3.2607,6.290548050562673,0.0,0.0
2020-04-21 18:00:00,0.0,100.0,0.0,106.60035817780522,549.3658054386306,0.0,0.0,Spring,0.0,15.228622596829316,0.0,0.0
2020-04-21 19:00:00,0.0,100.0,0.0,106.60035817780522,442.76544726082534,0.0,0.0,Spring,0.0,15.228622596829316,0.0,0.0
2020-04-21 20:00:00,0.0,100.0,0.0,106.60035817780522,336.1650890830201,0.0,0.0,Spring,0.0,15.228622596829316,0.0,0.0
2020-04-21 21:00:00,0.0,100.0,0.0,106.60035817780522,229.5647309052149,0.0,0.0,Spring,0.0,15.228622596829316,0.0,0.0
2020-04-21 22:00:00,0.0,100.0,0.0,106.60035817780522,122.9643727274097,0.0,0.0,Spring,0.0,15.228622596829316,0.0,0.0
2020-04-21 23:00:00,0.0,100.0,0.0,106.60035817780522,16.364014549604473,0.0,0.0,Spring,0.0,15.228622596829316,0.0,0.0
2020-04-22 00:00:00,0.0,55.35080634748894,0.0,16.364014549604473,-1.8189894035458565e-15,40.0,44.64919365251106,Spring,0.0,2.3377163642292103,100.0,44.64919365251106
2020-04-22 01:00:00,0.0,40.0,0.0,-1.8189894035458565e-15,0.0,40.0,60.0,Spring,0.0,-2.598556290779795e-16,100.0,60.0
2020-04-22 02:00:00,0.0,40.0,0.0,0.0,0.0,40.0,60.0,Spring,0.0,0.0,100.0,60.0
2020-04-22 03:00:00,0.0,40.0,0.0,0.0,0.0,40.0,60.0,Spring,0.0,0.0,100.0,60.0
2020-04-22 04:00:00,0.0,40.0,0.0,0.0,0.0,40.0,60.0,Spring,0.0,0.0,100.0,60.0
2020-04-22 05:00:00,38.50920000000001,78.5092,0.0,0.0,0.0,40.0,21.490799999999993,Spring,2.1394,0.0,100.0,21.490799999999993
2020-04-22 06:00:00,698.85,100.0,200.0,0.0,187.6166303929372,0.0,0.0,Spring,38.825,0.0,0.0,0.0
2020-04-22 07:00:00,1403.352,100.0,200.0,0.0,375.2332607858744,0.0,0.0,Spring,77.964,0.0,0.0,0.0
2020-04-22 08:00:00,2257.56,100.0,200.0,0.0,562.8498911788115,0.0,0.0,Spring,125.42,0.0,0.0,0.0
2020-04-22 09:00:00,2493.954,100.0,137.15010882118844,0.0,691.5080975540917,0.0,0.0,Spring,138.55300000000003,0.0,0.0,0.0
2020-04-22 10:00:00,604.872,100.0,8.491902445908286,0.0,699.4742081667259,0.0,0.0,Spring,33.60399999999999,0.0,0.0,0.0
2020-04-22 11:00:00,660.096,100.0,0.5257918332740664,0.0,699.9674446269609,0.0,0.0,Spring,36.672,0.0,0.0,0.0
2020-04-22 12:00:00,2180.484,100.0,0.03255537303909659,0.0,699.9979842739149,0.0,0.0,Spring,121.13799999999999,0.0,0.0,0.0
2020-04-22 13:00:00,940.338,100.0,0.0020157260851701724,0.0,699.9998751925942,0.0,0.0,Spring,52.24099999999999,0.0,0.0,0.0
2020-04-22 14:00:00,1009.62,100.0,0.00012480740575119854,0.0,699.9999922723188,0.0,0.0,Spring,56.089999999999996,0.0,0.0,0.0
2020-04-22 15:00:00,379.296,100.0,7.727681193500757e-06,0.0,699.9999995215264,0.0,0.0,Spring,21.072,0.0,0.0,0.0
2020-04-22 16:00:00,216.018,100.0,4.784736083820462e-07,0.0,699.9999999703743,0.0,0.0,Spring,12.001000000000001,0.0,0.0,0.0
2020-04-22 17:00:00,145.43280000000001,100.0,2.9625603929162025e-08,0.0,699.9999999981657,0.0,0.0,Spring,8.079600000000001,0.0,0.0,0.0
2020-04-22 18:00:00,15.25266,100.0,0.0,90.34096798616238,609.6590320120032,0.0,0.0,Spring,0.8473700000000001,12.90585256945177,0.0,0.0
2020-04-22 19:00:00,0.0,100.0,0.0,106.60035817780522,503.05867383419803,0.0,0.0,Spring,0.0,15.228622596829316,0.0,0.0
2020-04-22 20:00:00,0.0,100.0,0.0,106.60035817780522,396.4583156563928,0.0,0.0,Spring,0.0,15.228622596829316,0.0,0.0
2020-04-22 21:00:00,0.0,100.0,0.0,106.60035817780522,289.85795747858765,0.0,0.0,Spring,0.0,15.228622596829316,0.0,0.0
2020-04-22 22:00:00,0.0,100.0,0.0,106.60035817780522,183.25759930078243,0.0,0.0,Spring,0.0,15.228622596829316,0.0,0.0
2020-04-22 23:00:00,0.0,100.0,0.0,106.60035817780522,76.65724112297721,0.0,0.0,Spring,0.0,15.228622596829316,0.0,0.0
2020-04-23 00:00:00,0.0,100.0,0.0,76.65724112297721,0.0,28.0891336264406,0.0,Spring,0.0,10.951034446139602,70.2228340661015,0.0
2020-04-23 01:00:00,0.0,40.0,0.0,0.0,0.0,40.0,60.0,Spring,0.0,0.0,100.0,60.0
2020-04-23 02:00:00,0.0,40.0,0.0,0.0,0.0,40.0,60.0,Spring,0.0,0.0,100.0,60.0
2020-04-23 03:00:00,0.0,40.0,0.0,0.0,0.0,40.0,60.0,Spring,0.0,0.0,100.0,60.0
2020-04-23 04:00:00,0.0,40.0,0.0,0.0,0.0,40.0,60.0,Spring,0.0,0.0,100.0,60.0
2020-04-23 05:00:00,27.660600000000002,67.6606,0.0,0.0,0.0,40.0,32.3394,Spring,1.5367,0.0,100.0,32.3394
2020-04-23 06:00:00,223.956,100.0,123.95599999999999,0.0,116.2810351849346,0.0,0.0,Spring,12.441999999999998,0.0,0.0,0.0
2020-04-23 07:00:00,416.718,100.0,200.0,0.0,303.8976655778718,0.0,0.0,Spring,23.151000000000003,0.0,0.0,0.0
2020-04-23 08:00:00,727.632,100.0,200.0,0.0,491.514295970809,0.0,0.0,Spring,40.424,0.0,0.0,0.0
2020-04-23 09:00:00,890.172,100.0,200.0,0.0,679.1309263637462,0.0,0.0,Spring,49.454,0.0,0.0,0.0
2020-04-23 10:00:00,859.356,100.0,20.86907363625383,0.0,698.7078527390263,0.0,0.0,Spring,47.742000000000004,0.0,0.0,0.0
2020-04-23 11:00:00,1468.044,100.0,1.2921472609736957,0.0,699.9199943144031,0.0,0.0,Spring,81.558,0.0,0.0,0.0
2020-04-23 12:00:00,1279.476,100.0,0.08000568559695967,0.0,699.995046300123,0.0,0.0,Spring,71.082,0.0,0.0,0.0
2020-04-23 13:00:00,1650.222,100.0,0.004953699877019971,0.0,699.9996932825175,0.0,0.0,Spring,91.679,0.0,0.0,0.0
2020-04-23 14:00:00,2740.338,100.0,0.00030671748251188545,0.0,699.9999810090202,0.0,0.0,Spring,152.241,0.0,0.0,0.0
2020-04-23 15:00:00,1977.192,100.0,1.8990979762747884e-05,0.0,699.9999988241384,0.0,0.0,Spring,109.84400000000001,0.0,0.0,0.0
2020-04-23 16:00:00,267.786,100.0,1.1758615728467703e-06,0.0,699.9999999271943,0.0,0.0,Spring,14.877,0.0,0.0,0.0
2020-04-23 17:00:00,81.68759999999999,100.0,0.0,19.521083990952413,680.4789159362418,0.0,0.0,Spring,4.538199999999999,2.7887262844217733,0.0,0.0
2020-04-23 18:00:00,60.7014,100.0,0.0,41.89244835886296,638.5864675773788,0.0,0.0,Spring,3.3723,5.984635479837565,0.0,0.0
2020-04-23 19:00:00,0.0,100.0,0.0,106.60035817780522,531.9861093995736,0.0,0.0,Spring,0.0,15.228622596829316,0.0,0.0
2020-04-23 20:00:00,0.0,100.0,0.0,106.60035817780522,425.38575122176843,0.0,0.0,Spring,0.0,15.228622596829316,0.0,0.0
2020-04-23 21:00:00,0.0,100.0,0.0,106.60035817780522,318.7853930439632,0.0,0.0,Spring,0.0,15.228622596829316,0.0,0.0
2020-04-23 22:00:00,0.0,100.0,0.0,106.60035817780522,212.18503486615805,0.0,0.0,Spring,0.0,15.228622596829316,0.0,0.0
2020-04-23 23:00:00,0.0,100.0,0.0,106.60035817780522,105.58467668835281,0.0,0.0,Spring,0.0,15.228622596829316,0.0,0.0
2020-04-24 00:00:00,0.0,100.0,0.0,105.58467668835281,0.0,0.9527936930176963,0.0,Spring,0.0,15.08352524119326,2.381984232544241,0.0
2020-04-24 01:00:00,0.0,40.0,0.0,0.0,0.0,40.0,60.0,Spring,0.0,0.0,100.0,60.0
2020-04-24 02:00:00,0.0,40.0,0.0,0.0,0.0,40.0,60.0,Spring,0.0,0.0,100.0,60.0
2020-04-24 03:00:00,0.0,40.0,0.0,0.0,0.0,40.0,60.0,Spring,0.0,0.0,100.0,60.0
2020-04-24 04:00:00,0.0,40.0,0.0,0.0,0.0,40.0,60.0,Spring,0.0,0.0,100.0,60.0
2020-04-24 05:00:00,18.840600000000002,58.8406,0.0,0.0,0.0,40.0,41.159400000000005,Spring,1.0467,0.0,100.0,41.159400000000005
2020-04-24 06:00:00,216.414,100.0,116.41399999999999,0.0,109.20601205281694,0.0,0.0,Spring,12.023,0.0,0.0,0.0
2020-04-24 07:00:00,299.502,100.0,199.502,0.0,296.35547703607574,0.0,0.0,Spring,16.639,0.0,0.0,0.0
2020-04-24 08:00:00,434.844,100.0,200.0,0.0,483.9721074290129,0.0,0.0,Spring,24.157999999999998,0.0,0.0,0.0
2020-04-24 09:00:00,768.906,100.0,200.0,0.0,671.5887378219501,0.0,0.0,Spring,42.717,0.0,0.0,0.0
2020-04-24 10:00:00,1828.926,100.0,28.41126217804989,0.0,698.2408641972302,0.0,0.0,Spring,101.607,0.0,0.0,0.0
2020-04-24 11:00:00,2026.206,100.0,1.7591358027698007,0.0,699.8910798558264,0.0,0.0,Spring,112.567,0.0,0.0,0.0
2020-04-24 12:00:00,2546.496,100.0,0.10892014417354949,0.0,699.9932560079852,0.0,0.0,Spring,141.472,0.0,0.0,0.0
2020-04-24 13:00:00,2856.708,100.0,0.006743992014788091,0.0,699.9995824332713,0.0,0.0,Spring,158.70600000000002,0.0,0.0,0.0
2020-04-24 14:00:00,2832.678,100.0,0.00041756672877818344,0.0,699.9999741455842,0.0,0.0,Spring,157.37099999999998,0.0,0.0,0.0
2020-04-24 15:00:00,2784.672,100.0,2.5854415725916623e-05,0.0,699.9999983991761,0.0,0.0,Spring,154.704,0.0,0.0,0.0
2020-04-24 16:00:00,2436.408,100.0,1.6008239472284913e-06,0.0,699.999999900882,0.0,0.0,Spring,135.356,0.0,0.0,0.0
2020-04-24 17:00:00,1410.804,100.0,9.911798406392336e-08,0.0,699.999999993863,0.0,0.0,Spring,78.378,0.0,0.0,0.0
2020-04-24 18:00:00,31.903200000000002,100.0,0.0,72.59143270762367,627.4085672862392,0.0,0.0,Spring,1.7724,10.370204672517666,0.0,0.0
2020-04-24 19:00:00,0.0,100.0,0.0,106.60035817780522,520.8082091084341,0.0,0.0,Spring,0.0,15.228622596829316,0.0,0.0
2020-04-24 20:00:00,0.0,100.0,0.0,106.60035817780522,414.2078509306288,0.0,0.0,Spring,0.0,15.228622596829316,0.0,0.0
2020-04-24 21:00:00,0.0,100.0,0.0,106.60035817780522,307.60749275282365,0.0,0.0,Spring,0.0,15.228622596829316,0.0,0.0
2020-04-24 22:00:00,0.0,100.0,0.0,106.60035817780522,201.00713457501843,0.0,0.0,Spring,0.0,15.228622596829316,0.0,0.0
2020-04-24 23:00:00,0.0,100.0,0.0,106.60035817780522,94.4067763972132,0.0,0.0,Spring,0.0,15.228622596829316,0.0,0.0
2020-04-25 00:00:00,0.0,100.0,0.0,94.4067763972132,0.0,11.438593630476916,0.0,Spring,0.0,13.48668234245903,28.59648407619229,0.0
2020-04-25 01:00:00,0.0,40.0,0.0,0.0,0.0,40.0,60.0,Spring,0.0,0.0,100.0,60.0
2020-04-25 02:00:00,0.0,40.0,0.0,0.0,0.0,40.0,60.0,Spring,0.0,0.0,100.0,60.0
2020-04-25 03:00:00,0.0,40.0,0.0,0.0,0.0,40.0,60.0,Spring,0.0,0.0,100.0,60.0
2020-04-25 04:00:00,0.0,40.0,0.0,0.0,0.0,40.0,60.0,Spring,0.0,0.0,100.0,60.0
2020-04-25 05:00:00,108.4698,100.0,8.469800000000006,0.0,7.9453766805105035,0.0,0.0,Spring,6.0261000000000005,0.0,0.0,0.0
2020-04-25 06:00:00,1348.83,100.0,200.0,0.0,195.5620070734477,0.0,0.0,Spring,74.935,0.0,0.0,0.0
2020-04-25 07:00:00,2334.312,100.0,200.0,0.0,383.1786374663849,0.0,0.0,Spring,129.684,0.0,0.0,0.0
2020-04-25 08:00:00,2613.114,100.0,200.0,0.0,570.7952678593222,0.0,0.0,Spring,145.173,0.0,0.0,0.0
2020-04-25 09:00:00,2691.9,100.0,129.20473214067786,0.0,692.0000502346022,0.0,0.0,Spring,149.55,0.0,0.0,0.0
2020-04-25 10:00:00,2533.014,100.0,7.999949765397818,0.0,699.5046683260857,0.0,0.0,Spring,140.72299999999998,0.0,0.0,0.0
2020-04-25 11:00:00,2741.004,100.0,0.4953316739143338,0.0,699.9693306240191,0.0,0.0,Spring,152.278,0.0,0.0,0.0
2020-04-25 12:00:00,2777.76,100.0,0.030669375980854965,0.0,699.9981010489081,0.0,0.0,Spring,154.32000000000002,0.0,0.0,0.0
2020-04-25 13:00:00,2793.15,100.0,0.0018989510919200257,0.0,699.9998824229339,0.0,0.0,Spring,155.17499999999998,0.0,0.0,0.0
2020-04-25 14:00:00,2795.49,100.0,0.00011757706617936492,0.0,699.9999927199987,0.0,0.0,Spring,155.30499999999998,0.0,0.0,0.0
2020-04-25 15:00:00,2687.976,100.0,7.2800013003870846e-06,0.0,699.9999995492452,0.0,0.0,Spring,149.332,0.0,0.0,0.0
2020-04-25 16:00:00,2354.796,100.0,4.507547710090876e-07,0.0,699.9999999720907,0.0,0.0,Spring,130.822,0.0,0.0,0.0
2020-04-25 17:00:00,1431.864,100.0,2.7909292839467526e-08,0.0,699.999999998272,0.0,0.0,Spring,79.548,0.0,0.0,0.0
2020-04-25 18:00:00,85.95540000000001,100.0,0.0,14.971593904640018,685.0284060936318,0.0,0.0,Spring,4.7753000000000005,2.1387991292342883,0.0,0.0
2020-04-25 19:00:00,0.0,100.0,0.0,106.60035817780522,578.4280479158267,0.0,0.0,Spring,0.0,15.228622596829316,0.0,0.0
2020-04-25 20:00:00,0.0,100.0,0.0,106.60035817780522,471.8276897380215,0.0,0.0,Spring,0.0,15.228622596829316,0.0,0.0
2020-04-25 21:00:00,0.0,100.0,0.0,106.60035817780522,365.22733156021627,0.0,0.0,Spring,0.0,15.228622596829316,0.0,0.0
2020-04-25 22:00:00,0.0,100.0,0.0,106.60035817780522,258.62697338241105,0.0,0.0,Spring,0.0,15.228622596829316,0.0,0.0
2020-04-25 23:00:00,0.0,100.0,0.0,106.60035817780522,152.02661520460586,0.0,0.0,Spring,0.0,15.228622596829316,0.0,0.0
2020-04-26 00:00:00,0.0,100.0,0.0,106.60035817780522,45.42625702680064,0.0,0.0,Spring,0.0,15.228622596829316,0.0,0.0
2020-04-26 01:00:00,0.0,82.61360637365911,0.0,45.42625702680064,0.0,40.0,17.38639362634089,Spring,0.0,6.489465289542949,100.0,17.38639362634089
2020-04-26 02:00:00,0.0,40.0,0.0,0.0,0.0,40.0,60.0,Spring,0.0,0.0,100.0,60.0
2020-04-26 03:00:00,0.0,40.0,0.0,0.0,0.0,40.0,60.0,Spring,0.0,0.0,100.0,60.0
2020-04-26 04:00:00,0.0,40.0,0.0,0.0,0.0,40.0,60.0,Spring,0.0,0.0,100.0,60.0
2020-04-26 05:00:00,295.452,100.0,195.452,0.0,183.3502282178018,0.0,0.0,Spring,16.414,0.0,0.0,0.0
2020-04-26 06:00:00,2121.3,100.0,200.0,0.0,370.966858610739,0.0,0.0,Spring,117.85000000000001,0.0,0.0,0.0
2020-04-26 07:00:00,2733.822,100.0,200.0,0.0,558.5834890036763,0.0,0.0,Spring,151.87900000000002,0.0,0.0,0.0
2020-04-26 08:00:00,2882.736,100.0,141.41651099632378,0.0,691.2439353789564,0.0,0.0,Spring,160.152,0.0,0.0,0.0
2020-04-26 09:00:00,2912.85,100.0,8.756064621043624,0.0,699.4578520774714,0.0,0.0,Spring,161.825,0.0,0.0,0.0
2020-04-26 10:00:00,2875.374,100.0,0.5421479225285584,0.0,699.9664319094682,0.0,0.0,Spring,159.743,0.0,0.0,0.0
2020-04-26 11:00:00,2848.806,100.0,0.033568090531858615,0.0,699.9979215696397,0.0,0.0,Spring,158.267,0.0,0.0,0.0
2020-04-26 12:00:00,2821.878,100.0,0.002078430360299535,0.0,699.9998713101432,0.0,0.0,Spring,156.77100000000002,0.0,0.0,0.0
2020-04-26 13:00:00,2662.83,100.0,0.0001286898567341268,0.0,699.9999920319297,0.0,0.0,Spring,147.935,0.0,0.0,0.0
2020-04-26 14:00:00,2868.732,100.0,7.968070334754884e-06,0.0,699.9999995066422,0.0,0.0,Spring,159.374,0.0,0.0,0.0
2020-04-26 15:00:00,2822.706,100.0,4.933577729389072e-07,0.0,699.9999999694528,0.0,0.0,Spring,156.817,0.0,0.0,0.0
2020-04-26 16:00:00,2538.0,100.0,3.0547147616744044e-08,0.0,699.9999999981086,0.0,0.0,Spring,141.0,0.0,0.0,0.0
2020-04-26 17:00:00,1488.942,100.0,1.89139973372221e-09,0.0,699.9999999998829,0.0,0.0,Spring,82.719,0.0,0.0,0.0
2020-04-26 18:00:00,43.74720000000001,100.0,0.0,59.965686285044406,640.0343137148385,0.0,0.0,Spring,2.4304,8.566526612149202,0.0,0.0
2020-04-26 19:00:00,0.0,100.0,0.0,106.60035817780522,533.4339555370333,0.0,0.0,Spring,0.0,15.228622596829316,0.0,0.0
2020-04-26 20:00:00,0.0,100.0,0.0,106.60035817780522,426.83359735922807,0.0,0.0,Spring,0.0,15.228622596829316,0.0,0.0
2020-04-26 21:00:00,0.0,100.0,0.0,106.60035817780522,320.23323918142285,0.0,0.0,Spring,0.0,15.228622596829316,0.0,0.0
2020-04-26 22:00:00,0.0,100.0,0.0,106.60035817780522,213.63288100361765,0.0,0.0,Spring,0.0,15.228622596829316,0.0,0.0
2020-04-26 23:00:00,0.0,100.0,0.0,106.60035817780522,107.03252282581244,0.0,0.0,Spring,0.0,15.228622596829316,0.0,0.0
2020-04-27 00:00:00,0.0,100.0,0.0,106.60035817780522,0.43216464800722315,0.0,0.0,Spring,0.0,15.228622596829316,0.0,0.0
2020-04-27 01:00:00,0.0,40.40540637517032,0.0,0.43216464800722315,0.0,40.0,59.59459362482967,Spring,0.0,0.06173780685817474,100.0,59.59459362482967
2020-04-27 02:00:00,0.0,40.0,0.0,0.0,0.0,40.0,60.0,Spring,0.0,0.0,100.0,60.0
2020-04-27 03:00:00,0.0,40.0,0.0,0.0,0.0,40.0,60.0,Spring,0.0,0.0,100.0,60.0
2020-04-27 04:00:00,0.0,40.0,0.0,0.0,0.0,40.0,60.0,Spring,0.0,0.0,100.0,60.0
2020-04-27 05:00:00,23.409,63.409,0.0,0.0,0.0,40.0,36.59100000000001,Spring,1.3005,0.0,100.0,36.59100000000001
2020-04-27 06:00:00,282.042,100.0,182.04199999999997,0.0,170.77053314995533,0.0,0.0,Spring,15.669,0.0,0.0,0.0
2020-04-27 07:00:00,1001.16,100.0,200.0,0.0,358.38716354289255,0.0,0.0,Spring,55.620000000000005,0.0,0.0,0.0
2020-04-27 08:00:00,800.046,100.0,200.0,0.0,546.0037939358298,0.0,0.0,Spring,44.447,0.0,0.0,0.0
2020-04-27 09:00:00,760.122,100.0,153.99620606417022,0.0,690.4650403111099,0.0,0.0,Spring,42.229,0.0,0.0,0.0
2020-04-27 10:00:00,1636.542,100.0,9.534959688890144,0.0,699.4096253499201,0.0,0.0,Spring,90.919,0.0,0.0,0.0
2020-04-27 11:00:00,2678.454,100.0,0.5903746500798734,0.0,699.9634458625071,0.0,0.0,Spring,148.80300000000003,0.0,0.0,0.0
2020-04-27 12:00:00,2775.132,100.0,0.036554137492901644,0.0,699.9977366830237,0.0,0.0,Spring,154.174,0.0,0.0,0.0
2020-04-27 13:00:00,2744.982,100.0,0.0022633169762557373,0.0,699.9998598625467,0.0,0.0,Spring,152.499,0.0,0.0,0.0
2020-04-27 14:00:00,1857.708,100.0,0.00014013745333068072,0.0,699.9999913231305,0.0,0.0,Spring,103.206,0.0,0.0,0.0
2020-04-27 15:00:00,491.148,100.0,8.676869445480406e-06,0.0,699.9999994627557,0.0,0.0,Spring,27.285999999999998,0.0,0.0,0.0
2020-04-27 16:00:00,625.77,100.0,5.372443702071905e-07,0.0,699.9999999667355,0.0,0.0,Spring,34.765,0.0,0.0,0.0
2020-04-27 17:00:00,819.792,100.0,3.3264514058828355e-08,0.0,699.9999999979403,0.0,0.0,Spring,45.544000000000004,0.0,0.0,0.0
2020-04-27 18:00:00,67.85459999999999,100.0,0.0,34.26711153768821,665.7328884602522,0.0,0.0,Spring,3.7696999999999994,4.895301648241173,0.0,0.0
2020-04-27 19:00:00,0.0,100.0,0.0,106.60035817780522,559.132530282447,0.0,0.0,Spring,0.0,15.228622596829316,0.0,0.0
2020-04-27 20:00:00,0.0,100.0,0.0,106.60035817780522,452.5321721046418,0.0,0.0,Spring,0.0,15.228622596829316,0.0,0.0
2020-04-27 21:00:00,0.0,100.0,0.0,106.60035817780522,345.9318139268366,0.0,0.0,Spring,0.0,15.228622596829316,0.0,0.0
2020-04-27 22:00:00,0.0,100.0,0.0,106.60035817780522,239.3314557490314,0.0,0.0,Spring,0.0,15.228622596829316,0.0,0.0
2020-04-27 23:00:00,0.0,100.0,0.0,106.60035817780522,132.73109757122617,0.0,0.0,Spring,0.0,15.228622596829316,0.0,0.0
2020-04-28 00:00:00,0.0,100.0,0.0,106.60035817780522,26.130739393420967,0.0,0.0,Spring,0.0,15.228622596829316,0.0,0.0
2020-04-28 01:00:00,0.0,64.51280637334813,0.0,26.130739393420967,0.0,40.0,35.48719362665187,Spring,0.0,3.73296277048871,100.0,35.48719362665187
2020-04-28 02:00:00,0.0,40.0,0.0,0.0,0.0,40.0,60.0,Spring,0.0,0.0,100.0,60.0
2020-04-28 03:00:00,0.0,40.0,0.0,0.0,0.0,40.0,60.0,Spring,0.0,0.0,100.0,60.0
2020-04-28 04:00:00,0.0,40.0,0.0,0.0,0.0,40.0,60.0,Spring,0.0,0.0,100.0,60.0
2020-04-28 05:00:00,135.711,100.0,35.71100000000001,0.0,33.49988743981091,0.0,0.0,Spring,7.5395,0.0,0.0,0.0
2020-04-28 06:00:00,307.89,100.0,200.0,0.0,221.1165178327481,0.0,0.0,Spring,17.104999999999997,0.0,0.0,0.0
2020-04-28 07:00:00,352.008,100.0,200.0,0.0,408.7331482256853,0.0,0.0,Spring,19.555999999999997,0.0,0.0,0.0
2020-04-28 08:00:00,691.956,100.0,200.0,0.0,596.3497786186225,0.0,0.0,Spring,38.442,0.0,0.0,0.0
2020-04-28 09:00:00,1201.752,100.0,103.65022138137755,0.0,693.5823049939025,0.0,0.0,Spring,66.764,0.0,0.0,0.0
2020-04-28 10:00:00,2039.148,100.0,6.417695006097434,0.0,699.6026365535705,0.0,0.0,Spring,113.286,0.0,0.0,0.0
2020-04-28 11:00:00,2147.4,100.0,0.39736344642948823,0.0,699.9753965078726,0.0,0.0,Spring,119.30000000000001,0.0,0.0,0.0
2020-04-28 12:00:00,2657.502,100.0,0.024603492127382196,0.0,699.9984766293168,0.0,0.0,Spring,147.63899999999998,0.0,0.0,0.0
2020-04-28 13:00:00,2816.874,100.0,0.0015233706831932069,0.0,699.9999056776888,0.0,0.0,Spring,156.493,0.0,0.0,0.0
2020-04-28 14:00:00,2758.572,100.0,9.432231110986322e-05,0.0,699.9999941598599,0.0,0.0,Spring,153.254,0.0,0.0,0.0
2020-04-28 15:00:00,1969.758,100.0,5.840140162035823e-06,0.0,699.9999996383968,0.0,0.0,Spring,109.43100000000001,0.0,0.0,0.0
2020-04-28 16:00:00,222.984,100.0,3.616031026467681e-07,0.0,699.9999999776106,0.0,0.0,Spring,12.388,0.0,0.0,0.0
2020-04-28 17:00:00,67.28940000000001,100.0,0.0,34.86961676210914,665.1303832155015,0.0,0.0,Spring,3.7383000000000006,4.981373823158449,0.0,0.0
2020-04-28 18:00:00,0.0,100.0,0.0,106.60035817780522,558.5300250376963,0.0,0.0,Spring,0.0,15.228622596829316,0.0,0.0
2020-04-28 19:00:00,0.0,100.0,0.0,106.60035817780522,451.92966685989114,0.0,0.0,Spring,0.0,15.228622596829316,0.0,0.0
2020-04-28 20:00:00,0.0,100.0,0.0,106.60035817780522,345.3293086820859,0.0,0.0,Spring,0.0,15.228622596829316,0.0,0.0
2020-04-28 21:00:00,0.0,100.0,0.0,106.60035817780522,238.72895050428073,0.0,0.0,Spring,0.0,15.228622596829316,0.0,0.0
2020-04-28 22:00:00,0.0,100.0,0.0,106.60035817780522,132.12859232647554,0.0,0.0,Spring,0.0,15.228622596829316,0.0,0.0
2020-04-28 23:00:00,0.0,100.0,0.0,106.60035817780522,25.52823414867032,0.0,0.0,Spring,0.0,15.228622596829316,0.0,0.0
2020-04-29 00:00:00,0.0,63.947606354277184,0.0,25.52823414867032,0.0,40.0,36.052393645722816,Spring,0.0,3.6468905926671886,100.0,36.052393645722816
2020-04-29 01:00:00,0.0,40.0,0.0,0.0,0.0,40.0,60.0,Spring,0.0,0.0,100.0,60.0
2020-04-29 02:00:00,0.0,40.0,0.0,0.0,0.0,40.0,60.0,Spring,0.0,0.0,100.0,60.0
2020-04-29 03:00:00,0.0,40.0,0.0,0.0,0.0,40.0,60.0,Spring,0.0,0.0,100.0,60.0
2020-04-29 04:00:00,0.0,40.0,0.0,0.0,0.0,40.0,60.0,Spring,0.0,0.0,100.0,60.0
2020-04-29 05:00:00,34.556400000000004,74.5564,0.0,0.0,0.0,40.0,25.443600000000004,Spring,1.9198000000000004,0.0,100.0,25.443600000000004
2020-04-29 06:00:00,496.548,100.0,200.0,0.0,187.6166303929372,0.0,0.0,Spring,27.586,0.0,0.0,0.0
2020-04-29 07:00:00,318.222,100.0,200.0,0.0,375.2332607858744,0.0,0.0,Spring,17.679000000000002,0.0,0.0,0.0
2020-04-29 08:00:00,569.754,100.0,200.0,0.0,562.8498911788115,0.0,0.0,Spring,31.653000000000002,0.0,0.0,0.0
2020-04-29 09:00:00,787.194,100.0,137.15010882118844,0.0,691.5080975540917,0.0,0.0,Spring,43.733,0.0,0.0,0.0
2020-04-29 10:00:00,931.086,100.0,8.491902445908286,0.0,699.4742081667259,0.0,0.0,Spring,51.727000000000004,0.0,0.0,0.0
2020-04-29 11:00:00,2727.162,100.0,0.5257918332740664,0.0,699.9674446269609,0.0,0.0,Spring,151.509,0.0,0.0,0.0
2020-04-29 12:00:00,2846.628,100.0,0.03255537303909659,0.0,699.9979842739149,0.0,0.0,Spring,158.14600000000002,0.0,0.0,0.0
2020-04-29 13:00:00,2608.308,100.0,0.0020157260851701724,0.0,699.9998751925942,0.0,0.0,Spring,144.906,0.0,0.0,0.0
2020-04-29 14:00:00,1365.894,100.0,0.00012480740575119854,0.0,699.9999922723188,0.0,0.0,Spring,75.883,0.0,0.0,0.0
2020-04-29 15:00:00,796.5,100.0,7.727681193500757e-06,0.0,699.9999995215264,0.0,0.0,Spring,44.25,0.0,0.0,0.0
2020-04-29 16:00:00,1474.092,100.0,4.784736083820462e-07,0.0,699.9999999703743,0.0,0.0,Spring,81.894,0.0,0.0,0.0
2020-04-29 17:00:00,488.43,100.0,2.9625603929162025e-08,0.0,699.9999999981657,0.0,0.0,Spring,27.134999999999998,0.0,0.0,0.0
2020-04-29 18:00:00,35.9154,100.0,0.0,68.31441313681376,631.6855868613519,0.0,0.0,Spring,1.9952999999999999,9.759201876687678,0.0,0.0
2020-04-29 19:00:00,0.0,100.0,0.0,106.60035817780522,525.0852286835467,0.0,0.0,Spring,0.0,15.228622596829316,0.0,0.0
2020-04-29 20:00:00,0.0,100.0,0.0,106.60035817780522,418.48487050574147,0.0,0.0,Spring,0.0,15.228622596829316,0.0,0.0
2020-04-29 21:00:00,0.0,100.0,0.0,106.60035817780522,311.88451232793625,0.0,0.0,Spring,0.0,15.228622596829316,0.0,0.0
2020-04-29 22:00:00,0.0,100.0,0.0,106.60035817780522,205.28415415013103,0.0,0.0,Spring,0.0,15.228622596829316,0.0,0.0
2020-04-29 23:00:00,0.0,100.0,0.0,106.60035817780522,98.68379597232583,0.0,0.0,Spring,0.0,15.228622596829316,0.0,0.0
2020-04-30 00:00:00,0.0,100.0,0.0,98.68379597232583,0.0,7.426393626440614,0.0,Spring,0.0,14.09768513890369,18.565984066101535,0.0
2020-04-30 01:00:00,0.0,40.0,0.0,0.0,0.0,40.0,60.0,Spring,0.0,0.0,100.0,60.0
2020-04-30 02:00:00,0.0,40.0,0.0,0.0,0.0,40.0,60.0,Spring,0.0,0.0,100.0,60.0
2020-04-30 03:00:00,0.0,40.0,0.0,0.0,0.0,40.0,60.0,Spring,0.0,0.0,100.0,60.0
2020-04-30 04:00:00,0.0,40.0,0.0,0.0,0.0,40.0,60.0,Spring,0.0,0.0,100.0,60.0
2020-04-30 05:00:00,29.296799999999998,69.29679999999999,0.0,0.0,0.0,40.0,30.70320000000001,Spring,1.6276,0.0,100.0,30.70320000000001
2020-04-30 06:00:00,135.9558,100.0,35.95580000000001,0.0,33.72953019541187,0.0,0.0,Spring,7.5531,0.0,0.0,0.0
2020-04-30 07:00:00,418.446,100.0,200.0,0.0,221.34616058834908,0.0,0.0,Spring,23.247,0.0,0.0,0.0
2020-04-30 08:00:00,499.338,100.0,200.0,0.0,408.9627909812863,0.0,0.0,Spring,27.741,0.0,0.0,0.0
2020-04-30 09:00:00,1294.65,100.0,200.0,0.0,596.5794213742234,0.0,0.0,Spring,71.92500000000001,0.0,0.0,0.0
2020-04-30 10:00:00,1327.176,100.0,103.42057862577657,0.0,693.5965237495035,0.0,0.0,Spring,73.732,0.0,0.0,0.0
2020-04-30 11:00:00,933.138,100.0,6.40347625049646,0.0,699.6035169341003,0.0,0.0,Spring,51.841,0.0,0.0,0.0
2020-04-30 12:00:00,692.37,100.0,0.39648306589969434,0.0,699.9754510182601,0.0,0.0,Spring,38.464999999999996,0.0,0.0,0.0
2020-04-30 13:00:00,1251.9,100.0,0.024548981739906595,0.0,699.9984800044282,0.0,0.0,Spring,69.55,0.0,0.0,0.0
2020-04-30 14:00:00,849.834,100.0,0.0015199955718126147,0.0,699.9999058866653,0.0,0.0,Spring,47.213,0.0,0.0,0.0
2020-04-30 15:00:00,583.056,100.0,9.411333478055895e-05,0.0,699.9999941727989,0.0,0.0,Spring,32.392,0.0,0.0,0.0
2020-04-30 16:00:00,334.242,100.0,5.827201064676046e-06,0.0,699.9999996391981,0.0,0.0,Spring,18.569000000000003,0.0,0.0,0.0
2020-04-30 17:00:00,72.1242,100.0,0.0,29.715702644928623,670.2842969942694,0.0,0.0,Spring,4.0069,4.2451003778469465,0.0,0.0
2020-04-30 18:00:00,0.0,100.0,0.0,106.60035817780522,563.6839388164643,0.0,0.0,Spring,0.0,15.228622596829316,0.0,0.0
2020-04-30 19:00:00,0.0,100.0,0.0,106.60035817780522,457.08358063865904,0.0,0.0,Spring,0.0,15.228622596829316,0.0,0.0
2020-04-30 20:00:00,0.0,100.0,0.0,106.60035817780522,350.4832224608539,0.0,0.0,Spring,0.0,15.228622596829316,0.0,0.0
2020-04-30 21:00:00,0.0,100.0,0.0,106.60035817780522,243.88286428304866,0.0,0.0,Spring,0.0,15.228622596829316,0.0,0.0
2020-04-30 22:00:00,0.0,100.0,0.0,106.60035817780522,137.28250610524347,0.0,0.0,Spring,0.0,15.228622596829316,0.0,0.0
2020-04-30 23:00:00,0.0,100.0,0.0,106.60035817780522,30.682147927438244,0.0,0.0,Spring,0.0,15.228622596829316,0.0,0.0
2020-05-01 00:00:00,0.0,68.78240603681803,0.0,30.682147927438244,0.0,40.0,31.21759396318197,Summer,0.0,4.383163989634035,100.0,31.217593963181965
2020-05-01 01:00:00,0.0,40.0,0.0,0.0,0.0,40.0,60.0,Summer,0.0,0.0,100.0,60.0
2020-05-01 02:00:00,0.0,40.0,0.0,0.0,0.0,40.0,60.0,Summer,0.0,0.0,100.0,60.0
2020-05-01 03:00:00,0.0,40.0,0.0,0.0,0.0,40.0,60.0,Summer,0.0,0.0,100.0,60.0
2020-05-01 04:00:00,0.0,40.0,0.0,0.0,0.0,40.0,60.0,Summer,0.0,0.0,100.0,60.0
2020-05-01 05:00:00,34.983,74.983,0.0,0.0,0.0,40.0,25.016999999999996,Summer,1.9434999999999998,0.0,100.0,25.016999999999996
2020-05-01 06:00:00,235.638,100.0,135.638,0.0,127.23972256618607,0.0,0.0,Summer,13.091,0.0,0.0,0.0
2020-05-01 07:00:00,415.908,100.0,200.0,0.0,314.8563529591233,0.0,0.0,Summer,23.106,0.0,0.0,0.0
2020-05-01 08:00:00,627.084,100.0,200.0,0.0,502.47298335206045,0.0,0.0,Summer,34.837999999999994,0.0,0.0,0.0
2020-05-01 09:00:00,2515.32,100.0,197.52701664793958,0.0,687.7697497273407,0.0,0.0,Summer,139.74,0.0,0.0,0.0
2020-05-01 10:00:00,2390.364,100.0,12.230250272659353,0.0,699.2427414524338,0.0,0.0,Summer,132.798,0.0,0.0,0.0
2020-05-01 11:00:00,1565.478,100.0,0.7572585475661326,0.0,699.9531129375869,0.0,0.0,Summer,86.971,0.0,0.0,0.0
2020-05-01 12:00:00,2361.564,100.0,0.046887062413152304,0.0,699.9970969008817,0.0,0.0,Summer,131.19799999999998,0.0,0.0,0.0
2020-05-01 13:00:00,2182.266,100.0,0.0029030991182662546,0.0,699.999820249253,0.0,0.0,Summer,121.237,0.0,0.0,0.0
2020-05-01 14:00:00,2445.354,100.0,0.0001797507469309494,0.0,699.9999888704003,0.0,0.0,Summer,135.85299999999998,0.0,0.0,0.0
2020-05-01 15:00:00,1902.366,100.0,1.1129599646665155e-05,0.0,699.9999993108902,0.0,0.0,Summer,105.687,0.0,0.0,0.0
2020-05-01 16:00:00,2006.064,100.0,6.891097873449326e-07,0.0,699.9999999573325,0.0,0.0,Summer,111.44800000000001,0.0,0.0,0.0
2020-05-01 17:00:00,1353.96,100.0,4.266749601811171e-08,0.0,699.9999999973581,0.0,0.0,Summer,75.22,0.0,0.0,0.0
2020-05-01 18:00:00,47.156400000000005,100.0,0.0,56.33146687404667,643.6685331233115,0.0,0.0,Summer,2.6198,8.047352410578096,0.0,0.0
2020-05-01 19:00:00,0.0,100.0,0.0,106.60035817780522,537.0681749455063,0.0,0.0,Summer,0.0,15.228622596829316,0.0,0.0
2020-05-01 20:00:00,0.0,100.0,0.0,106.60035817780522,430.46781676770104,0.0,0.0,Summer,0.0,15.228622596829316,0.0,0.0
2020-05-01 21:00:00,0.0,100.0,0.0,106.60035817780522,323.8674585898959,0.0,0.0,Summer,0.0,15.228622596829316,0.0,0.0
2020-05-01 22:00:00,0.0,100.0,0.0,106.60035817780522,217.26710041209066,0.0,0.0,Summer,0.0,15.228622596829316,0.0,0.0
2020-05-01 23:00:00,0.0,100.0,0.0,106.60035817780522,110.66674223428544,0.0,0.0,Summer,0.0,15.228622596829316,0.0,0.0
2020-05-02 00:00:00,0.0,100.0,0.0,106.60035817780522,4.066384056480223,0.0,0.0,Summer,0.0,15.228622596829316,0.0,0.0
2020-05-02 01:00:00,0.0,43.81460637280191,0.0,4.066384056480223,-4.547473508864641e-16,40.0,56.18539362719808,Summer,0.0,0.5809120080686033,100.0,56.185393627198074
2020-05-02 02:00:00,0.0,40.0,0.0,-4.547473508864641e-16,0.0,40.0,60.0,Summer,0.0,-6.496390726949488e-17,100.0,60.0
2020-05-02 03:00:00,0.0,40.0,0.0,0.0,0.0,40.0,60.0,Summer,0.0,0.0,100.0,60.0
2020-05-02 04:00:00,0.0,40.0,0.0,0.0,0.0,40.0,60.0,Summer,0.0,0.0,100.0,60.0
2020-05-02 05:00:00,342.432,100.0,200.0,0.0,187.6166303929372,0.0,0.0,Summer,19.024,0.0,0.0,0.0
2020-05-02 06:00:00,2104.074,100.0,200.0,0.0,375.2332607858744,0.0,0.0,Summer,116.893,0.0,0.0,0.0
2020-05-02 07:00:00,2690.316,100.0,200.0,0.0,562.8498911788115,0.0,0.0,Summer,149.462,0.0,0.0,0.0
2020-05-02 08:00:00,2880.576,100.0,137.15010882118844,0.0,691.5080975540917,0.0,0.0,Summer,160.03199999999998,0.0,0.0,0.0
2020-05-02 09:00:00,2949.444,100.0,8.491902445908286,0.0,699.4742081667259,0.0,0.0,Summer,163.858,0.0,0.0,0.0
2020-05-02 10:00:00,2892.816,100.0,0.5257918332740664,0.0,699.9674446269609,0.0,0.0,Summer,160.712,0.0,0.0,0.0
2020-05-02 11:00:00,2854.584,100.0,0.03255537303909659,0.0,699.9979842739149,0.0,0.0,Summer,158.588,0.0,0.0,0.0
2020-05-02 12:00:00,2847.798,100.0,0.0020157260851701724,0.0,699.9998751925942,0.0,0.0,Summer,158.21099999999998,0.0,0.0,0.0
2020-05-02 13:00:00,2828.97,100.0,0.00012480740575119854,0.0,699.9999922723188,0.0,0.0,Summer,157.165,0.0,0.0,0.0
2020-05-02 14:00:00,2718.72,100.0,7.727681193500757e-06,0.0,699.9999995215264,0.0,0.0,Summer,151.04,0.0,0.0,0.0
2020-05-02 15:00:00,2303.01,100.0,4.784736083820462e-07,0.0,699.9999999703743,0.0,0.0,Summer,127.94500000000002,0.0,0.0,0.0
2020-05-02 16:00:00,1283.364,100.0,2.9625603929162025e-08,0.0,699.9999999981657,0.0,0.0,Summer,71.298,0.0,0.0,0.0
2020-05-02 17:00:00,1085.544,100.0,1.8343562260270118e-09,0.0,699.9999999998864,0.0,0.0,Summer,60.30800000000001,0.0,0.0,0.0
2020-05-02 18:00:00,145.9314,100.0,1.1362135410308838e-10,0.0,699.9999999999931,0.0,0.0,Summer,8.107299999999999,0.0,0.0,0.0
2020-05-02 19:00:00,0.0,100.0,0.0,106.60035817780522,593.3996418221878,0.0,0.0,Summer,0.0,15.228622596829316,0.0,0.0
2020-05-02 20:00:00,0.0,100.0,0.0,106.60035817780522,486.7992836443826,0.0,0.0,Summer,0.0,15.228622596829316,0.0,0.0
2020-05-02 21:00:00,0.0,100.0,0.0,106.60035817780522,380.1989254665774,0.0,0.0,Summer,0.0,15.228622596829316,0.0,0.0
2020-05-02 22:00:00,0.0,100.0,0.0,106.60035817780522,273.5985672887722,0.0,0.0,Summer,0.0,15.228622596829316,0.0,0.0
2020-05-02 23:00:00,0.0,100.0,0.0,106.60035817780522,166.998209110967,0.0,0.0,Summer,0.0,15.228622596829316,0.0,0.0
2020-05-03 00:00:00,0.0,100.0,0.0,106.60035817780522,60.397850933161784,0.0,0.0,Summer,0.0,15.228622596829316,0.0,0.0
2020-05-03 01:00:00,0.0,96.65820637527366,0.0,60.397850933161784,0.0,40.0,3.3417936247263427,Summer,0.0,8.628264419023111,100.0,3.3417936247263427
2020-05-03 02:00:00,0.0,40.0,0.0,0.0,0.0,40.0,60.0,Summer,0.0,0.0,100.0,60.0
2020-05-03 03:00:00,0.0,40.0,0.0,0.0,0.0,40.0,60.0,Summer,0.0,0.0,100.0,60.0
2020-05-03 04:00:00,0.0,40.0,0.0,0.0,0.0,40.0,60.0,Summer,0.0,0.0,100.0,60.0
2020-05-03 05:00:00,421.272,100.0,200.0,0.0,187.6166303929372,0.0,0.0,Summer,23.404,0.0,0.0,0.0
2020-05-03 06:00:00,1961.172,100.0,200.0,0.0,375.2332607858744,0.0,0.0,Summer,108.954,0.0,0.0,0.0
2020-05-03 07:00:00,2694.942,100.0,200.0,0.0,562.8498911788115,0.0,0.0,Summer,149.719,0.0,0.0,0.0
2020-05-03 08:00:00,2885.49,100.0,137.15010882118844,0.0,691.5080975540917,0.0,0.0,Summer,160.30499999999998,0.0,0.0,0.0
2020-05-03 09:00:00,2881.764,100.0,8.491902445908286,0.0,699.4742081667259,0.0,0.0,Summer,160.098,0.0,0.0,0.0
2020-05-03 10:00:00,2833.038,100.0,0.5257918332740664,0.0,699.9674446269609,0.0,0.0,Summer,157.391,0.0,0.0,0.0
2020-05-03 11:00:00,2724.39,100.0,0.03255537303909659,0.0,699.9979842739149,0.0,0.0,Summer,151.355,0.0,0.0,0.0
2020-05-03 12:00:00,2155.518,100.0,0.0020157260851701724,0.0,699.9998751925942,0.0,0.0,Summer,119.751,0.0,0.0,0.0
2020-05-03 13:00:00,2469.636,100.0,0.00012480740575119854,0.0,699.9999922723188,0.0,0.0,Summer,137.202,0.0,0.0,0.0
2020-05-03 14:00:00,2185.632,100.0,7.727681193500757e-06,0.0,699.9999995215264,0.0,0.0,Summer,121.42399999999999,0.0,0.0,0.0
2020-05-03 15:00:00,1955.268,100.0,4.784736083820462e-07,0.0,699.9999999703743,0.0,0.0,Summer,108.626,0.0,0.0,0.0
2020-05-03 16:00:00,2159.946,100.0,2.9625603929162025e-08,0.0,699.9999999981657,0.0,0.0,Summer,119.997,0.0,0.0,0.0
2020-05-03 17:00:00,1496.268,100.0,1.8343562260270118e-09,0.0,699.9999999998864,0.0,0.0,Summer,83.126,0.0,0.0,0.0
2020-05-03 18:00:00,197.766,100.0,1.1362135410308838e-10,0.0,699.9999999999931,0.0,0.0,Summer,10.987,0.0,0.0,0.0
2020-05-03 19:00:00,0.0,100.0,0.0,106.60035817780522,593.3996418221878,0.0,0.0,Summer,0.0,15.228622596829316,0.0,0.0
2020-05-03 20:00:00,0.0,100.0,0.0,106.60035817780522,486.7992836443826,0.0,0.0,Summer,0.0,15.228622596829316,0.0,0.0
2020-05-03 21:00:00,0.0,100.0,0.0,106.60035817780522,380.1989254665774,0.0,0.0,Summer,0.0,15.228622596829316,0.0,0.0
2020-05-03 22:00:00,0.0,100.0,0.0,106.60035817780522,273.5985672887722,0.0,0.0,Summer,0.0,15.228622596829316,0.0,0.0
2020-05-03 23:00:00,0.0,100.0,0.0,106.60035817780522,166.998209110967,0.0,0.0,Summer,0.0,15.228622596829316,0.0,0.0
2020-05-04 00:00:00,0.0,100.0,0.0,106.60035817780522,60.397850933161784,0.0,0.0,Summer,0.0,15.228622596829316,0.0,0.0
2020-05-04 01:00:00,0.0,96.65820637527366,0.0,60.397850933161784,0.0,40.0,3.3417936247263427,Summer,0.0,8.628264419023111,100.0,3.3417936247263427
2020-05-04 02:00:00,0.0,40.0,0.0,0.0,0.0,40.0,60.0,Summer,0.0,0.0,100.0,60.0
2020-05-04 03:00:00,0.0,40.0,0.0,0.0,0.0,40.0,60.0,Summer,0.0,0.0,100.0,60.0
2020-05-04 04:00:00,0.0,40.0,0.0,0.0,0.0,40.0,60.0,Summer,0.0,0.0,100.0,60.0
2020-05-04 05:00:00,445.878,100.0,200.0,0.0,187.6166303929372,0.0,0.0,Summer,24.770999999999997,0.0,0.0,0.0
2020-05-04 06:00:00,2239.794,100.0,200.0,0.0,375.2332607858744,0.0,0.0,Summer,124.43299999999999,0.0,0.0,0.0
2020-05-04 07:00:00,2723.364,100.0,200.0,0.0,562.8498911788115,0.0,0.0,Summer,151.298,0.0,0.0,0.0
2020-05-04 08:00:00,2831.562,100.0,137.15010882118844,0.0,691.5080975540917,0.0,0.0,Summer,157.309,0.0,0.0,0.0
2020-05-04 09:00:00,2827.134,100.0,8.491902445908286,0.0,699.4742081667259,0.0,0.0,Summer,157.063,0.0,0.0,0.0
2020-05-04 10:00:00,2815.38,100.0,0.5257918332740664,0.0,699.9674446269609,0.0,0.0,Summer,156.41,0.0,0.0,0.0
2020-05-04 11:00:00,2744.172,100.0,0.03255537303909659,0.0,699.9979842739149,0.0,0.0,Summer,152.454,0.0,0.0,0.0
2020-05-04 12:00:00,2729.358,100.0,0.0020157260851701724,0.0,699.9998751925942,0.0,0.0,Summer,151.631,0.0,0.0,0.0
2020-05-04 13:00:00,2579.706,100.0,0.00012480740575119854,0.0,699.9999922723188,0.0,0.0,Summer,143.317,0.0,0.0,0.0
2020-05-04 14:00:00,2331.414,100.0,7.727681193500757e-06,0.0,699.9999995215264,0.0,0.0,Summer,129.52300000000002,0.0,0.0,0.0
2020-05-04 15:00:00,1242.234,100.0,4.784736083820462e-07,0.0,699.9999999703743,0.0,0.0,Summer,69.01299999999999,0.0,0.0,0.0
2020-05-04 16:00:00,973.71,100.0,2.9625603929162025e-08,0.0,699.9999999981657,0.0,0.0,Summer,54.095000000000006,0.0,0.0,0.0
2020-05-04 17:00:00,754.866,100.0,1.8343562260270118e-09,0.0,699.9999999998864,0.0,0.0,Summer,41.937,0.0,0.0,0.0
2020-05-04 18:00:00,25.6122,100.0,0.0,79.29766124058939,620.702338759297,0.0,0.0,Summer,1.4229,11.328237320084199,0.0,0.0
2020-05-04 19:00:00,0.0,100.0,0.0,106.60035817780522,514.1019805814918,0.0,0.0,Summer,0.0,15.228622596829316,0.0,0.0
2020-05-04 20:00:00,0.0,100.0,0.0,106.60035817780522,407.5016224036866,0.0,0.0,Summer,0.0,15.228622596829316,0.0,0.0
2020-05-04 21:00:00,0.0,100.0,0.0,106.60035817780522,300.90126422588145,0.0,0.0,Summer,0.0,15.228622596829316,0.0,0.0
2020-05-04 22:00:00,0.0,100.0,0.0,106.60035817780522,194.30090604807623,0.0,0.0,Summer,0.0,15.228622596829316,0.0,0.0
2020-05-04 23:00:00,0.0,100.0,0.0,106.60035817780522,87.70054787027101,0.0,0.0,Summer,0.0,15.228622596829316,0.0,0.0
2020-05-05 00:00:00,0.0,100.0,0.0,87.70054787027101,0.0,17.72959362482635,0.0,Summer,0.0,12.528649695753003,44.323984062065875,0.0
2020-05-05 01:00:00,0.0,40.0,0.0,0.0,0.0,40.0,60.0,Summer,0.0,0.0,100.0,60.0
2020-05-05 02:00:00,0.0,40.0,0.0,0.0,0.0,40.0,60.0,Summer,0.0,0.0,100.0,60.0
2020-05-05 03:00:00,0.0,40.0,0.0,0.0,0.0,40.0,60.0,Summer,0.0,0.0,100.0,60.0
2020-05-05 04:00:00,0.0,40.0,0.0,0.0,0.0,40.0,60.0,Summer,0.0,0.0,100.0,60.0
2020-05-05 05:00:00,92.9808,100.0,0.0,0.0,0.0,7.019199999999998,0.0,Summer,5.1656,0.0,17.547999999999995,0.0
2020-05-05 06:00:00,663.102,100.0,200.0,0.0,187.6166303929372,0.0,0.0,Summer,36.839,0.0,0.0,0.0
2020-05-05 07:00:00,1395.702,100.0,200.0,0.0,375.2332607858744,0.0,0.0,Summer,77.539,0.0,0.0,0.0
2020-05-05 08:00:00,1477.872,100.0,200.0,0.0,562.8498911788115,0.0,0.0,Summer,82.104,0.0,0.0,0.0
2020-05-05 09:00:00,2163.924,100.0,137.15010882118844,0.0,691.5080975540917,0.0,0.0,Summer,120.218,0.0,0.0,0.0
2020-05-05 10:00:00,1916.766,100.0,8.491902445908286,0.0,699.4742081667259,0.0,0.0,Summer,106.487,0.0,0.0,0.0
2020-05-05 11:00:00,2465.28,100.0,0.5257918332740664,0.0,699.9674446269609,0.0,0.0,Summer,136.96,0.0,0.0,0.0
2020-05-05 12:00:00,2275.074,100.0,0.03255537303909659,0.0,699.9979842739149,0.0,0.0,Summer,126.393,0.0,0.0,0.0
2020-05-05 13:00:00,1840.338,100.0,0.0020157260851701724,0.0,699.9998751925942,0.0,0.0,Summer,102.241,0.0,0.0,0.0
2020-05-05 14:00:00,1732.032,100.0,0.00012480740575119854,0.0,699.9999922723188,0.0,0.0,Summer,96.224,0.0,0.0,0.0
2020-05-05 15:00:00,892.35,100.0,7.727681193500757e-06,0.0,699.9999995215264,0.0,0.0,Summer,49.575,0.0,0.0,0.0
2020-05-05 16:00:00,2018.7,100.0,4.784736083820462e-07,0.0,699.9999999703743,0.0,0.0,Summer,112.14999999999999,0.0,0.0,0.0
2020-05-05 17:00:00,1403.262,100.0,2.9625603929162025e-08,0.0,699.9999999981657,0.0,0.0,Summer,77.959,0.0,0.0,0.0
2020-05-05 18:00:00,48.9618,100.0,0.0,54.406904007504586,645.593095990661,0.0,0.0,Summer,2.7201,7.77241485821494,0.0,0.0
2020-05-05 19:00:00,0.0,100.0,0.0,106.60035817780522,538.9927378128558,0.0,0.0,Summer,0.0,15.228622596829316,0.0,0.0
2020-05-05 20:00:00,0.0,100.0,0.0,106.60035817780522,432.39237963505064,0.0,0.0,Summer,0.0,15.228622596829316,0.0,0.0
2020-05-05 21:00:00,0.0,100.0,0.0,106.60035817780522,325.7920214572455,0.0,0.0,Summer,0.0,15.228622596829316,0.0,0.0
2020-05-05 22:00:00,0.0,100.0,0.0,106.60035817780522,219.19166327944026,0.0,0.0,Summer,0.0,15.228622596829316,0.0,0.0
2020-05-05 23:00:00,0.0,100.0,0.0,106.60035817780522,112.59130510163503,0.0,0.0,Summer,0.0,15.228622596829316,0.0,0.0
2020-05-06 00:00:00,0.0,100.0,0.0,106.60035817780522,5.990946923829819,0.0,0.0,Summer,0.0,15.228622596829316,0.0,0.0
2020-05-06 01:00:00,0.0,45.62000637355941,0.0,5.990946923829819,0.0,40.0,54.37999362644058,Summer,0.0,0.855849560547117,100.0,54.37999362644058
2020-05-06 02:00:00,0.0,40.0,0.0,0.0,0.0,40.0,60.0,Summer,0.0,0.0,100.0,60.0
2020-05-06 03:00:00,0.0,40.0,0.0,0.0,0.0,40.0,60.0,Summer,0.0,0.0,100.0,60.0
2020-05-06 04:00:00,0.0,40.0,0.0,0.0,0.0,40.0,60.0,Summer,0.0,0.0,100.0,60.0
2020-05-06 05:00:00,93.99419999999999,100.0,0.0,0.0,0.0,6.005800000000008,0.0,Summer,5.2219,0.0,15.01450000000002,0.0
2020-05-06 06:00:00,1001.142,100.0,200.0,0.0,187.6166303929372,0.0,0.0,Summer,55.61900000000001,0.0,0.0,0.0
2020-05-06 07:00:00,570.546,100.0,200.0,0.0,375.2332607858744,0.0,0.0,Summer,31.697000000000003,0.0,0.0,0.0
2020-05-06 08:00:00,802.494,100.0,200.0,0.0,562.8498911788115,0.0,0.0,Summer,44.583,0.0,0.0,0.0
2020-05-06 09:00:00,2601.18,100.0,137.15010882118844,0.0,691.5080975540917,0.0,0.0,Summer,144.51,0.0,0.0,0.0
2020-05-06 10:00:00,2358.666,100.0,8.491902445908286,0.0,699.4742081667259,0.0,0.0,Summer,131.037,0.0,0.0,0.0
2020-05-06 11:00:00,1654.848,100.0,0.5257918332740664,0.0,699.9674446269609,0.0,0.0,Summer,91.93599999999999,0.0,0.0,0.0
2020-05-06 12:00:00,473.652,100.0,0.03255537303909659,0.0,699.9979842739149,0.0,0.0,Summer,26.314,0.0,0.0,0.0
2020-05-06 13:00:00,882.522,100.0,0.0020157260851701724,0.0,699.9998751925942,0.0,0.0,Summer,49.029,0.0,0.0,0.0
2020-05-06 14:00:00,2549.934,100.0,0.00012480740575119854,0.0,699.9999922723188,0.0,0.0,Summer,141.663,0.0,0.0,0.0
2020-05-06 15:00:00,1914.678,100.0,7.727681193500757e-06,0.0,699.9999995215264,0.0,0.0,Summer,106.37100000000001,0.0,0.0,0.0
2020-05-06 16:00:00,986.346,100.0,4.784736083820462e-07,0.0,699.9999999703743,0.0,0.0,Summer,54.797,0.0,0.0,0.0
2020-05-06 17:00:00,106.308,100.0,2.9625603929162025e-08,0.0,699.9999999981657,0.0,0.0,Summer,5.906000000000001,0.0,0.0,0.0
2020-05-06 18:00:00,34.0992,100.0,0.0,70.25048884203906,629.7495111561266,0.0,0.0,Summer,1.8944000000000003,10.035784120291295,0.0,0.0
2020-05-06 19:00:00,0.0,100.0,0.0,106.60035817780522,523.1491529783215,0.0,0.0,Summer,0.0,15.228622596829316,0.0,0.0
2020-05-06 20:00:00,0.0,100.0,0.0,106.60035817780522,416.5487948005162,0.0,0.0,Summer,0.0,15.228622596829316,0.0,0.0
2020-05-06 21:00:00,0.0,100.0,0.0,106.60035817780522,309.94843662271103,0.0,0.0,Summer,0.0,15.228622596829316,0.0,0.0
2020-05-06 22:00:00,0.0,100.0,0.0,106.60035817780522,203.3480784449058,0.0,0.0,Summer,0.0,15.228622596829316,0.0,0.0
2020-05-06 23:00:00,0.0,100.0,0.0,106.60035817780522,96.74772026710059,0.0,0.0,Summer,0.0,15.228622596829316,0.0,0.0
2020-05-07 00:00:00,0.0,100.0,0.0,96.74772026710059,0.0,9.242593626440552,0.0,Summer,0.0,13.821102895300083,23.10648406610138,0.0
2020-05-07 01:00:00,0.0,40.0,0.0,0.0,0.0,40.0,60.0,Summer,0.0,0.0,100.0,60.0
2020-05-07 02:00:00,0.0,40.0,0.0,0.0,0.0,40.0,60.0,Summer,0.0,0.0,100.0,60.0
2020-05-07 03:00:00,0.0,40.0,0.0,0.0,0.0,40.0,60.0,Summer,0.0,0.0,100.0,60.0
2020-05-07 04:00:00,0.0,40.0,0.0,0.0,0.0,40.0,60.0,Summer,0.0,0.0,100.0,60.0
2020-05-07 05:00:00,191.502,100.0,91.50200000000001,0.0,85.8364845710727,0.0,0.0,Summer,10.639,0.0,0.0,0.0
2020-05-07 06:00:00,124.12440000000001,100.0,24.12440000000001,0.0,108.46717776232958,0.0,0.0,Summer,6.8958,0.0,0.0,0.0
2020-05-07 07:00:00,396.882,100.0,200.0,0.0,296.0838081552668,0.0,0.0,Summer,22.049,0.0,0.0,0.0
2020-05-07 08:00:00,1301.508,100.0,200.0,0.0,483.70043854820403,0.0,0.0,Summer,72.306,0.0,0.0,0.0
2020-05-07 09:00:00,2307.654,100.0,200.0,0.0,671.3170689411412,0.0,0.0,Summer,128.203,0.0,0.0,0.0
2020-05-07 10:00:00,1299.492,100.0,28.682931058858752,0.0,698.2240433164212,0.0,0.0,Summer,72.194,0.0,0.0,0.0
2020-05-07 11:00:00,1356.444,100.0,1.7759566835787846,0.0,699.8900383599056,0.0,0.0,Summer,75.358,0.0,0.0,0.0
2020-05-07 12:00:00,1071.108,100.0,0.1099616400944069,0.0,699.9931915218406,0.0,0.0,Summer,59.50599999999999,0.0,0.0,0.0
2020-05-07 13:00:00,1091.808,100.0,0.006808478159480728,0.0,699.9995784404924,0.0,0.0,Summer,60.656,0.0,0.0,0.0
2020-05-07 14:00:00,974.232,100.0,0.000421559507609345,0.0,699.999973898364,0.0,0.0,Summer,54.123999999999995,0.0,0.0,0.0
2020-05-07 15:00:00,890.658,100.0,2.6101636001840233e-05,0.0,699.999998383869,0.0,0.0,Summer,49.481,0.0,0.0,0.0
2020-05-07 16:00:00,780.84,100.0,1.6161310486495494e-06,0.0,699.9999998999343,0.0,0.0,Summer,43.38,0.0,0.0,0.0
2020-05-07 17:00:00,1168.884,100.0,1.0006572119891643e-07,0.0,699.9999999938043,0.0,0.0,Summer,64.938,0.0,0.0,0.0
2020-05-07 18:00:00,66.5838,100.0,0.0,35.62178888941175,664.3782111043926,0.0,0.0,Summer,3.6990999999999996,5.0888269842016784,0.0,0.0
2020-05-07 19:00:00,0.0,100.0,0.0,106.60035817780522,557.7778529265873,0.0,0.0,Summer,0.0,15.228622596829316,0.0,0.0
2020-05-07 20:00:00,0.0,100.0,0.0,106.60035817780522,451.1774947487821,0.0,0.0,Summer,0.0,15.228622596829316,0.0,0.0
2020-05-07 21:00:00,0.0,100.0,0.0,106.60035817780522,344.5771365709769,0.0,0.0,Summer,0.0,15.228622596829316,0.0,0.0
2020-05-07 22:00:00,0.0,100.0,0.0,106.60035817780522,237.97677839317174,0.0,0.0,Summer,0.0,15.228622596829316,0.0,0.0
2020-05-07 23:00:00,0.0,100.0,0.0,106.60035817780522,131.37642021536652,0.0,0.0,Summer,0.0,15.228622596829316,0.0,0.0
2020-05-08 00:00:00,0.0,100.0,0.0,106.60035817780522,24.776062037561307,0.0,0.0,Summer,0.0,15.228622596829316,0.0,0.0
2020-05-08 01:00:00,0.0,63.242006369468115,0.0,24.776062037561307,0.0,40.0,36.757993630531885,Summer,0.0,3.539437433937329,100.0,36.757993630531885
2020-05-08 02:00:00,0.0,40.0,0.0,0.0,0.0,40.0,60.0,Summer,0.0,0.0,100.0,60.0
2020-05-08 03:00:00,0.0,40.0,0.0,0.0,0.0,40.0,60.0,Summer,0.0,0.0,100.0,60.0
2020-05-08 04:00:00,0.0,40.0,0.0,0.0,0.0,40.0,60.0,Summer,0.0,0.0,100.0,60.0
2020-05-08 05:00:00,516.78,100.0,200.0,0.0,187.6166303929372,0.0,0.0,Summer,28.709999999999997,0.0,0.0,0.0
2020-05-08 06:00:00,2330.676,100.0,200.0,0.0,375.2332607858744,0.0,0.0,Summer,129.482,0.0,0.0,0.0
2020-05-08 07:00:00,2781.63,100.0,200.0,0.0,562.8498911788115,0.0,0.0,Summer,154.535,0.0,0.0,0.0
2020-05-08 08:00:00,2889.648,100.0,137.15010882118844,0.0,691.5080975540917,0.0,0.0,Summer,160.536,0.0,0.0,0.0
2020-05-08 09:00:00,2899.746,100.0,8.491902445908286,0.0,699.4742081667259,0.0,0.0,Summer,161.097,0.0,0.0,0.0
2020-05-08 10:00:00,2861.046,100.0,0.5257918332740664,0.0,699.9674446269609,0.0,0.0,Summer,158.947,0.0,0.0,0.0
2020-05-08 11:00:00,2823.624,100.0,0.03255537303909659,0.0,699.9979842739149,0.0,0.0,Summer,156.868,0.0,0.0,0.0
2020-05-08 12:00:00,2815.704,100.0,0.0020157260851701724,0.0,699.9998751925942,0.0,0.0,Summer,156.428,0.0,0.0,0.0
2020-05-08 13:00:00,2773.278,100.0,0.00012480740575119854,0.0,699.9999922723188,0.0,0.0,Summer,154.07099999999997,0.0,0.0,0.0
2020-05-08 14:00:00,2200.59,100.0,7.727681193500757e-06,0.0,699.9999995215264,0.0,0.0,Summer,122.255,0.0,0.0,0.0
2020-05-08 15:00:00,2371.914,100.0,4.784736083820462e-07,0.0,699.9999999703743,0.0,0.0,Summer,131.773,0.0,0.0,0.0
2020-05-08 16:00:00,2492.514,100.0,2.9625603929162025e-08,0.0,699.9999999981657,0.0,0.0,Summer,138.473,0.0,0.0,0.0
2020-05-08 17:00:00,1885.608,100.0,1.8343562260270118e-09,0.0,699.9999999998864,0.0,0.0,Summer,104.756,0.0,0.0,0.0
2020-05-08 18:00:00,204.336,100.0,1.1362135410308838e-10,0.0,699.9999999999931,0.0,0.0,Summer,11.352,0.0,0.0,0.0
2020-05-08 19:00:00,0.0,100.0,0.0,106.60035817780522,593.3996418221878,0.0,0.0,Summer,0.0,15.228622596829316,0.0,0.0
2020-05-08 20:00:00,0.0,100.0,0.0,106.60035817780522,486.7992836443826,0.0,0.0,Summer,0.0,15.228622596829316,0.0,0.0
2020-05-08 21:00:00,0.0,100.0,0.0,106.60035817780522,380.1989254665774,0.0,0.0,Summer,0.0,15.228622596829316,0.0,0.0
2020-05-08 22:00:00,0.0,100.0,0.0,106.60035817780522,273.5985672887722,0.0,0.0,Summer,0.0,15.228622596829316,0.0,0.0
2020-05-08 23:00:00,0.0,100.0,0.0,106.60035817780522,166.998209110967,0.0,0.0,Summer,0.0,15.228622596829316,0.0,0.0
2020-05-09 00:00:00,0.0,100.0,0.0,106.60035817780522,60.397850933161784,0.0,0.0,Summer,0.0,15.228622596829316,0.0,0.0
2020-05-09 01:00:00,0.0,96.65820637527366,0.0,60.397850933161784,0.0,40.0,3.3417936247263427,Summer,0.0,8.628264419023111,100.0,3.3417936247263427
2020-05-09 02:00:00,0.0,40.0,0.0,0.0,0.0,40.0,60.0,Summer,0.0,0.0,100.0,60.0
2020-05-09 03:00:00,0.0,40.0,0.0,0.0,0.0,40.0,60.0,Summer,0.0,0.0,100.0,60.0
2020-05-09 04:00:00,0.0,40.0,0.0,0.0,0.0,40.0,60.0,Summer,0.0,0.0,100.0,60.0
2020-05-09 05:00:00,506.016,100.0,200.0,0.0,187.6166303929372,0.0,0.0,Summer,28.112000000000002,0.0,0.0,0.0
2020-05-09 06:00:00,2076.12,100.0,200.0,0.0,375.2332607858744,0.0,0.0,Summer,115.34,0.0,0.0,0.0
2020-05-09 07:00:00,2685.186,100.0,200.0,0.0,562.8498911788115,0.0,0.0,Summer,149.177,0.0,0.0,0.0
2020-05-09 08:00:00,2860.974,100.0,137.15010882118844,0.0,691.5080975540917,0.0,0.0,Summer,158.943,0.0,0.0,0.0
2020-05-09 09:00:00,2845.278,100.0,8.491902445908286,0.0,699.4742081667259,0.0,0.0,Summer,158.07099999999997,0.0,0.0,0.0
2020-05-09 10:00:00,2834.028,100.0,0.5257918332740664,0.0,699.9674446269609,0.0,0.0,Summer,157.446,0.0,0.0,0.0
2020-05-09 11:00:00,2791.548,100.0,0.03255537303909659,0.0,699.9979842739149,0.0,0.0,Summer,155.08599999999998,0.0,0.0,0.0
2020-05-09 12:00:00,2758.59,100.0,0.0020157260851701724,0.0,699.9998751925942,0.0,0.0,Summer,153.255,0.0,0.0,0.0
2020-05-09 13:00:00,2771.586,100.0,0.00012480740575119854,0.0,699.9999922723188,0.0,0.0,Summer,153.97699999999998,0.0,0.0,0.0
2020-05-09 14:00:00,2752.614,100.0,7.727681193500757e-06,0.0,699.9999995215264,0.0,0.0,Summer,152.923,0.0,0.0,0.0
2020-05-09 15:00:00,2702.718,100.0,4.784736083820462e-07,0.0,699.9999999703743,0.0,0.0,Summer,150.15099999999998,0.0,0.0,0.0
2020-05-09 16:00:00,2292.786,100.0,2.9625603929162025e-08,0.0,699.9999999981657,0.0,0.0,Summer,127.37700000000001,0.0,0.0,0.0
2020-05-09 17:00:00,1083.42,100.0,1.8343562260270118e-09,0.0,699.9999999998864,0.0,0.0,Summer,60.19,0.0,0.0,0.0
2020-05-09 18:00:00,30.303,100.0,0.0,74.2972516391849,625.7027483607014,0.0,0.0,Summer,1.6835,10.613893091312129,0.0,0.0
2020-05-09 19:00:00,0.0,100.0,0.0,106.60035817780522,519.1023901828963,0.0,0.0,Summer,0.0,15.228622596829316,0.0,0.0
2020-05-09 20:00:00,0.0,100.0,0.0,106.60035817780522,412.5020320050911,0.0,0.0,Summer,0.0,15.228622596829316,0.0,0.0
2020-05-09 21:00:00,0.0,100.0,0.0,106.60035817780522,305.9016738272859,0.0,0.0,Summer,0.0,15.228622596829316,0.0,0.0
2020-05-09 22:00:00,0.0,100.0,0.0,106.60035817780522,199.30131564948067,0.0,0.0,Summer,0.0,15.228622596829316,0.0,0.0
2020-05-09 23:00:00,0.0,100.0,0.0,106.60035817780522,92.70095747167545,0.0,0.0,Summer,0.0,15.228622596829316,0.0,0.0
2020-05-10 00:00:00,0.0,100.0,0.0,92.70095747167545,0.0,13.038793624826383,0.0,Summer,0.0,13.242993924525065,32.59698406206596,0.0
2020-05-10 01:00:00,0.0,40.0,0.0,0.0,0.0,40.0,60.0,Summer,0.0,0.0,100.0,60.0
2020-05-10 02:00:00,0.0,40.0,0.0,0.0,0.0,40.0,60.0,Summer,0.0,0.0,100.0,60.0
2020-05-10 03:00:00,0.0,40.0,0.0,0.0,0.0,40.0,60.0,Summer,0.0,0.0,100.0,60.0
2020-05-10 04:00:00,0.0,40.0,0.0,0.0,0.0,40.0,60.0,Summer,0.0,0.0,100.0,60.0
2020-05-10 05:00:00,42.7986,82.7986,0.0,0.0,0.0,40.0,17.2014,Summer,2.3777,0.0,100.0,17.2014
2020-05-10 06:00:00,179.937,100.0,79.93700000000001,0.0,74.98755291860111,0.0,0.0,Summer,9.996500000000001,0.0,0.0,0.0
2020-05-10 07:00:00,261.828,100.0,161.82799999999997,0.0,226.7956732347423,0.0,0.0,Summer,14.545999999999998,0.0,0.0,0.0
2020-05-10 08:00:00,326.628,100.0,200.0,0.0,414.4123036276795,0.0,0.0,Summer,18.145999999999997,0.0,0.0,0.0
2020-05-10 09:00:00,442.746,100.0,200.0,0.0,602.0289340206167,0.0,0.0,Summer,24.596999999999998,0.0,0.0,0.0
2020-05-10 10:00:00,709.344,100.0,97.9710659793833,0.0,693.9339403958968,0.0,0.0,Summer,39.408,0.0,0.0,0.0
2020-05-10 11:00:00,626.004,100.0,6.066059604103211,0.0,699.6244087093196,0.0,0.0,Summer,34.778000000000006,0.0,0.0,0.0
2020-05-10 12:00:00,598.518,100.0,0.37559129068045877,0.0,699.9767445711316,0.0,0.0,Summer,33.251000000000005,0.0,0.0,0.0
2020-05-10 13:00:00,419.67,100.0,0.02325542886846233,0.0,699.9985600971448,0.0,0.0,Summer,23.315,0.0,0.0,0.0
2020-05-10 14:00:00,457.344,100.0,0.0014399028551997618,0.0,699.9999108457538,0.0,0.0,Summer,25.407999999999998,0.0,0.0,0.0
2020-05-10 15:00:00,973.278,100.0,8.9154246263206e-05,0.0,699.9999944798501,0.0,0.0,Summer,54.071000000000005,0.0,0.0,0.0
2020-05-10 16:00:00,301.266,100.0,5.520149949006736e-06,0.0,699.9999996582097,0.0,0.0,Summer,16.737000000000002,0.0,0.0,0.0
2020-05-10 17:00:00,75.6288,100.0,0.0,25.979786492229266,674.0202131659805,0.0,0.0,Summer,4.2016,3.7113980703184666,0.0,0.0
2020-05-10 18:00:00,46.123200000000004,100.0,0.0,57.432861774739756,616.5873513912408,0.0,0.0,Summer,2.5624000000000002,8.204694539248536,0.0,0.0
2020-05-10 19:00:00,0.0,100.0,0.0,106.60035817780522,509.98699321343554,0.0,0.0,Summer,0.0,15.228622596829316,0.0,0.0
2020-05-10 20:00:00,0.0,100.0,0.0,106.60035817780522,403.3866350356303,0.0,0.0,Summer,0.0,15.228622596829316,0.0,0.0
2020-05-10 21:00:00,0.0,100.0,0.0,106.60035817780522,296.7862768578251,0.0,0.0,Summer,0.0,15.228622596829316,0.0,0.0
2020-05-10 22:00:00,0.0,100.0,0.0,106.60035817780522,190.1859186800199,0.0,0.0,Summer,0.0,15.228622596829316,0.0,0.0
2020-05-10 23:00:00,0.0,100.0,0.0,106.60035817780522,83.58556050221469,0.0,0.0,Summer,0.0,15.228622596829316,0.0,0.0
2020-05-11 00:00:00,0.0,100.0,0.0,83.58556050221469,0.0,21.58979394534748,0.0,Summer,0.0,11.940794357459241,53.9744848633687,0.0
2020-05-11 01:00:00,0.0,40.0,0.0,0.0,0.0,40.0,60.0,Summer,0.0,0.0,100.0,60.0
2020-05-11 02:00:00,0.0,40.0,0.0,0.0,0.0,40.0,60.0,Summer,0.0,0.0,100.0,60.0
2020-05-11 03:00:00,0.0,40.0,0.0,0.0,0.0,40.0,60.0,Summer,0.0,0.0,100.0,60.0
2020-05-11 04:00:00,0.0,40.0,0.0,0.0,0.0,40.0,60.0,Summer,0.0,0.0,100.0,60.0
2020-05-11 05:00:00,575.388,100.0,200.0,0.0,187.6166303929372,0.0,0.0,Summer,31.966,0.0,0.0,0.0
2020-05-11 06:00:00,2428.812,100.0,200.0,0.0,375.2332607858744,0.0,0.0,Summer,134.934,0.0,0.0,0.0
2020-05-11 07:00:00,2889.846,100.0,200.0,0.0,562.8498911788115,0.0,0.0,Summer,160.547,0.0,0.0,0.0
2020-05-11 08:00:00,2962.71,100.0,137.15010882118844,0.0,691.5080975540917,0.0,0.0,Summer,164.595,0.0,0.0,0.0
2020-05-11 09:00:00,3005.694,100.0,8.491902445908286,0.0,699.4742081667259,0.0,0.0,Summer,166.983,0.0,0.0,0.0
2020-05-11 10:00:00,2978.154,100.0,0.5257918332740664,0.0,699.9674446269609,0.0,0.0,Summer,165.453,0.0,0.0,0.0
2020-05-11 11:00:00,2928.69,100.0,0.03255537303909659,0.0,699.9979842739149,0.0,0.0,Summer,162.705,0.0,0.0,0.0
2020-05-11 12:00:00,2908.566,100.0,0.0020157260851701724,0.0,699.9998751925942,0.0,0.0,Summer,161.587,0.0,0.0,0.0
2020-05-11 13:00:00,1862.91,100.0,0.00012480740575119854,0.0,699.9999922723188,0.0,0.0,Summer,103.495,0.0,0.0,0.0
2020-05-11 14:00:00,889.47,100.0,7.727681193500757e-06,0.0,699.9999995215264,0.0,0.0,Summer,49.415000000000006,0.0,0.0,0.0
2020-05-11 15:00:00,945.198,100.0,4.784736083820462e-07,0.0,699.9999999703743,0.0,0.0,Summer,52.510999999999996,0.0,0.0,0.0
2020-05-11 16:00:00,412.92,100.0,2.9625603929162025e-08,0.0,699.9999999981657,0.0,0.0,Summer,22.94,0.0,0.0,0.0
2020-05-11 17:00:00,123.24059999999999,100.0,1.8343562260270118e-09,0.0,699.9999999998864,0.0,0.0,Summer,6.8466999999999985,0.0,0.0,0.0
2020-05-11 18:00:00,139.38119999999998,100.0,1.1362135410308838e-10,0.0,699.9999999999931,0.0,0.0,Summer,7.7433999999999985,0.0,0.0,0.0
2020-05-11 19:00:00,0.0,100.0,0.0,106.60035817780522,593.3996418221878,0.0,0.0,Summer,0.0,15.228622596829316,0.0,0.0
2020-05-11 20:00:00,0.0,100.0,0.0,106.60035817780522,486.7992836443826,0.0,0.0,Summer,0.0,15.228622596829316,0.0,0.0
2020-05-11 21:00:00,0.0,100.0,0.0,106.60035817780522,380.1989254665774,0.0,0.0,Summer,0.0,15.228622596829316,0.0,0.0
2020-05-11 22:00:00,0.0,100.0,0.0,106.60035817780522,273.5985672887722,0.0,0.0,Summer,0.0,15.228622596829316,0.0,0.0
2020-05-11 23:00:00,0.0,100.0,0.0,106.60035817780522,166.998209110967,0.0,0.0,Summer,0.0,15.228622596829316,0.0,0.0
2020-05-12 00:00:00,0.0,100.0,0.0,106.60035817780522,60.397850933161784,0.0,0.0,Summer,0.0,15.228622596829316,0.0,0.0
2020-05-12 01:00:00,0.0,96.65820637527366,0.0,60.397850933161784,0.0,40.0,3.3417936247263427,Summer,0.0,8.628264419023111,100.0,3.3417936247263427
2020-05-12 02:00:00,0.0,40.0,0.0,0.0,0.0,40.0,60.0,Summer,0.0,0.0,100.0,60.0
2020-05-12 03:00:00,0.0,40.0,0.0,0.0,0.0,40.0,60.0,Summer,0.0,0.0,100.0,60.0
2020-05-12 04:00:00,0.0,40.0,0.0,0.0,0.0,40.0,60.0,Summer,0.0,0.0,100.0,60.0
2020-05-12 05:00:00,432.144,100.0,200.0,0.0,187.6166303929372,0.0,0.0,Summer,24.008000000000003,0.0,0.0,0.0
2020-05-12 06:00:00,2101.95,100.0,200.0,0.0,375.2332607858744,0.0,0.0,Summer,116.77499999999998,0.0,0.0,0.0
2020-05-12 07:00:00,2091.096,100.0,200.0,0.0,562.8498911788115,0.0,0.0,Summer,116.17200000000001,0.0,0.0,0.0
2020-05-12 08:00:00,2465.532,100.0,137.15010882118844,0.0,691.5080975540917,0.0,0.0,Summer,136.97400000000002,0.0,0.0,0.0
2020-05-12 09:00:00,2900.682,100.0,8.491902445908286,0.0,699.4742081667259,0.0,0.0,Summer,161.149,0.0,0.0,0.0
2020-05-12 10:00:00,2325.276,100.0,0.5257918332740664,0.0,699.9674446269609,0.0,0.0,Summer,129.182,0.0,0.0,0.0
2020-05-12 11:00:00,1632.924,100.0,0.03255537303909659,0.0,699.9979842739149,0.0,0.0,Summer,90.718,0.0,0.0,0.0
2020-05-12 12:00:00,2085.84,100.0,0.0020157260851701724,0.0,699.9998751925942,0.0,0.0,Summer,115.88000000000001,0.0,0.0,0.0
2020-05-12 13:00:00,1995.84,100.0,0.00012480740575119854,0.0,699.9999922723188,0.0,0.0,Summer,110.88,0.0,0.0,0.0
2020-05-12 14:00:00,1522.728,100.0,7.727681193500757e-06,0.0,699.9999995215264,0.0,0.0,Summer,84.596,0.0,0.0,0.0
2020-05-12 15:00:00,768.186,100.0,4.784736083820462e-07,0.0,699.9999999703743,0.0,0.0,Summer,42.67700000000001,0.0,0.0,0.0
2020-05-12 16:00:00,1510.074,100.0,2.9625603929162025e-08,0.0,699.9999999981657,0.0,0.0,Summer,83.893,0.0,0.0,0.0
2020-05-12 17:00:00,165.25080000000003,100.0,1.8343562260270118e-09,0.0,699.9999999998864,0.0,0.0,Summer,9.180600000000002,0.0,0.0,0.0
2020-05-12 18:00:00,38.727,100.0,0.0,65.31723746628658,634.6827625335998,7.105427357601002e-15,0.0,Summer,2.1515,9.331033923755227,1.7763568394002505e-14,0.0
2020-05-12 19:00:00,0.0,100.0,0.0,106.60035817780522,528.0824043557946,0.0,0.0,Summer,0.0,15.228622596829316,0.0,0.0
2020-05-12 20:00:00,0.0,100.0,0.0,106.60035817780522,421.48204617798933,0.0,0.0,Summer,0.0,15.228622596829316,0.0,0.0
2020-05-12 21:00:00,0.0,100.0,0.0,106.60035817780522,314.8816880001841,0.0,0.0,Summer,0.0,15.228622596829316,0.0,0.0
2020-05-12 22:00:00,0.0,100.0,0.0,106.60035817780522,208.28132982237892,0.0,0.0,Summer,0.0,15.228622596829316,0.0,0.0
2020-05-12 23:00:00,0.0,100.0,0.0,106.60035817780522,101.68097164457372,0.0,0.0,Summer,0.0,15.228622596829316,0.0,0.0
2020-05-13 00:00:00,0.0,100.0,0.0,101.68097164457372,0.0,4.614793624826433,0.0,Summer,0.0,14.525853092081958,11.536984062066082,0.0
2020-05-13 01:00:00,0.0,40.0,0.0,0.0,0.0,40.0,60.0,Summer,0.0,0.0,100.0,60.0
2020-05-13 02:00:00,0.0,40.0,0.0,0.0,0.0,40.0,60.0,Summer,0.0,0.0,100.0,60.0
2020-05-13 03:00:00,0.0,40.0,0.0,0.0,0.0,40.0,60.0,Summer,0.0,0.0,100.0,60.0
2020-05-13 04:00:00,0.0,40.0,0.0,0.0,0.0,40.0,60.0,Summer,0.0,0.0,100.0,60.0
2020-05-13 05:00:00,618.318,100.0,200.0,0.0,187.6166303929372,0.0,0.0,Summer,34.351,0.0,0.0,0.0
2020-05-13 06:00:00,2139.966,100.0,200.0,0.0,375.2332607858744,0.0,0.0,Summer,118.88699999999999,0.0,0.0,0.0
2020-05-13 07:00:00,2732.256,100.0,200.0,0.0,562.8498911788115,0.0,0.0,Summer,151.792,0.0,0.0,0.0
2020-05-13 08:00:00,2797.65,100.0,137.15010882118844,0.0,691.5080975540917,0.0,0.0,Summer,155.425,0.0,0.0,0.0
2020-05-13 09:00:00,2769.462,100.0,8.491902445908286,0.0,699.4742081667259,0.0,0.0,Summer,153.85899999999998,0.0,0.0,0.0
2020-05-13 10:00:00,2750.112,100.0,0.5257918332740664,0.0,699.9674446269609,0.0,0.0,Summer,152.78400000000002,0.0,0.0,0.0
2020-05-13 11:00:00,2586.132,100.0,0.03255537303909659,0.0,699.9979842739149,0.0,0.0,Summer,143.674,0.0,0.0,0.0
2020-05-13 12:00:00,2504.178,100.0,0.0020157260851701724,0.0,699.9998751925942,0.0,0.0,Summer,139.12099999999998,0.0,0.0,0.0
2020-05-13 13:00:00,2662.812,100.0,0.00012480740575119854,0.0,699.9999922723188,0.0,0.0,Summer,147.934,0.0,0.0,0.0
2020-05-13 14:00:00,2673.774,100.0,7.727681193500757e-06,0.0,699.9999995215264,0.0,0.0,Summer,148.543,0.0,0.0,0.0
2020-05-13 15:00:00,2133.9,100.0,4.784736083820462e-07,0.0,699.9999999703743,0.0,0.0,Summer,118.55,0.0,0.0,0.0
2020-05-13 16:00:00,1498.572,100.0,2.9625603929162025e-08,0.0,699.9999999981657,0.0,0.0,Summer,83.25399999999999,0.0,0.0,0.0
2020-05-13 17:00:00,767.502,100.0,1.8343562260270118e-09,0.0,699.9999999998864,0.0,0.0,Summer,42.638999999999996,0.0,0.0,0.0
2020-05-13 18:00:00,27.3672,100.0,0.0,77.42682495456891,622.5731750453175,0.0,0.0,Summer,1.5204,11.060974993509845,0.0,0.0
2020-05-13 19:00:00,0.0,100.0,0.0,106.60035817780522,515.9728168675123,0.0,0.0,Summer,0.0,15.228622596829316,0.0,0.0
2020-05-13 20:00:00,0.0,100.0,0.0,106.60035817780522,409.3724586897071,0.0,0.0,Summer,0.0,15.228622596829316,0.0,0.0
2020-05-13 21:00:00,0.0,100.0,0.0,106.60035817780522,302.7721005119019,0.0,0.0,Summer,0.0,15.228622596829316,0.0,0.0
2020-05-13 22:00:00,0.0,100.0,0.0,106.60035817780522,196.1717423340967,0.0,0.0,Summer,0.0,15.228622596829316,0.0,0.0
2020-05-13 23:00:00,0.0,100.0,0.0,106.60035817780522,89.57138415629147,0.0,0.0,Summer,0.0,15.228622596829316,0.0,0.0
2020-05-14 00:00:00,0.0,100.0,0.0,89.57138415629147,0.0,15.974593624826369,0.0,Summer,0.0,12.795912022327352,39.93648406206592,0.0
2020-05-14 01:00:00,0.0,40.0,0.0,0.0,0.0,40.0,60.0,Summer,0.0,0.0,100.0,60.0
2020-05-14 02:00:00,0.0,40.0,0.0,0.0,0.0,40.0,60.0,Summer,0.0,0.0,100.0,60.0
2020-05-14 03:00:00,0.0,40.0,0.0,0.0,0.0,40.0,60.0,Summer,0.0,0.0,100.0,60.0
2020-05-14 04:00:00,0.0,40.0,0.0,0.0,0.0,40.0,60.0,Summer,0.0,0.0,100.0,60.0
2020-05-14 05:00:00,477.162,100.0,200.0,0.0,187.6166303929372,0.0,0.0,Summer,26.509,0.0,0.0,0.0
2020-05-14 06:00:00,1958.94,100.0,200.0,0.0,375.2332607858744,0.0,0.0,Summer,108.83,0.0,0.0,0.0
2020-05-14 07:00:00,2685.42,100.0,200.0,0.0,562.8498911788115,0.0,0.0,Summer,149.19,0.0,0.0,0.0
2020-05-14 08:00:00,2887.668,100.0,137.15010882118844,0.0,691.5080975540917,0.0,0.0,Summer,160.426,0.0,0.0,0.0
2020-05-14 09:00:00,2878.758,100.0,8.491902445908286,0.0,699.4742081667259,0.0,0.0,Summer,159.93099999999998,0.0,0.0,0.0
2020-05-14 10:00:00,2847.672,100.0,0.5257918332740664,0.0,699.9674446269609,0.0,0.0,Summer,158.204,0.0,0.0,0.0
2020-05-14 11:00:00,2832.588,100.0,0.03255537303909659,0.0,699.9979842739149,0.0,0.0,Summer,157.366,0.0,0.0,0.0
2020-05-14 12:00:00,2821.788,100.0,0.0020157260851701724,0.0,699.9998751925942,0.0,0.0,Summer,156.76600000000002,0.0,0.0,0.0
2020-05-14 13:00:00,2827.368,100.0,0.00012480740575119854,0.0,699.9999922723188,0.0,0.0,Summer,157.076,0.0,0.0,0.0
2020-05-14 14:00:00,2821.644,100.0,7.727681193500757e-06,0.0,699.9999995215264,0.0,0.0,Summer,156.758,0.0,0.0,0.0
2020-05-14 15:00:00,2566.62,100.0,4.784736083820462e-07,0.0,699.9999999703743,0.0,0.0,Summer,142.59,0.0,0.0,0.0
2020-05-14 16:00:00,2334.222,100.0,2.9625603929162025e-08,0.0,699.9999999981657,0.0,0.0,Summer,129.679,0.0,0.0,0.0
2020-05-14 17:00:00,1455.246,100.0,1.8343562260270118e-09,0.0,699.9999999998864,0.0,0.0,Summer,80.84700000000001,0.0,0.0,0.0
2020-05-14 18:00:00,80.6058,100.0,0.0,20.674286665719897,679.3257133341665,0.0,0.0,Summer,4.4781,2.953469523674271,0.0,0.0
2020-05-14 19:00:00,0.0,100.0,0.0,106.60035817780522,572.7253551563613,0.0,0.0,Summer,0.0,15.228622596829316,0.0,0.0
2020-05-14 20:00:00,0.0,100.0,0.0,106.60035817780522,466.12499697855606,0.0,0.0,Summer,0.0,15.228622596829316,0.0,0.0
2020-05-14 21:00:00,0.0,100.0,0.0,106.60035817780522,359.52463880075084,0.0,0.0,Summer,0.0,15.228622596829316,0.0,0.0
2020-05-14 22:00:00,0.0,100.0,0.0,106.60035817780522,252.92428062294564,0.0,0.0,Summer,0.0,15.228622596829316,0.0,0.0
2020-05-14 23:00:00,0.0,100.0,0.0,106.60035817780522,146.32392244514043,0.0,0.0,Summer,0.0,15.228622596829316,0.0,0.0
2020-05-15 00:00:00,0.0,100.0,0.0,106.60035817780522,39.72356426733521,0.0,0.0,Summer,0.0,15.228622596829316,0.0,0.0
2020-05-15 01:00:00,0.0,77.26400637517358,0.0,39.72356426733521,0.0,40.0,22.735993624826413,Summer,0.0,5.674794895333602,100.0,22.735993624826413
2020-05-15 02:00:00,0.0,40.0,0.0,0.0,0.0,40.0,60.0,Summer,0.0,0.0,100.0,60.0
2020-05-15 03:00:00,0.0,40.0,0.0,0.0,0.0,40.0,60.0,Summer,0.0,0.0,100.0,60.0
2020-05-15 04:00:00,0.0,40.0,0.0,0.0,0.0,40.0,60.0,Summer,0.0,0.0,100.0,60.0
2020-05-15 05:00:00,283.194,100.0,183.19400000000002,0.0,171.8512049410187,0.0,0.0,Summer,15.733,0.0,0.0,0.0
2020-05-15 06:00:00,282.978,100.0,182.978,0.0,343.499783921213,0.0,0.0,Summer,15.721000000000002,0.0,0.0,0.0
2020-05-15 07:00:00,405.828,100.0,200.0,0.0,531.1164143141502,0.0,0.0,Summer,22.546,0.0,0.0,0.0
2020-05-15 08:00:00,1804.302,100.0,168.88358568584977,0.0,689.5432606894303,0.0,0.0,Summer,100.23899999999999,0.0,0.0,0.0
2020-05-15 09:00:00,2396.484,100.0,10.456739310569713,0.0,699.3525516611625,0.0,0.0,Summer,133.138,0.0,0.0,0.0
2020-05-15 10:00:00,1900.044,100.0,0.6474483388374792,0.0,699.9599120395934,0.0,0.0,Summer,105.55799999999999,0.0,0.0,0.0
2020-05-15 11:00:00,2149.02,100.0,0.040087960406555795,0.0,699.9975178798475,0.0,0.0,Summer,119.39,0.0,0.0,0.0
2020-05-15 12:00:00,2634.768,100.0,0.002482120152562857,0.0,699.9998463149437,0.0,0.0,Summer,146.376,0.0,0.0,0.0
2020-05-15 13:00:00,2717.532,100.0,0.00015368505625519902,0.0,699.9999904843057,0.0,0.0,Summer,150.97400000000002,0.0,0.0,0.0
2020-05-15 14:00:00,2766.114,100.0,9.515694226138294e-06,0.0,699.9999994108182,0.0,0.0,Summer,153.673,0.0,0.0,0.0
2020-05-15 15:00:00,2672.838,100.0,5.891817854717374e-07,0.0,699.9999999635197,0.0,0.0,Summer,148.491,0.0,0.0,0.0
2020-05-15 16:00:00,1967.904,100.0,3.6480254493653774e-08,0.0,699.9999999977413,0.0,0.0,Summer,109.328,0.0,0.0,0.0
2020-05-15 17:00:00,990.036,100.0,2.2586900740861894e-09,0.0,699.9999999998602,0.0,0.0,Summer,55.001999999999995,0.0,0.0,0.0
2020-05-15 18:00:00,100.34819999999999,100.0,1.3981480151414872e-10,0.0,699.9999999999914,0.0,0.0,Summer,5.5748999999999995,0.0,0.0,0.0
2020-05-15 19:00:00,0.0,100.0,0.0,106.60035817780522,593.3996418221861,0.0,0.0,Summer,0.0,15.228622596829316,0.0,0.0
2020-05-15 20:00:00,0.0,100.0,0.0,106.60035817780522,486.799283644381,0.0,0.0,Summer,0.0,15.228622596829316,0.0,0.0
2020-05-15 21:00:00,0.0,100.0,0.0,106.60035817780522,380.19892546657576,0.0,0.0,Summer,0.0,15.228622596829316,0.0,0.0
2020-05-15 22:00:00,0.0,100.0,0.0,106.60035817780522,273.5985672887706,0.0,0.0,Summer,0.0,15.228622596829316,0.0,0.0
2020-05-15 23:00:00,0.0,100.0,0.0,106.60035817780522,166.99820911096538,0.0,0.0,Summer,0.0,15.228622596829316,0.0,0.0
2020-05-16 00:00:00,0.0,100.0,0.0,106.60035817780522,60.39785093316015,0.0,0.0,Summer,0.0,15.228622596829316,0.0,0.0
2020-05-16 01:00:00,0.0,96.65820637527213,0.0,60.39785093316015,0.0,40.0,3.3417936247278774,Summer,0.0,8.628264419022878,100.0,3.3417936247278774
2020-05-16 02:00:00,0.0,40.0,0.0,0.0,0.0,40.0,60.0,Summer,0.0,0.0,100.0,60.0
2020-05-16 03:00:00,0.0,40.0,0.0,0.0,0.0,40.0,60.0,Summer,0.0,0.0,100.0,60.0
2020-05-16 04:00:00,0.0,40.0,0.0,0.0,0.0,40.0,60.0,Summer,0.0,0.0,100.0,60.0
2020-05-16 05:00:00,48.1806,88.1806,0.0,0.0,0.0,40.0,11.819400000000002,Summer,2.6767,0.0,100.0,11.819400000000002
2020-05-16 06:00:00,152.388,100.0,52.388000000000005,0.0,49.14430016512597,0.0,0.0,Summer,8.466,0.0,0.0,0.0
2020-05-16 07:00:00,387.378,100.0,200.0,0.0,236.76093055806314,0.0,0.0,Summer,21.520999999999997,0.0,0.0,0.0
2020-05-16 08:00:00,410.13,100.0,200.0,0.0,424.3775609510003,0.0,0.0,Summer,22.785,0.0,0.0,0.0
2020-05-16 09:00:00,570.96,100.0,200.0,0.0,611.9941913439376,0.0,0.0,Summer,31.720000000000002,0.0,0.0,0.0
2020-05-16 10:00:00,1038.15,100.0,88.00580865606247,0.0,694.5509577192176,0.0,0.0,Summer,57.67500000000001,0.0,0.0,0.0
2020-05-16 11:00:00,2066.274,100.0,5.449042280782363,0.0,699.6626124771628,0.0,0.0,Summer,114.79299999999999,0.0,0.0,0.0
2020-05-16 12:00:00,2542.284,100.0,0.3373875228371471,0.0,699.9791100280195,0.0,0.0,Summer,141.238,0.0,0.0,0.0
2020-05-16 13:00:00,1999.692,100.0,0.020889971980475822,0.0,699.9987065587794,0.0,0.0,Summer,111.09400000000001,0.0,0.0,0.0
2020-05-16 14:00:00,1308.492,100.0,0.0012934412205358966,0.0,699.9999199141964,0.0,0.0,Summer,72.694,0.0,0.0,0.0
2020-05-16 15:00:00,894.744,100.0,8.008580352179706e-05,0.0,699.9999950413394,0.0,0.0,Summer,49.708000000000006,0.0,0.0,0.0
2020-05-16 16:00:00,415.242,100.0,4.958660574629903e-06,0.0,699.9999996929753,0.0,0.0,Summer,23.069,0.0,0.0,0.0
2020-05-16 17:00:00,107.39880000000001,100.0,3.070246893912554e-07,0.0,699.99999998099,0.0,0.0,Summer,5.966600000000001,0.0,0.0,0.0
2020-05-16 18:00:00,26.866799999999998,100.0,0.0,77.96025314689065,622.0397468340993,0.0,0.0,Summer,1.4926,11.13717902098438,0.0,0.0
2020-05-16 19:00:00,0.0,100.0,0.0,106.60035817780522,515.4393886562941,0.0,0.0,Summer,0.0,15.228622596829316,0.0,0.0
2020-05-16 20:00:00,0.0,100.0,0.0,106.60035817780522,408.8390304784889,0.0,0.0,Summer,0.0,15.228622596829316,0.0,0.0
2020-05-16 21:00:00,0.0,100.0,0.0,106.60035817780522,302.2386723006837,0.0,0.0,Summer,0.0,15.228622596829316,0.0,0.0
2020-05-16 22:00:00,0.0,100.0,0.0,106.60035817780522,195.63831412287848,0.0,0.0,Summer,0.0,15.228622596829316,0.0,0.0
2020-05-16 23:00:00,0.0,100.0,0.0,106.60035817780522,89.03795594507326,0.0,0.0,Summer,0.0,15.228622596829316,0.0,0.0
2020-05-17 00:00:00,0.0,100.0,0.0,89.03795594507326,0.0,16.474993642552818,0.0,Summer,0.0,12.719707992153323,41.187484106382044,0.0
2020-05-17 01:00:00,0.0,40.0,0.0,0.0,0.0,40.0,60.0,Summer,0.0,0.0,100.0,60.0
2020-05-17 02:00:00,0.0,40.0,0.0,0.0,0.0,40.0,60.0,Summer,0.0,0.0,100.0,60.0
2020-05-17 03:00:00,0.0,40.0,0.0,0.0,0.0,40.0,60.0,Summer,0.0,0.0,100.0,60.0
2020-05-17 04:00:00,0.0,40.0,0.0,0.0,0.0,40.0,60.0,Summer,0.0,0.0,100.0,60.0
2020-05-17 05:00:00,663.462,100.0,200.0,0.0,187.6166303929372,0.0,0.0,Summer,36.858999999999995,0.0,0.0,0.0
2020-05-17 06:00:00,1973.718,100.0,200.0,0.0,375.2332607858744,0.0,0.0,Summer,109.65100000000001,0.0,0.0,0.0
2020-05-17 07:00:00,2712.78,100.0,200.0,0.0,562.8498911788115,0.0,0.0,Summer,150.71,0.0,0.0,0.0
2020-05-17 08:00:00,2875.446,100.0,137.15010882118844,0.0,691.5080975540917,0.0,0.0,Summer,159.74699999999999,0.0,0.0,0.0
2020-05-17 09:00:00,2903.814,100.0,8.491902445908286,0.0,699.4742081667259,0.0,0.0,Summer,161.323,0.0,0.0,0.0
2020-05-17 10:00:00,2867.328,100.0,0.5257918332740664,0.0,699.9674446269609,0.0,0.0,Summer,159.296,0.0,0.0,0.0
2020-05-17 11:00:00,2809.098,100.0,0.03255537303909659,0.0,699.9979842739149,0.0,0.0,Summer,156.061,0.0,0.0,0.0
2020-05-17 12:00:00,2831.328,100.0,0.0020157260851701724,0.0,699.9998751925942,0.0,0.0,Summer,157.296,0.0,0.0,0.0
2020-05-17 13:00:00,2844.144,100.0,0.00012480740575119854,0.0,699.9999922723188,0.0,0.0,Summer,158.00799999999998,0.0,0.0,0.0
2020-05-17 14:00:00,2818.89,100.0,7.727681193500757e-06,0.0,699.9999995215264,0.0,0.0,Summer,156.605,0.0,0.0,0.0
2020-05-17 15:00:00,2759.598,100.0,4.784736083820462e-07,0.0,699.9999999703743,0.0,0.0,Summer,153.311,0.0,0.0,0.0
2020-05-17 16:00:00,2510.514,100.0,2.9625603929162025e-08,0.0,699.9999999981657,0.0,0.0,Summer,139.473,0.0,0.0,0.0
2020-05-17 17:00:00,1526.418,100.0,1.8343562260270118e-09,0.0,699.9999999998864,0.0,0.0,Summer,84.80099999999999,0.0,0.0,0.0
2020-05-17 18:00:00,210.096,100.0,1.1362135410308838e-10,0.0,699.9999999999931,0.0,0.0,Summer,11.672,0.0,0.0,0.0
2020-05-17 19:00:00,0.0,100.0,0.0,106.60035817780522,593.3996418221878,0.0,0.0,Summer,0.0,15.228622596829316,0.0,0.0
2020-05-17 20:00:00,0.0,100.0,0.0,106.60035817780522,486.7992836443826,0.0,0.0,Summer,0.0,15.228622596829316,0.0,0.0
2020-05-17 21:00:00,0.0,100.0,0.0,106.60035817780522,380.1989254665774,0.0,0.0,Summer,0.0,15.228622596829316,0.0,0.0
2020-05-17 22:00:00,0.0,100.0,0.0,106.60035817780522,273.5985672887722,0.0,0.0,Summer,0.0,15.228622596829316,0.0,0.0
2020-05-17 23:00:00,0.0,100.0,0.0,106.60035817780522,166.998209110967,0.0,0.0,Summer,0.0,15.228622596829316,0.0,0.0
2020-05-18 00:00:00,0.0,100.0,0.0,106.60035817780522,60.397850933161784,0.0,0.0,Summer,0.0,15.228622596829316,0.0,0.0
2020-05-18 01:00:00,0.0,96.65820637527366,0.0,60.397850933161784,0.0,40.0,3.3417936247263427,Summer,0.0,8.628264419023111,100.0,3.3417936247263427
2020-05-18 02:00:00,0.0,40.0,0.0,0.0,0.0,40.0,60.0,Summer,0.0,0.0,100.0,60.0
2020-05-18 03:00:00,0.0,40.0,0.0,0.0,0.0,40.0,60.0,Summer,0.0,0.0,100.0,60.0
2020-05-18 04:00:00,0.0,40.0,0.0,0.0,0.0,40.0,60.0,Summer,0.0,0.0,100.0,60.0
2020-05-18 05:00:00,657.36,100.0,200.0,0.0,187.6166303929372,0.0,0.0,Summer,36.52,0.0,0.0,0.0
2020-05-18 06:00:00,2205.234,100.0,200.0,0.0,375.2332607858744,0.0,0.0,Summer,122.513,0.0,0.0,0.0
2020-05-18 07:00:00,2729.016,100.0,200.0,0.0,562.8498911788115,0.0,0.0,Summer,151.61200000000002,0.0,0.0,0.0
2020-05-18 08:00:00,2828.232,100.0,137.15010882118844,0.0,691.5080975540917,0.0,0.0,Summer,157.124,0.0,0.0,0.0
2020-05-18 09:00:00,2809.872,100.0,8.491902445908286,0.0,699.4742081667259,0.0,0.0,Summer,156.10399999999998,0.0,0.0,0.0
2020-05-18 10:00:00,2783.322,100.0,0.5257918332740664,0.0,699.9674446269609,0.0,0.0,Summer,154.62900000000002,0.0,0.0,0.0
2020-05-18 11:00:00,2748.888,100.0,0.03255537303909659,0.0,699.9979842739149,0.0,0.0,Summer,152.71599999999998,0.0,0.0,0.0
2020-05-18 12:00:00,2757.798,100.0,0.0020157260851701724,0.0,699.9998751925942,0.0,0.0,Summer,153.21099999999998,0.0,0.0,0.0
2020-05-18 13:00:00,2757.42,100.0,0.00012480740575119854,0.0,699.9999922723188,0.0,0.0,Summer,153.19,0.0,0.0,0.0
2020-05-18 14:00:00,2743.902,100.0,7.727681193500757e-06,0.0,699.9999995215264,0.0,0.0,Summer,152.43900000000002,0.0,0.0,0.0
2020-05-18 15:00:00,2698.542,100.0,4.784736083820462e-07,0.0,699.9999999703743,0.0,0.0,Summer,149.919,0.0,0.0,0.0
2020-05-18 16:00:00,2483.406,100.0,2.9625603929162025e-08,0.0,699.9999999981657,0.0,0.0,Summer,137.96699999999998,0.0,0.0,0.0
2020-05-18 17:00:00,1882.188,100.0,1.8343562260270118e-09,0.0,699.9999999998864,0.0,0.0,Summer,104.566,0.0,0.0,0.0
2020-05-18 18:00:00,241.974,100.0,1.1362135410308838e-10,0.0,699.9999999999931,0.0,0.0,Summer,13.443,0.0,0.0,0.0
2020-05-18 19:00:00,0.0,100.0,0.0,106.60035817780522,593.3996418221878,0.0,0.0,Summer,0.0,15.228622596829316,0.0,0.0
2020-05-18 20:00:00,0.0,100.0,0.0,106.60035817780522,486.7992836443826,0.0,0.0,Summer,0.0,15.228622596829316,0.0,0.0
2020-05-18 21:00:00,0.0,100.0,0.0,106.60035817780522,380.1989254665774,0.0,0.0,Summer,0.0,15.228622596829316,0.0,0.0
2020-05-18 22:00:00,0.0,100.0,0.0,106.60035817780522,273.5985672887722,0.0,0.0,Summer,0.0,15.228622596829316,0.0,0.0
2020-05-18 23:00:00,0.0,100.0,0.0,106.60035817780522,166.998209110967,0.0,0.0,Summer,0.0,15.228622596829316,0.0,0.0
2020-05-19 00:00:00,0.0,100.0,0.0,106.60035817780522,60.397850933161784,0.0,0.0,Summer,0.0,15.228622596829316,0.0,0.0
2020-05-19 01:00:00,0.0,96.65820637527366,0.0,60.397850933161784,0.0,40.0,3.3417936247263427,Summer,0.0,8.628264419023111,100.0,3.3417936247263427
2020-05-19 02:00:00,0.0,40.0,0.0,0.0,0.0,40.0,60.0,Summer,0.0,0.0,100.0,60.0
2020-05-19 03:00:00,0.0,40.0,0.0,0.0,0.0,40.0,60.0,Summer,0.0,0.0,100.0,60.0
2020-05-19 04:00:00,0.0,40.0,0.0,0.0,0.0,40.0,60.0,Summer,0.0,0.0,100.0,60.0
2020-05-19 05:00:00,612.828,100.0,200.0,0.0,187.6166303929372,0.0,0.0,Summer,34.046,0.0,0.0,0.0
2020-05-19 06:00:00,2097.882,100.0,200.0,0.0,375.2332607858744,0.0,0.0,Summer,116.549,0.0,0.0,0.0
2020-05-19 07:00:00,2679.588,100.0,200.0,0.0,562.8498911788115,0.0,0.0,Summer,148.866,0.0,0.0,0.0
2020-05-19 08:00:00,2730.708,100.0,137.15010882118844,0.0,691.5080975540917,0.0,0.0,Summer,151.70600000000002,0.0,0.0,0.0
2020-05-19 09:00:00,2751.318,100.0,8.491902445908286,0.0,699.4742081667259,0.0,0.0,Summer,152.851,0.0,0.0,0.0
2020-05-19 10:00:00,2751.876,100.0,0.5257918332740664,0.0,699.9674446269609,0.0,0.0,Summer,152.882,0.0,0.0,0.0
2020-05-19 11:00:00,2719.71,100.0,0.03255537303909659,0.0,699.9979842739149,0.0,0.0,Summer,151.095,0.0,0.0,0.0
2020-05-19 12:00:00,2714.706,100.0,0.0020157260851701724,0.0,699.9998751925942,0.0,0.0,Summer,150.817,0.0,0.0,0.0
2020-05-19 13:00:00,2716.38,100.0,0.00012480740575119854,0.0,699.9999922723188,0.0,0.0,Summer,150.91000000000003,0.0,0.0,0.0
2020-05-19 14:00:00,2697.264,100.0,7.727681193500757e-06,0.0,699.9999995215264,0.0,0.0,Summer,149.848,0.0,0.0,0.0
2020-05-19 15:00:00,2636.118,100.0,4.784736083820462e-07,0.0,699.9999999703743,0.0,0.0,Summer,146.451,0.0,0.0,0.0
2020-05-19 16:00:00,2440.476,100.0,2.9625603929162025e-08,0.0,699.9999999981657,0.0,0.0,Summer,135.582,0.0,0.0,0.0
2020-05-19 17:00:00,1793.52,100.0,1.8343562260270118e-09,0.0,699.9999999998864,0.0,0.0,Summer,99.64,0.0,0.0,0.0
2020-05-19 18:00:00,374.49,100.0,1.1362135410308838e-10,0.0,699.9999999999931,0.0,0.0,Summer,20.805,0.0,0.0,0.0
2020-05-19 19:00:00,0.0,100.0,0.0,106.60035817780522,593.3996418221878,0.0,0.0,Summer,0.0,15.228622596829316,0.0,0.0
2020-05-19 20:00:00,0.0,100.0,0.0,106.60035817780522,486.7992836443826,0.0,0.0,Summer,0.0,15.228622596829316,0.0,0.0
2020-05-19 21:00:00,0.0,100.0,0.0,106.60035817780522,380.1989254665774,0.0,0.0,Summer,0.0,15.228622596829316,0.0,0.0
2020-05-19 22:00:00,0.0,100.0,0.0,106.60035817780522,273.5985672887722,0.0,0.0,Summer,0.0,15.228622596829316,0.0,0.0
2020-05-19 23:00:00,0.0,100.0,0.0,106.60035817780522,166.998209110967,0.0,0.0,Summer,0.0,15.228622596829316,0.0,0.0
2020-05-20 00:00:00,0.0,100.0,0.0,106.60035817780522,60.397850933161784,0.0,0.0,Summer,0.0,15.228622596829316,0.0,0.0
2020-05-20 01:00:00,0.0,96.65820637527366,0.0,60.397850933161784,0.0,40.0,3.3417936247263427,Summer,0.0,8.628264419023111,100.0,3.3417936247263427
2020-05-20 02:00:00,0.0,40.0,0.0,0.0,0.0,40.0,60.0,Summer,0.0,0.0,100.0,60.0
2020-05-20 03:00:00,0.0,40.0,0.0,0.0,0.0,40.0,60.0,Summer,0.0,0.0,100.0,60.0
2020-05-20 04:00:00,0.0,40.0,0.0,0.0,0.0,40.0,60.0,Summer,0.0,0.0,100.0,60.0
2020-05-20 05:00:00,461.322,100.0,200.0,0.0,187.6166303929372,0.0,0.0,Summer,25.629,0.0,0.0,0.0
2020-05-20 06:00:00,1443.06,100.0,200.0,0.0,375.2332607858744,0.0,0.0,Summer,80.17,0.0,0.0,0.0
2020-05-20 07:00:00,1721.232,100.0,200.0,0.0,562.8498911788115,0.0,0.0,Summer,95.624,0.0,0.0,0.0
2020-05-20 08:00:00,1176.516,100.0,137.15010882118844,0.0,691.5080975540917,0.0,0.0,Summer,65.36200000000001,0.0,0.0,0.0
2020-05-20 09:00:00,1143.054,100.0,8.491902445908286,0.0,699.4742081667259,0.0,0.0,Summer,63.50300000000001,0.0,0.0,0.0
2020-05-20 10:00:00,1857.582,100.0,0.5257918332740664,0.0,699.9674446269609,0.0,0.0,Summer,103.199,0.0,0.0,0.0
2020-05-20 11:00:00,1753.83,100.0,0.03255537303909659,0.0,699.9979842739149,0.0,0.0,Summer,97.43499999999999,0.0,0.0,0.0
2020-05-20 12:00:00,2356.524,100.0,0.0020157260851701724,0.0,699.9998751925942,0.0,0.0,Summer,130.918,0.0,0.0,0.0
2020-05-20 13:00:00,2439.936,100.0,0.00012480740575119854,0.0,699.9999922723188,0.0,0.0,Summer,135.552,0.0,0.0,0.0
2020-05-20 14:00:00,2215.71,100.0,7.727681193500757e-06,0.0,699.9999995215264,0.0,0.0,Summer,123.095,0.0,0.0,0.0
2020-05-20 15:00:00,2565.576,100.0,4.784736083820462e-07,0.0,699.9999999703743,0.0,0.0,Summer,142.53199999999998,0.0,0.0,0.0
2020-05-20 16:00:00,2374.758,100.0,2.9625603929162025e-08,0.0,699.9999999981657,0.0,0.0,Summer,131.931,0.0,0.0,0.0
2020-05-20 17:00:00,1596.564,100.0,1.8343562260270118e-09,0.0,699.9999999998864,0.0,0.0,Summer,88.698,0.0,0.0,0.0
2020-05-20 18:00:00,230.112,100.0,1.1362135410308838e-10,0.0,699.9999999999931,0.0,0.0,Summer,12.784,0.0,0.0,0.0
2020-05-20 19:00:00,0.0,100.0,0.0,106.60035817780522,593.3996418221878,0.0,0.0,Summer,0.0,15.228622596829316,0.0,0.0
2020-05-20 20:00:00,0.0,100.0,0.0,106.60035817780522,486.7992836443826,0.0,0.0,Summer,0.0,15.228622596829316,0.0,0.0
2020-05-20 21:00:00,0.0,100.0,0.0,106.60035817780522,380.1989254665774,0.0,0.0,Summer,0.0,15.228622596829316,0.0,0.0
2020-05-20 22:00:00,0.0,100.0,0.0,106.60035817780522,273.5985672887722,0.0,0.0,Summer,0.0,15.228622596829316,0.0,0.0
2020-05-20 23:00:00,0.0,100.0,0.0,106.60035817780522,166.998209110967,0.0,0.0,Summer,0.0,15.228622596829316,0.0,0.0
2020-05-21 00:00:00,0.0,100.0,0.0,106.60035817780522,60.397850933161784,0.0,0.0,Summer,0.0,15.228622596829316,0.0,0.0
2020-05-21 01:00:00,0.0,96.65820637527366,0.0,60.397850933161784,0.0,40.0,3.3417936247263427,Summer,0.0,8.628264419023111,100.0,3.3417936247263427
2020-05-21 02:00:00,0.0,40.0,0.0,0.0,0.0,40.0,60.0,Summer,0.0,0.0,100.0,60.0
2020-05-21 03:00:00,0.0,40.0,0.0,0.0,0.0,40.0,60.0,Summer,0.0,0.0,100.0,60.0
2020-05-21 04:00:00,0.0,40.0,0.0,0.0,0.0,40.0,60.0,Summer,0.0,0.0,100.0,60.0
2020-05-21 05:00:00,638.874,100.0,200.0,0.0,187.6166303929372,0.0,0.0,Summer,35.493,0.0,0.0,0.0
2020-05-21 06:00:00,1997.532,100.0,200.0,0.0,375.2332607858744,0.0,0.0,Summer,110.97399999999999,0.0,0.0,0.0
2020-05-21 07:00:00,2632.374,100.0,200.0,0.0,562.8498911788115,0.0,0.0,Summer,146.243,0.0,0.0,0.0
2020-05-21 08:00:00,2792.628,100.0,137.15010882118844,0.0,691.5080975540917,0.0,0.0,Summer,155.14600000000002,0.0,0.0,0.0
2020-05-21 09:00:00,2825.802,100.0,8.491902445908286,0.0,699.4742081667259,0.0,0.0,Summer,156.989,0.0,0.0,0.0
2020-05-21 10:00:00,2805.66,100.0,0.5257918332740664,0.0,699.9674446269609,0.0,0.0,Summer,155.87,0.0,0.0,0.0
2020-05-21 11:00:00,2769.318,100.0,0.03255537303909659,0.0,699.9979842739149,0.0,0.0,Summer,153.851,0.0,0.0,0.0
2020-05-21 12:00:00,2765.448,100.0,0.0020157260851701724,0.0,699.9998751925942,0.0,0.0,Summer,153.636,0.0,0.0,0.0
2020-05-21 13:00:00,2756.25,100.0,0.00012480740575119854,0.0,699.9999922723188,0.0,0.0,Summer,153.125,0.0,0.0,0.0
2020-05-21 14:00:00,2722.572,100.0,7.727681193500757e-06,0.0,699.9999995215264,0.0,0.0,Summer,151.254,0.0,0.0,0.0
2020-05-21 15:00:00,2679.768,100.0,4.784736083820462e-07,0.0,699.9999999703743,0.0,0.0,Summer,148.876,0.0,0.0,0.0
2020-05-21 16:00:00,2448.396,100.0,2.9625603929162025e-08,0.0,699.9999999981657,0.0,0.0,Summer,136.02200000000002,0.0,0.0,0.0
2020-05-21 17:00:00,1876.158,100.0,1.8343562260270118e-09,0.0,699.9999999998864,0.0,0.0,Summer,104.23099999999998,0.0,0.0,0.0
2020-05-21 18:00:00,366.876,100.0,1.1362135410308838e-10,0.0,699.9999999999931,0.0,0.0,Summer,20.381999999999998,0.0,0.0,0.0
2020-05-21 19:00:00,0.0,100.0,0.0,106.60035817780522,593.3996418221878,0.0,0.0,Summer,0.0,15.228622596829316,0.0,0.0
2020-05-21 20:00:00,0.0,100.0,0.0,106.60035817780522,486.7992836443826,0.0,0.0,Summer,0.0,15.228622596829316,0.0,0.0
2020-05-21 21:00:00,0.0,100.0,0.0,106.60035817780522,380.1989254665774,0.0,0.0,Summer,0.0,15.228622596829316,0.0,0.0
2020-05-21 22:00:00,0.0,100.0,0.0,106.60035817780522,273.5985672887722,0.0,0.0,Summer,0.0,15.228622596829316,0.0,0.0
2020-05-21 23:00:00,0.0,100.0,0.0,106.60035817780522,166.998209110967,0.0,0.0,Summer,0.0,15.228622596829316,0.0,0.0
2020-05-22 00:00:00,0.0,100.0,0.0,106.60035817780522,60.397850933161784,0.0,0.0,Summer,0.0,15.228622596829316,0.0,0.0
2020-05-22 01:00:00,0.0,96.65820637527366,0.0,60.397850933161784,0.0,40.0,3.3417936247263427,Summer,0.0,8.628264419023111,100.0,3.3417936247263427
2020-05-22 02:00:00,0.0,40.0,0.0,0.0,0.0,40.0,60.0,Summer,0.0,0.0,100.0,60.0
2020-05-22 03:00:00,0.0,40.0,0.0,0.0,0.0,40.0,60.0,Summer,0.0,0.0,100.0,60.0
2020-05-22 04:00:00,0.0,40.0,0.0,0.0,0.0,40.0,60.0,Summer,0.0,0.0,100.0,60.0
2020-05-22 05:00:00,584.532,100.0,200.0,0.0,187.6166303929372,0.0,0.0,Summer,32.474000000000004,0.0,0.0,0.0
2020-05-22 06:00:00,2102.778,100.0,200.0,0.0,375.2332607858744,0.0,0.0,Summer,116.821,0.0,0.0,0.0
2020-05-22 07:00:00,2668.302,100.0,200.0,0.0,562.8498911788115,0.0,0.0,Summer,148.239,0.0,0.0,0.0
2020-05-22 08:00:00,2786.058,100.0,137.15010882118844,0.0,691.5080975540917,0.0,0.0,Summer,154.78099999999998,0.0,0.0,0.0
2020-05-22 09:00:00,2801.844,100.0,8.491902445908286,0.0,699.4742081667259,0.0,0.0,Summer,155.65800000000002,0.0,0.0,0.0
2020-05-22 10:00:00,2765.7,100.0,0.5257918332740664,0.0,699.9674446269609,0.0,0.0,Summer,153.65,0.0,0.0,0.0
2020-05-22 11:00:00,2744.712,100.0,0.03255537303909659,0.0,699.9979842739149,0.0,0.0,Summer,152.484,0.0,0.0,0.0
2020-05-22 12:00:00,2725.326,100.0,0.0020157260851701724,0.0,699.9998751925942,0.0,0.0,Summer,151.407,0.0,0.0,0.0
2020-05-22 13:00:00,2703.672,100.0,0.00012480740575119854,0.0,699.9999922723188,0.0,0.0,Summer,150.204,0.0,0.0,0.0
2020-05-22 14:00:00,1674.486,100.0,7.727681193500757e-06,0.0,699.9999995215264,0.0,0.0,Summer,93.027,0.0,0.0,0.0
2020-05-22 15:00:00,419.832,100.0,4.784736083820462e-07,0.0,699.9999999703743,0.0,0.0,Summer,23.324,0.0,0.0,0.0
2020-05-22 16:00:00,171.117,100.0,2.9625603929162025e-08,0.0,699.9999999981657,0.0,0.0,Summer,9.506499999999999,0.0,0.0,0.0
2020-05-22 17:00:00,159.02819999999997,100.0,1.8343562260270118e-09,0.0,699.9999999998864,0.0,0.0,Summer,8.834899999999998,0.0,0.0,0.0
2020-05-22 18:00:00,35.6166,100.0,0.0,68.63293500704904,631.3670649928374,0.0,0.0,Summer,1.9787,9.804705001007006,0.0,0.0
2020-05-22 19:00:00,0.0,100.0,0.0,106.60035817780522,524.7667068150322,0.0,0.0,Summer,0.0,15.228622596829316,0.0,0.0
2020-05-22 20:00:00,0.0,100.0,0.0,106.60035817780522,418.166348637227,0.0,0.0,Summer,0.0,15.228622596829316,0.0,0.0
2020-05-22 21:00:00,0.0,100.0,0.0,106.60035817780522,311.56599045942176,0.0,0.0,Summer,0.0,15.228622596829316,0.0,0.0
2020-05-22 22:00:00,0.0,100.0,0.0,106.60035817780522,204.96563228161656,0.0,0.0,Summer,0.0,15.228622596829316,0.0,0.0
2020-05-22 23:00:00,0.0,100.0,0.0,106.60035817780522,98.36527410381134,0.0,0.0,Summer,0.0,15.228622596829316,0.0,0.0
2020-05-23 00:00:00,0.0,100.0,0.0,98.36527410381134,0.0,7.72519362482636,0.0,Summer,0.0,14.052182014830192,19.3129840620659,0.0
2020-05-23 01:00:00,0.0,40.0,0.0,0.0,0.0,40.0,60.0,Summer,0.0,0.0,100.0,60.0
2020-05-23 02:00:00,0.0,40.0,0.0,0.0,0.0,40.0,60.0,Summer,0.0,0.0,100.0,60.0
2020-05-23 03:00:00,0.0,40.0,0.0,0.0,0.0,40.0,60.0,Summer,0.0,0.0,100.0,60.0
2020-05-23 04:00:00,0.0,40.0,0.0,0.0,0.0,40.0,60.0,Summer,0.0,0.0,100.0,60.0
2020-05-23 05:00:00,160.2954,100.0,60.2954,0.0,56.562098880971526,0.0,0.0,Summer,8.9053,0.0,0.0,0.0
2020-05-23 06:00:00,1351.962,100.0,200.0,0.0,244.17872927390871,0.0,0.0,Summer,75.10900000000001,0.0,0.0,0.0
2020-05-23 07:00:00,2495.178,100.0,200.0,0.0,431.79535966684585,0.0,0.0,Summer,138.62099999999998,0.0,0.0,0.0
2020-05-23 08:00:00,2799.126,100.0,200.0,0.0,619.4119900597831,0.0,0.0,Summer,155.507,0.0,0.0,0.0
2020-05-23 09:00:00,2800.71,100.0,80.5880099402169,0.0,695.0102444350632,0.0,0.0,Summer,155.595,0.0,0.0,0.0
2020-05-23 10:00:00,2786.166,100.0,4.989755564936786,0.0,699.6910500629524,0.0,0.0,Summer,154.787,0.0,0.0,0.0
2020-05-23 11:00:00,2639.682,100.0,0.30894993704755325,0.0,699.9808707936974,0.0,0.0,Summer,146.64899999999997,0.0,0.0,0.0
2020-05-23 12:00:00,1479.636,100.0,0.019129206302692183,0.0,699.9988155798403,0.0,0.0,Summer,82.202,0.0,0.0,0.0
2020-05-23 13:00:00,1783.152,100.0,0.0011844201596686616,0.0,699.9999266644369,0.0,0.0,Summer,99.06400000000001,0.0,0.0,0.0
2020-05-23 14:00:00,394.506,100.0,7.333556306548416e-05,0.0,699.9999954592931,0.0,0.0,Summer,21.916999999999998,0.0,0.0,0.0
2020-05-23 15:00:00,622.872,100.0,4.540706868283451e-06,0.0,699.9999997188537,0.0,0.0,Summer,34.604,0.0,0.0,0.0
2020-05-23 16:00:00,1770.264,100.0,2.811462618410587e-07,0.0,699.9999999825923,0.0,0.0,Summer,98.34799999999998,0.0,0.0,0.0
2020-05-23 17:00:00,403.398,100.0,1.740769948810339e-08,0.0,699.9999999989222,0.0,0.0,Summer,22.411,0.0,0.0,0.0
2020-05-23 18:00:00,234.9,100.0,1.0777730494737624e-09,0.0,699.9999999999333,0.0,0.0,Summer,13.05,0.0,0.0,0.0
2020-05-23 19:00:00,0.0,100.0,0.0,106.60035817780522,593.399641822128,0.0,0.0,Summer,0.0,15.228622596829316,0.0,0.0
2020-05-23 20:00:00,0.0,100.0,0.0,106.60035817780522,486.7992836443229,0.0,0.0,Summer,0.0,15.228622596829316,0.0,0.0
2020-05-23 21:00:00,0.0,100.0,0.0,106.60035817780522,380.19892546651766,0.0,0.0,Summer,0.0,15.228622596829316,0.0,0.0
2020-05-23 22:00:00,0.0,100.0,0.0,106.60035817780522,273.5985672887125,0.0,0.0,Summer,0.0,15.228622596829316,0.0,0.0
2020-05-23 23:00:00,0.0,100.0,0.0,106.60035817780522,166.99820911090728,0.0,0.0,Summer,0.0,15.228622596829316,0.0,0.0
2020-05-24 00:00:00,0.0,100.0,0.0,106.60035817780522,60.39785093310206,0.0,0.0,Summer,0.0,15.228622596829316,0.0,0.0
2020-05-24 01:00:00,0.0,96.65820637521763,0.0,60.39785093310206,0.0,40.0,3.341793624782369,Summer,0.0,8.628264419014581,100.0,3.341793624782369
2020-05-24 02:00:00,0.0,40.0,0.0,0.0,0.0,40.0,60.0,Summer,0.0,0.0,100.0,60.0
2020-05-24 03:00:00,0.0,40.0,0.0,0.0,0.0,40.0,60.0,Summer,0.0,0.0,100.0,60.0
2020-05-24 04:00:00,0.0,40.0,0.0,0.0,0.0,40.0,60.0,Summer,0.0,0.0,100.0,60.0
2020-05-24 05:00:00,68.9454,100.0,0.0,0.0,0.0,31.054599999999994,0.0,Summer,3.8303000000000003,0.0,77.63649999999998,0.0
2020-05-24 06:00:00,966.168,100.0,200.0,0.0,187.6166303929372,0.0,0.0,Summer,53.676,0.0,0.0,0.0
2020-05-24 07:00:00,2188.314,100.0,200.0,0.0,375.2332607858744,0.0,0.0,Summer,121.573,0.0,0.0,0.0
2020-05-24 08:00:00,2649.762,100.0,200.0,0.0,562.8498911788115,0.0,0.0,Summer,147.209,0.0,0.0,0.0
2020-05-24 09:00:00,2818.728,100.0,137.15010882118844,0.0,691.5080975540917,0.0,0.0,Summer,156.596,0.0,0.0,0.0
2020-05-24 10:00:00,2789.37,100.0,8.491902445908286,0.0,699.4742081667259,0.0,0.0,Summer,154.965,0.0,0.0,0.0
2020-05-24 11:00:00,2818.026,100.0,0.5257918332740664,0.0,699.9674446269609,0.0,0.0,Summer,156.557,0.0,0.0,0.0
2020-05-24 12:00:00,2886.696,100.0,0.03255537303909659,0.0,699.9979842739149,0.0,0.0,Summer,160.372,0.0,0.0,0.0
2020-05-24 13:00:00,2870.334,100.0,0.0020157260851701724,0.0,699.9998751925942,0.0,0.0,Summer,159.463,0.0,0.0,0.0
2020-05-24 14:00:00,2861.226,100.0,0.00012480740575119854,0.0,699.9999922723188,0.0,0.0,Summer,158.95700000000002,0.0,0.0,0.0
2020-05-24 15:00:00,1879.02,100.0,7.727681193500757e-06,0.0,699.9999995215264,0.0,0.0,Summer,104.39,0.0,0.0,0.0
2020-05-24 16:00:00,1775.7,100.0,4.784736083820462e-07,0.0,699.9999999703743,0.0,0.0,Summer,98.65,0.0,0.0,0.0
2020-05-24 17:00:00,993.456,100.0,2.9625603929162025e-08,0.0,699.9999999981657,0.0,0.0,Summer,55.19199999999999,0.0,0.0,0.0
2020-05-24 18:00:00,183.132,100.0,1.8343562260270118e-09,0.0,699.9999999998864,0.0,0.0,Summer,10.174,0.0,0.0,0.0
2020-05-24 19:00:00,0.0,100.0,0.0,106.60035817780522,593.3996418220812,0.0,0.0,Summer,0.0,15.228622596829316,0.0,0.0
2020-05-24 20:00:00,0.0,100.0,0.0,106.60035817780522,486.799283644276,0.0,0.0,Summer,0.0,15.228622596829316,0.0,0.0
2020-05-24 21:00:00,0.0,100.0,0.0,106.60035817780522,380.19892546647077,0.0,0.0,Summer,0.0,15.228622596829316,0.0,0.0
2020-05-24 22:00:00,0.0,100.0,0.0,106.60035817780522,273.59856728866555,0.0,0.0,Summer,0.0,15.228622596829316,0.0,0.0
2020-05-24 23:00:00,0.0,100.0,0.0,106.60035817780522,166.99820911086036,0.0,0.0,Summer,0.0,15.228622596829316,0.0,0.0
2020-05-25 00:00:00,0.0,100.0,0.0,106.60035817780522,60.397850933055146,0.0,0.0,Summer,0.0,15.228622596829316,0.0,0.0
2020-05-25 01:00:00,0.0,96.65820637517362,0.0,60.397850933055146,0.0,40.0,3.34179362482638,Summer,0.0,8.628264419007877,100.0,3.34179362482638
2020-05-25 02:00:00,0.0,40.0,0.0,0.0,0.0,40.0,60.0,Summer,0.0,0.0,100.0,60.0
2020-05-25 03:00:00,0.0,40.0,0.0,0.0,0.0,40.0,60.0,Summer,0.0,0.0,100.0,60.0
2020-05-25 04:00:00,0.0,40.0,0.0,0.0,0.0,40.0,60.0,Summer,0.0,0.0,100.0,60.0
2020-05-25 05:00:00,39.9132,79.9132,0.0,0.0,0.0,40.0,20.086799999999997,Summer,2.2174000000000005,0.0,100.0,20.086799999999997
2020-05-25 06:00:00,115.25040000000001,100.0,15.250400000000013,0.0,14.306143300722258,0.0,0.0,Summer,6.4028,0.0,0.0,0.0
2020-05-25 07:00:00,259.362,100.0,159.36200000000002,0.0,163.80095056411858,0.0,0.0,Summer,14.409000000000002,0.0,0.0,0.0
2020-05-25 08:00:00,466.758,100.0,200.0,0.0,351.4175809570558,0.0,0.0,Summer,25.930999999999997,0.0,0.0,0.0
2020-05-25 09:00:00,935.37,100.0,200.0,0.0,539.034211349993,0.0,0.0,Summer,51.965,0.0,0.0,0.0
2020-05-25 10:00:00,1599.534,100.0,160.965788650007,0.0,690.033505725273,0.0,0.0,Summer,88.863,0.0,0.0,0.0
2020-05-25 11:00:00,1449.846,100.0,9.966494274726953,0.0,699.3829060885469,0.0,0.0,Summer,80.547,0.0,0.0,0.0
2020-05-25 12:00:00,1915.2,100.0,0.6170939114531502,0.0,699.961791490061,0.0,0.0,Summer,106.4,0.0,0.0,0.0
2020-05-25 13:00:00,2480.418,100.0,0.03820850993890781,0.0,699.9976342494965,0.0,0.0,Summer,137.801,0.0,0.0,0.0
2020-05-25 14:00:00,2835.288,100.0,0.002365750503493473,0.0,699.9998535201855,0.0,0.0,Summer,157.51600000000002,0.0,0.0,0.0
2020-05-25 15:00:00,2722.122,100.0,0.00014647981442976742,0.0,699.9999909304316,0.0,0.0,Summer,151.22899999999998,0.0,0.0,0.0
2020-05-25 16:00:00,2118.24,100.0,9.069568361155688e-06,0.0,699.9999994384409,0.0,0.0,Summer,117.67999999999998,0.0,0.0,0.0
2020-05-25 17:00:00,1430.658,100.0,5.615591071546078e-07,0.0,699.99999996523,0.0,0.0,Summer,79.481,0.0,0.0,0.0
2020-05-25 18:00:00,198.972,100.0,3.476999700069428e-08,0.0,699.9999999978471,0.0,0.0,Summer,11.054,0.0,0.0,0.0
2020-05-25 19:00:00,0.0,100.0,0.0,106.60035817780522,593.3996418200419,0.0,0.0,Summer,0.0,15.228622596829316,0.0,0.0
2020-05-25 20:00:00,0.0,100.0,0.0,106.60035817780522,486.79928364223673,0.0,0.0,Summer,0.0,15.228622596829316,0.0,0.0
2020-05-25 21:00:00,0.0,100.0,0.0,106.60035817780522,380.1989254644315,0.0,0.0,Summer,0.0,15.228622596829316,0.0,0.0
2020-05-25 22:00:00,0.0,100.0,0.0,106.60035817780522,273.5985672866263,0.0,0.0,Summer,0.0,15.228622596829316,0.0,0.0
2020-05-25 23:00:00,0.0,100.0,0.0,106.60035817780522,166.99820910882113,0.0,0.0,Summer,0.0,15.228622596829316,0.0,0.0
2020-05-26 00:00:00,0.0,100.0,0.0,106.60035817780522,60.397850931015896,0.0,0.0,Summer,0.0,15.228622596829316,0.0,0.0
2020-05-26 01:00:00,0.0,96.65820637326064,0.0,60.397850931015896,0.0,40.0,3.341793626739367,Summer,0.0,8.628264418716556,100.0,3.341793626739367
2020-05-26 02:00:00,0.0,40.0,0.0,0.0,0.0,40.0,60.0,Summer,0.0,0.0,100.0,60.0
2020-05-26 03:00:00,0.0,40.0,0.0,0.0,0.0,40.0,60.0,Summer,0.0,0.0,100.0,60.0
2020-05-26 04:00:00,0.0,40.0,0.0,0.0,0.0,40.0,60.0,Summer,0.0,0.0,100.0,60.0
2020-05-26 05:00:00,219.798,100.0,119.798,0.0,112.38048543906545,0.0,0.0,Summer,12.211,0.0,0.0,0.0
2020-05-26 06:00:00,1623.816,100.0,200.0,0.0,299.99711583200263,0.0,0.0,Summer,90.212,0.0,0.0,0.0
2020-05-26 07:00:00,2148.102,100.0,200.0,0.0,487.6137462249398,0.0,0.0,Summer,119.339,0.0,0.0,0.0
2020-05-26 08:00:00,2855.988,100.0,200.0,0.0,675.230376617877,0.0,0.0,Summer,158.666,0.0,0.0,0.0
2020-05-26 09:00:00,2916.306,100.0,24.769623382122955,0.0,698.4663429931571,0.0,0.0,Summer,162.01700000000002,0.0,0.0,0.0
2020-05-26 10:00:00,2904.39,100.0,1.5336570068428992,0.0,699.9050407921691,0.0,0.0,Summer,161.35500000000002,0.0,0.0,0.0
2020-05-26 11:00:00,2873.322,100.0,0.09495920783095062,0.0,699.9941204251593,0.0,0.0,Summer,159.629,0.0,0.0,0.0
2020-05-26 12:00:00,2870.802,100.0,0.005879574840771965,0.0,699.999635955258,0.0,0.0,Summer,159.489,0.0,0.0,0.0
2020-05-26 13:00:00,2870.46,100.0,0.0003640447419602424,0.0,699.999977459497,0.0,0.0,Summer,159.47,0.0,0.0,0.0
2020-05-26 14:00:00,2844.882,100.0,2.254050294868648e-05,0.0,699.9999986043631,0.0,0.0,Summer,158.049,0.0,0.0,0.0
2020-05-26 15:00:00,2782.314,100.0,1.3956369366496802e-06,0.0,699.9999999135865,0.0,0.0,Summer,154.57299999999998,0.0,0.0,0.0
2020-05-26 16:00:00,2569.788,100.0,8.641346357762813e-08,0.0,699.9999999946496,0.0,0.0,Summer,142.766,0.0,0.0,0.0
2020-05-26 17:00:00,1990.386,100.0,5.350448191165924e-09,0.0,699.9999999996687,0.0,0.0,Summer,110.577,0.0,0.0,0.0
2020-05-26 18:00:00,379.89,100.0,3.313180059194565e-10,0.0,699.9999999999795,0.0,0.0,Summer,21.105,0.0,0.0,0.0
2020-05-26 19:00:00,0.0,100.0,0.0,106.60035817780522,593.3996418221743,0.0,0.0,Summer,0.0,15.228622596829316,0.0,0.0
2020-05-26 20:00:00,0.0,100.0,0.0,106.60035817780522,486.7992836443691,0.0,0.0,Summer,0.0,15.228622596829316,0.0,0.0
2020-05-26 21:00:00,0.0,100.0,0.0,106.60035817780522,380.1989254665639,0.0,0.0,Summer,0.0,15.228622596829316,0.0,0.0
2020-05-26 22:00:00,0.0,100.0,0.0,106.60035817780522,273.5985672887587,0.0,0.0,Summer,0.0,15.228622596829316,0.0,0.0
2020-05-26 23:00:00,0.0,100.0,0.0,106.60035817780522,166.9982091109535,0.0,0.0,Summer,0.0,15.228622596829316,0.0,0.0
2020-05-27 00:00:00,0.0,100.0,0.0,106.60035817780522,60.39785093314828,0.0,0.0,Summer,0.0,15.228622596829316,0.0,0.0
2020-05-27 01:00:00,0.0,96.65820637526099,0.0,60.39785093314828,0.0,40.0,3.3417936247390188,Summer,0.0,8.628264419021182,100.0,3.3417936247390188
2020-05-27 02:00:00,0.0,40.0,0.0,0.0,0.0,40.0,60.0,Summer,0.0,0.0,100.0,60.0
2020-05-27 03:00:00,0.0,40.0,0.0,0.0,0.0,40.0,60.0,Summer,0.0,0.0,100.0,60.0
2020-05-27 04:00:00,0.0,40.0,0.0,0.0,0.0,40.0,60.0,Summer,0.0,0.0,100.0,60.0
2020-05-27 05:00:00,814.086,100.0,200.0,0.0,187.6166303929372,0.0,0.0,Summer,45.227000000000004,0.0,0.0,0.0
2020-05-27 06:00:00,2126.844,100.0,200.0,0.0,375.2332607858744,0.0,0.0,Summer,118.158,0.0,0.0,0.0
2020-05-27 07:00:00,2161.17,100.0,200.0,0.0,562.8498911788115,0.0,0.0,Summer,120.065,0.0,0.0,0.0
2020-05-27 08:00:00,2316.636,100.0,137.15010882118844,0.0,691.5080975540917,0.0,0.0,Summer,128.702,0.0,0.0,0.0
2020-05-27 09:00:00,2857.284,100.0,8.491902445908286,0.0,699.4742081667259,0.0,0.0,Summer,158.738,0.0,0.0,0.0
2020-05-27 10:00:00,2855.844,100.0,0.5257918332740664,0.0,699.9674446269609,0.0,0.0,Summer,158.65800000000002,0.0,0.0,0.0
2020-05-27 11:00:00,2825.406,100.0,0.03255537303909659,0.0,699.9979842739149,0.0,0.0,Summer,156.96699999999998,0.0,0.0,0.0
2020-05-27 12:00:00,2824.254,100.0,0.0020157260851701724,0.0,699.9998751925942,0.0,0.0,Summer,156.903,0.0,0.0,0.0
2020-05-27 13:00:00,2811.042,100.0,0.00012480740575119854,0.0,699.9999922723188,0.0,0.0,Summer,156.169,0.0,0.0,0.0
2020-05-27 14:00:00,2776.698,100.0,7.727681193500757e-06,0.0,699.9999995215264,0.0,0.0,Summer,154.26099999999997,0.0,0.0,0.0
2020-05-27 15:00:00,2731.572,100.0,4.784736083820462e-07,0.0,699.9999999703743,0.0,0.0,Summer,151.75400000000002,0.0,0.0,0.0
2020-05-27 16:00:00,2451.006,100.0,2.9625603929162025e-08,0.0,699.9999999981657,0.0,0.0,Summer,136.167,0.0,0.0,0.0
2020-05-27 17:00:00,1611.81,100.0,1.8343562260270118e-09,0.0,699.9999999998864,0.0,0.0,Summer,89.545,0.0,0.0,0.0
2020-05-27 18:00:00,247.878,100.0,1.1362135410308838e-10,0.0,699.9999999999931,0.0,0.0,Summer,13.771,0.0,0.0,0.0
2020-05-27 19:00:00,0.0,100.0,0.0,106.60035817780522,593.3996418221878,0.0,0.0,Summer,0.0,15.228622596829316,0.0,0.0
2020-05-27 20:00:00,0.0,100.0,0.0,106.60035817780522,486.7992836443826,0.0,0.0,Summer,0.0,15.228622596829316,0.0,0.0
2020-05-27 21:00:00,0.0,100.0,0.0,106.60035817780522,380.1989254665774,0.0,0.0,Summer,0.0,15.228622596829316,0.0,0.0
2020-05-27 22:00:00,0.0,100.0,0.0,106.60035817780522,273.5985672887722,0.0,0.0,Summer,0.0,15.228622596829316,0.0,0.0
2020-05-27 23:00:00,0.0,100.0,0.0,106.60035817780522,166.998209110967,0.0,0.0,Summer,0.0,15.228622596829316,0.0,0.0
2020-05-28 00:00:00,0.0,100.0,0.0,106.60035817780522,60.397850933161784,0.0,0.0,Summer,0.0,15.228622596829316,0.0,0.0
2020-05-28 01:00:00,0.0,96.65820637527366,0.0,60.397850933161784,0.0,40.0,3.3417936247263427,Summer,0.0,8.628264419023111,100.0,3.3417936247263427
2020-05-28 02:00:00,0.0,40.0,0.0,0.0,0.0,40.0,60.0,Summer,0.0,0.0,100.0,60.0
2020-05-28 03:00:00,0.0,40.0,0.0,0.0,0.0,40.0,60.0,Summer,0.0,0.0,100.0,60.0
2020-05-28 04:00:00,0.0,40.0,0.0,0.0,0.0,40.0,60.0,Summer,0.0,0.0,100.0,60.0
2020-05-28 05:00:00,149.5584,100.0,49.558400000000006,0.0,46.4899000783267,0.0,0.0,Summer,8.308800000000002,0.0,0.0,0.0
2020-05-28 06:00:00,151.12439999999998,100.0,51.12439999999998,0.0,94.44883837263006,0.0,0.0,Summer,8.3958,0.0,0.0,0.0
2020-05-28 07:00:00,293.886,100.0,193.88600000000002,0.0,276.3300283744552,0.0,0.0,Summer,16.327,0.0,0.0,0.0
2020-05-28 08:00:00,321.462,100.0,200.0,0.0,463.9466587673924,0.0,0.0,Summer,17.858999999999998,0.0,0.0,0.0
2020-05-28 09:00:00,539.208,100.0,200.0,0.0,651.5632891603296,0.0,0.0,Summer,29.956,0.0,0.0,0.0
2020-05-28 10:00:00,479.844,100.0,48.43671083967038,0.0,697.0009515356097,0.0,0.0,Summer,26.657999999999998,0.0,0.0,0.0
2020-05-28 11:00:00,552.708,100.0,2.999048464390333,0.0,699.8143083719799,0.0,0.0,Summer,30.706,0.0,0.0,0.0
2020-05-28 12:00:00,564.966,100.0,0.18569162802014033,0.0,699.9885025596865,0.0,0.0,Summer,31.386999999999997,0.0,0.0,0.0
2020-05-28 13:00:00,530.118,100.0,0.011497440313571132,0.0,699.9992881147352,0.0,0.0,Summer,29.451000000000004,0.0,0.0,0.0
2020-05-28 14:00:00,681.48,100.0,0.0007118852647254243,0.0,699.9999559223082,0.0,0.0,Summer,37.86,0.0,0.0,0.0
2020-05-28 15:00:00,328.986,100.0,4.407769173849374e-05,0.0,699.9999972708482,0.0,0.0,Summer,18.276999999999997,0.0,0.0,0.0
2020-05-28 16:00:00,250.236,100.0,2.7291517471894623e-06,0.0,699.9999998310195,0.0,0.0,Summer,13.902000000000001,0.0,0.0,0.0
2020-05-28 17:00:00,93.1446,100.0,0.0,7.307880954521262,692.6921188764983,0.0,0.0,Summer,5.1747000000000005,1.0439829935030374,0.0,0.0
2020-05-28 18:00:00,28.7622,100.0,0.0,75.93974995798851,616.7523689185098,0.0,0.0,Summer,1.5979,10.848535708284073,0.0,0.0
2020-05-28 19:00:00,0.0,100.0,0.0,106.60035817780522,510.1520107407046,0.0,0.0,Summer,0.0,15.228622596829316,0.0,0.0
2020-05-28 20:00:00,0.0,100.0,0.0,106.60035817780522,403.5516525628994,0.0,0.0,Summer,0.0,15.228622596829316,0.0,0.0
2020-05-28 21:00:00,0.0,100.0,0.0,106.60035817780522,296.9512943850942,0.0,0.0,Summer,0.0,15.228622596829316,0.0,0.0
2020-05-28 22:00:00,0.0,100.0,0.0,106.60035817780522,190.35093620728898,0.0,0.0,Summer,0.0,15.228622596829316,0.0,0.0
2020-05-28 23:00:00,0.0,100.0,0.0,106.60035817780522,83.75057802948378,0.0,0.0,Summer,0.0,15.228622596829316,0.0,0.0
2020-05-29 00:00:00,0.0,100.0,0.0,83.75057802948378,0.0,21.434993783237488,0.0,Summer,0.0,11.964368289926254,53.58748445809371,0.0
2020-05-29 01:00:00,0.0,40.0,0.0,0.0,0.0,40.0,60.0,Summer,0.0,0.0,100.0,60.0
2020-05-29 02:00:00,0.0,40.0,0.0,0.0,0.0,40.0,60.0,Summer,0.0,0.0,100.0,60.0
2020-05-29 03:00:00,0.0,40.0,0.0,0.0,0.0,40.0,60.0,Summer,0.0,0.0,100.0,60.0
2020-05-29 04:00:00,0.0,40.0,0.0,0.0,0.0,40.0,60.0,Summer,0.0,0.0,100.0,60.0
2020-05-29 05:00:00,204.804,100.0,104.804,0.0,98.31486665850694,0.0,0.0,Summer,11.378,0.0,0.0,0.0
2020-05-29 06:00:00,207.45,100.0,107.44999999999999,0.0,199.11190133711244,0.0,0.0,Summer,11.524999999999999,0.0,0.0,0.0
2020-05-29 07:00:00,245.34,100.0,145.34,0.0,335.4529066436599,0.0,0.0,Summer,13.63,0.0,0.0,0.0
2020-05-29 08:00:00,444.906,100.0,200.0,0.0,523.0695370365971,0.0,0.0,Summer,24.717,0.0,0.0,0.0
2020-05-29 09:00:00,718.65,100.0,176.93046296340285,0.0,689.0450234118772,0.0,0.0,Summer,39.925,0.0,0.0,0.0
2020-05-29 10:00:00,886.662,100.0,10.95497658812278,0.0,699.3217023793628,0.0,0.0,Summer,49.259,0.0,0.0,0.0
2020-05-29 11:00:00,896.958,100.0,0.6782976206372259,0.0,699.9580019493003,0.0,0.0,Summer,49.830999999999996,0.0,0.0,0.0
2020-05-29 12:00:00,864.036,100.0,0.04199805069970898,0.0,699.997399613077,0.0,0.0,Summer,48.001999999999995,0.0,0.0,0.0
2020-05-29 13:00:00,752.094,100.0,0.0026003869229461996,0.0,699.9998389922381,0.0,0.0,Summer,41.783,0.0,0.0,0.0
2020-05-29 14:00:00,519.012,100.0,0.00016100776195526124,0.0,699.9999900309068,0.0,0.0,Summer,28.834,0.0,0.0,0.0
2020-05-29 15:00:00,384.606,100.0,9.969093138352036e-06,0.0,699.9999993827452,0.0,0.0,Summer,21.367,0.0,0.0,0.0
2020-05-29 16:00:00,209.754,100.0,6.172548746690154e-07,0.0,699.9999999617816,0.0,0.0,Summer,11.652999999999999,0.0,0.0,0.0
2020-05-29 17:00:00,83.0718,100.0,0.0,18.045521833055226,681.9544781287264,0.0,0.0,Summer,4.6151,2.577931690436461,0.0,0.0
2020-05-29 18:00:00,21.220200000000002,100.0,0.0,83.97954897175859,597.9749291569677,0.0,0.0,Summer,1.1789,11.99707842453694,0.0,0.0
2020-05-29 19:00:00,0.0,100.0,0.0,106.60035817780522,491.37457097916257,0.0,0.0,Summer,0.0,15.228622596829316,0.0,0.0
2020-05-29 20:00:00,0.0,100.0,0.0,106.60035817780522,384.7742128013574,0.0,0.0,Summer,0.0,15.228622596829316,0.0,0.0
2020-05-29 21:00:00,0.0,100.0,0.0,106.60035817780522,278.1738546235522,0.0,0.0,Summer,0.0,15.228622596829316,0.0,0.0
2020-05-29 22:00:00,0.0,100.0,0.0,106.60035817780522,171.57349644574697,0.0,0.0,Summer,0.0,15.228622596829316,0.0,0.0
2020-05-29 23:00:00,0.0,100.0,0.0,106.60035817780522,64.97313826794176,0.0,0.0,Summer,0.0,15.228622596829316,0.0,0.0
2020-05-30 00:00:00,0.0,100.0,0.0,64.97313826794176,-7.275957614183426e-15,39.04979366057184,0.0,Summer,0.0,9.281876895420252,97.62448415142958,0.0
2020-05-30 01:00:00,0.0,39.99999999999999,0.0,-7.275957614183426e-15,0.0,40.0,60.0,Summer,0.0,-1.039422516311918e-15,100.0,60.0
2020-05-30 02:00:00,0.0,40.0,0.0,0.0,0.0,40.0,60.0,Summer,0.0,0.0,100.0,60.0
2020-05-30 03:00:00,0.0,40.0,0.0,0.0,0.0,40.0,60.0,Summer,0.0,0.0,100.0,60.0
2020-05-30 04:00:00,0.0,40.0,0.0,0.0,0.0,40.0,60.0,Summer,0.0,0.0,100.0,60.0
2020-05-30 05:00:00,220.644,100.0,120.644,0.0,113.17410378562758,0.0,0.0,Summer,12.258000000000001,0.0,0.0,0.0
2020-05-30 06:00:00,1944.324,100.0,200.0,0.0,300.7907341785647,0.0,0.0,Summer,108.01800000000001,0.0,0.0,0.0
2020-05-30 07:00:00,2736.522,100.0,200.0,0.0,488.40736457150194,0.0,0.0,Summer,152.029,0.0,0.0,0.0
2020-05-30 08:00:00,2863.566,100.0,200.0,0.0,676.0239949644392,0.0,0.0,Summer,159.087,0.0,0.0,0.0
2020-05-30 09:00:00,2945.952,100.0,23.97600503556081,0.0,698.5154813397193,0.0,0.0,Summer,163.66400000000002,0.0,0.0,0.0
2020-05-30 10:00:00,2928.51,100.0,1.4845186602807372,0.0,699.9080832837058,0.0,0.0,Summer,162.69500000000002,0.0,0.0,0.0
2020-05-30 11:00:00,2897.226,100.0,0.09191671629424672,0.0,699.9943088066453,0.0,0.0,Summer,160.95700000000002,0.0,0.0,0.0
2020-05-30 12:00:00,2904.03,100.0,0.005691193354665302,0.0,699.9996476192459,0.0,0.0,Summer,161.335,0.0,0.0,0.0
2020-05-30 13:00:00,2889.162,100.0,0.00035238075407687577,0.0,699.9999781816944,0.0,0.0,Summer,160.509,0.0,0.0,0.0
2020-05-30 14:00:00,2862.36,100.0,2.1818305598571896e-05,0.0,699.9999986490792,0.0,0.0,Summer,159.02,0.0,0.0,0.0
2020-05-30 15:00:00,2771.568,100.0,1.350920763798058e-06,0.0,699.9999999163553,0.0,0.0,Summer,153.976,0.0,0.0,0.0
2020-05-30 16:00:00,2600.226,100.0,8.364475797861815e-08,0.0,699.999999994821,0.0,0.0,Summer,144.45700000000002,0.0,0.0,0.0
2020-05-30 17:00:00,2144.502,100.0,5.178968422114849e-09,0.0,699.9999999996794,0.0,0.0,Summer,119.139,0.0,0.0,0.0
2020-05-30 18:00:00,464.004,100.0,3.206077963113785e-10,0.0,699.9999999999801,0.0,0.0,Summer,25.778000000000002,0.0,0.0,0.0
2020-05-30 19:00:00,0.0,100.0,0.0,106.60035817780522,593.3996418221749,0.0,0.0,Summer,0.0,15.228622596829316,0.0,0.0
2020-05-30 20:00:00,0.0,100.0,0.0,106.60035817780522,486.79928364436967,0.0,0.0,Summer,0.0,15.228622596829316,0.0,0.0
2020-05-30 21:00:00,0.0,100.0,0.0,106.60035817780522,380.1989254665645,0.0,0.0,Summer,0.0,15.228622596829316,0.0,0.0
2020-05-30 22:00:00,0.0,100.0,0.0,106.60035817780522,273.5985672887593,0.0,0.0,Summer,0.0,15.228622596829316,0.0,0.0
2020-05-30 23:00:00,0.0,100.0,0.0,106.60035817780522,166.99820911095406,0.0,0.0,Summer,0.0,15.228622596829316,0.0,0.0
2020-05-31 00:00:00,0.0,100.0,0.0,106.60035817780522,60.39785093314886,0.0,0.0,Summer,0.0,15.228622596829316,0.0,0.0
2020-05-31 01:00:00,0.0,96.65820637526153,0.0,60.39785093314886,0.0,40.0,3.3417936247384716,Summer,0.0,8.628264419021265,100.0,3.341793624738472
2020-05-31 02:00:00,0.0,40.0,0.0,0.0,0.0,40.0,60.0,Summer,0.0,0.0,100.0,60.0
2020-05-31 03:00:00,0.0,40.0,0.0,0.0,0.0,40.0,60.0,Summer,0.0,0.0,100.0,60.0
2020-05-31 04:00:00,23.900399999999998,63.9004,0.0,0.0,0.0,40.0,36.09960000000001,Summer,1.3277999999999999,0.0,100.0,36.09960000000001
2020-05-31 05:00:00,869.058,100.0,200.0,0.0,187.6166303929372,0.0,0.0,Summer,48.281,0.0,0.0,0.0
2020-05-31 06:00:00,2123.316,100.0,200.0,0.0,375.2332607858744,0.0,0.0,Summer,117.96199999999999,0.0,0.0,0.0
2020-05-31 07:00:00,2659.338,100.0,200.0,0.0,562.8498911788115,0.0,0.0,Summer,147.741,0.0,0.0,0.0
2020-05-31 08:00:00,2813.292,100.0,137.15010882118844,0.0,691.5080975540917,0.0,0.0,Summer,156.294,0.0,0.0,0.0
2020-05-31 09:00:00,2852.982,100.0,8.491902445908286,0.0,699.4742081667259,0.0,0.0,Summer,158.499,0.0,0.0,0.0
2020-05-31 10:00:00,2833.416,100.0,0.5257918332740664,0.0,699.9674446269609,0.0,0.0,Summer,157.412,0.0,0.0,0.0
2020-05-31 11:00:00,2793.474,100.0,0.03255537303909659,0.0,699.9979842739149,0.0,0.0,Summer,155.193,0.0,0.0,0.0
2020-05-31 12:00:00,2801.088,100.0,0.0020157260851701724,0.0,699.9998751925942,0.0,0.0,Summer,155.616,0.0,0.0,0.0
2020-05-31 13:00:00,2555.442,100.0,0.00012480740575119854,0.0,699.9999922723188,0.0,0.0,Summer,141.969,0.0,0.0,0.0
2020-05-31 14:00:00,2024.82,100.0,7.727681193500757e-06,0.0,699.9999995215264,0.0,0.0,Summer,112.49,0.0,0.0,0.0
2020-05-31 15:00:00,2747.772,100.0,4.784736083820462e-07,0.0,699.9999999703743,0.0,0.0,Summer,152.654,0.0,0.0,0.0
2020-05-31 16:00:00,2570.976,100.0,2.9625603929162025e-08,0.0,699.9999999981657,0.0,0.0,Summer,142.832,0.0,0.0,0.0
2020-05-31 17:00:00,1964.394,100.0,1.8343562260270118e-09,0.0,699.9999999998864,0.0,0.0,Summer,109.133,0.0,0.0,0.0
2020-05-31 18:00:00,450.99,100.0,1.1362135410308838e-10,0.0,699.9999999999931,0.0,0.0,Summer,25.055,0.0,0.0,0.0
2020-05-31 19:00:00,0.0,100.0,0.0,106.60035817780522,593.3996418221878,0.0,0.0,Summer,0.0,15.228622596829316,0.0,0.0
2020-05-31 20:00:00,0.0,100.0,0.0,106.60035817780522,486.7992836443826,0.0,0.0,Summer,0.0,15.228622596829316,0.0,0.0
2020-05-31 21:00:00,0.0,100.0,0.0,106.60035817780522,380.1989254665774,0.0,0.0,Summer,0.0,15.228622596829316,0.0,0.0
2020-05-31 22:00:00,0.0,100.0,0.0,106.60035817780522,273.5985672887722,0.0,0.0,Summer,0.0,15.228622596829316,0.0,0.0
2020-05-31 23:00:00,0.0,100.0,0.0,106.60035817780522,166.998209110967,0.0,0.0,Summer,0.0,15.228622596829316,0.0,0.0
2020-06-01 00:00:00,0.0,100.0,0.0,106.60035817780522,60.397850933161784,0.0,0.0,Summer,0.0,15.228622596829316,0.0,0.0
2020-06-01 01:00:00,0.0,96.65820637527366,0.0,60.397850933161784,0.0,40.0,3.3417936247263427,Summer,0.0,8.628264419023111,100.0,3.3417936247263427
2020-06-01 02:00:00,0.0,40.0,0.0,0.0,0.0,40.0,60.0,Summer,0.0,0.0,100.0,60.0
2020-06-01 03:00:00,0.0,40.0,0.0,0.0,0.0,40.0,60.0,Summer,0.0,0.0,100.0,60.0
2020-06-01 04:00:00,16.102800000000002,56.1028,0.0,0.0,0.0,40.0,43.8972,Summer,0.8946000000000001,0.0,100.0,43.8972
2020-06-01 05:00:00,975.834,100.0,200.0,0.0,187.6166303929372,0.0,0.0,Summer,54.213,0.0,0.0,0.0
2020-06-01 06:00:00,2315.952,100.0,200.0,0.0,375.2332607858744,0.0,0.0,Summer,128.66400000000002,0.0,0.0,0.0
2020-06-01 07:00:00,2723.472,100.0,200.0,0.0,562.8498911788115,0.0,0.0,Summer,151.30400000000003,0.0,0.0,0.0
2020-06-01 08:00:00,2836.818,100.0,137.15010882118844,0.0,691.5080975540917,0.0,0.0,Summer,157.601,0.0,0.0,0.0
2020-06-01 09:00:00,2871.018,100.0,8.491902445908286,0.0,699.4742081667259,0.0,0.0,Summer,159.501,0.0,0.0,0.0
2020-06-01 10:00:00,2861.622,100.0,0.5257918332740664,0.0,699.9674446269609,0.0,0.0,Summer,158.97899999999998,0.0,0.0,0.0
2020-06-01 11:00:00,2822.274,100.0,0.03255537303909659,0.0,699.9979842739149,0.0,0.0,Summer,156.793,0.0,0.0,0.0
2020-06-01 12:00:00,2807.982,100.0,0.0020157260851701724,0.0,699.9998751925942,0.0,0.0,Summer,155.999,0.0,0.0,0.0
2020-06-01 13:00:00,2796.966,100.0,0.00012480740575119854,0.0,699.9999922723188,0.0,0.0,Summer,155.387,0.0,0.0,0.0
2020-06-01 14:00:00,2781.72,100.0,7.727681193500757e-06,0.0,699.9999995215264,0.0,0.0,Summer,154.54,0.0,0.0,0.0
2020-06-01 15:00:00,2403.504,100.0,4.784736083820462e-07,0.0,699.9999999703743,0.0,0.0,Summer,133.528,0.0,0.0,0.0
2020-06-01 16:00:00,2150.19,100.0,2.9625603929162025e-08,0.0,699.9999999981657,0.0,0.0,Summer,119.455,0.0,0.0,0.0
2020-06-01 17:00:00,1819.494,100.0,1.8343562260270118e-09,0.0,699.9999999998864,0.0,0.0,Summer,101.08299999999998,0.0,0.0,0.0
2020-06-01 18:00:00,565.848,100.0,1.1362135410308838e-10,0.0,699.9999999999931,0.0,0.0,Summer,31.435999999999996,0.0,0.0,0.0
2020-06-01 19:00:00,0.0,100.0,0.0,106.60035817780522,593.3996418221878,0.0,0.0,Summer,0.0,15.228622596829316,0.0,0.0
2020-06-01 20:00:00,0.0,100.0,0.0,106.60035817780522,486.7992836443826,0.0,0.0,Summer,0.0,15.228622596829316,0.0,0.0
2020-06-01 21:00:00,0.0,100.0,0.0,106.60035817780522,380.1989254665774,0.0,0.0,Summer,0.0,15.228622596829316,0.0,0.0
2020-06-01 22:00:00,0.0,100.0,0.0,106.60035817780522,273.5985672887722,0.0,0.0,Summer,0.0,15.228622596829316,0.0,0.0
2020-06-01 23:00:00,0.0,100.0,0.0,106.60035817780522,166.998209110967,0.0,0.0,Summer,0.0,15.228622596829316,0.0,0.0
2020-06-02 00:00:00,0.0,100.0,0.0,106.60035817780522,60.397850933161784,0.0,0.0,Summer,0.0,15.228622596829316,0.0,0.0
2020-06-02 01:00:00,0.0,96.65820637527366,0.0,60.397850933161784,0.0,40.0,3.3417936247263427,Summer,0.0,8.628264419023111,100.0,3.3417936247263427
2020-06-02 02:00:00,0.0,40.0,0.0,0.0,0.0,40.0,60.0,Summer,0.0,0.0,100.0,60.0
2020-06-02 03:00:00,0.0,40.0,0.0,0.0,0.0,40.0,60.0,Summer,0.0,0.0,100.0,60.0
2020-06-02 04:00:00,21.141,61.141,0.0,0.0,0.0,40.0,38.85900000000001,Summer,1.1744999999999999,0.0,100.0,38.85900000000001
2020-06-02 05:00:00,1010.862,100.0,200.0,0.0,187.6166303929372,0.0,0.0,Summer,56.159000000000006,0.0,0.0,0.0
2020-06-02 06:00:00,2326.518,100.0,200.0,0.0,375.2332607858744,0.0,0.0,Summer,129.251,0.0,0.0,0.0
2020-06-02 07:00:00,2683.89,100.0,200.0,0.0,562.8498911788115,0.0,0.0,Summer,149.105,0.0,0.0,0.0
2020-06-02 08:00:00,2823.21,100.0,137.15010882118844,0.0,691.5080975540917,0.0,0.0,Summer,156.845,0.0,0.0,0.0
2020-06-02 09:00:00,2828.484,100.0,8.491902445908286,0.0,699.4742081667259,0.0,0.0,Summer,157.138,0.0,0.0,0.0
2020-06-02 10:00:00,2647.548,100.0,0.5257918332740664,0.0,699.9674446269609,0.0,0.0,Summer,147.08599999999998,0.0,0.0,0.0
2020-06-02 11:00:00,2734.92,100.0,0.03255537303909659,0.0,699.9979842739149,0.0,0.0,Summer,151.94,0.0,0.0,0.0
2020-06-02 12:00:00,2518.074,100.0,0.0020157260851701724,0.0,699.9998751925942,0.0,0.0,Summer,139.893,0.0,0.0,0.0
2020-06-02 13:00:00,2715.714,100.0,0.00012480740575119854,0.0,699.9999922723188,0.0,0.0,Summer,150.873,0.0,0.0,0.0
2020-06-02 14:00:00,2718.594,100.0,7.727681193500757e-06,0.0,699.9999995215264,0.0,0.0,Summer,151.033,0.0,0.0,0.0
2020-06-02 15:00:00,2662.398,100.0,4.784736083820462e-07,0.0,699.9999999703743,0.0,0.0,Summer,147.911,0.0,0.0,0.0
2020-06-02 16:00:00,2520.036,100.0,2.9625603929162025e-08,0.0,699.9999999981657,0.0,0.0,Summer,140.002,0.0,0.0,0.0
2020-06-02 17:00:00,2020.734,100.0,1.8343562260270118e-09,0.0,699.9999999998864,0.0,0.0,Summer,112.263,0.0,0.0,0.0
2020-06-02 18:00:00,502.884,100.0,1.1362135410308838e-10,0.0,699.9999999999931,0.0,0.0,Summer,27.938000000000002,0.0,0.0,0.0
2020-06-02 19:00:00,0.0,100.0,0.0,106.60035817780522,593.3996418221878,0.0,0.0,Summer,0.0,15.228622596829316,0.0,0.0
2020-06-02 20:00:00,0.0,100.0,0.0,106.60035817780522,486.7992836443826,0.0,0.0,Summer,0.0,15.228622596829316,0.0,0.0
2020-06-02 21:00:00,0.0,100.0,0.0,106.60035817780522,380.1989254665774,0.0,0.0,Summer,0.0,15.228622596829316,0.0,0.0
2020-06-02 22:00:00,0.0,100.0,0.0,106.60035817780522,273.5985672887722,0.0,0.0,Summer,0.0,15.228622596829316,0.0,0.0
2020-06-02 23:00:00,0.0,100.0,0.0,106.60035817780522,166.998209110967,0.0,0.0,Summer,0.0,15.228622596829316,0.0,0.0
2020-06-03 00:00:00,0.0,100.0,0.0,106.60035817780522,60.397850933161784,0.0,0.0,Summer,0.0,15.228622596829316,0.0,0.0
2020-06-03 01:00:00,0.0,96.65820637527366,0.0,60.397850933161784,0.0,40.0,3.3417936247263427,Summer,0.0,8.628264419023111,100.0,3.3417936247263427
2020-06-03 02:00:00,0.0,40.0,0.0,0.0,0.0,40.0,60.0,Summer,0.0,0.0,100.0,60.0
2020-06-03 03:00:00,0.0,40.0,0.0,0.0,0.0,40.0,60.0,Summer,0.0,0.0,100.0,60.0
2020-06-03 04:00:00,0.0,40.0,0.0,0.0,0.0,40.0,60.0,Summer,0.0,0.0,100.0,60.0
2020-06-03 05:00:00,561.888,100.0,200.0,0.0,187.6166303929372,0.0,0.0,Summer,31.216,0.0,0.0,0.0
2020-06-03 06:00:00,511.866,100.0,200.0,0.0,375.2332607858744,0.0,0.0,Summer,28.437,0.0,0.0,0.0
2020-06-03 07:00:00,604.098,100.0,200.0,0.0,562.8498911788115,0.0,0.0,Summer,33.56099999999999,0.0,0.0,0.0
2020-06-03 08:00:00,2211.228,100.0,137.15010882118844,0.0,691.5080975540917,0.0,0.0,Summer,122.846,0.0,0.0,0.0
2020-06-03 09:00:00,2863.062,100.0,8.491902445908286,0.0,699.4742081667259,0.0,0.0,Summer,159.059,0.0,0.0,0.0
2020-06-03 10:00:00,2850.588,100.0,0.5257918332740664,0.0,699.9674446269609,0.0,0.0,Summer,158.366,0.0,0.0,0.0
2020-06-03 11:00:00,2813.76,100.0,0.03255537303909659,0.0,699.9979842739149,0.0,0.0,Summer,156.32000000000002,0.0,0.0,0.0
2020-06-03 12:00:00,2795.958,100.0,0.0020157260851701724,0.0,699.9998751925942,0.0,0.0,Summer,155.331,0.0,0.0,0.0
2020-06-03 13:00:00,2788.776,100.0,0.00012480740575119854,0.0,699.9999922723188,0.0,0.0,Summer,154.932,0.0,0.0,0.0
2020-06-03 14:00:00,1846.692,100.0,7.727681193500757e-06,0.0,699.9999995215264,0.0,0.0,Summer,102.59400000000001,0.0,0.0,0.0
2020-06-03 15:00:00,843.57,100.0,4.784736083820462e-07,0.0,699.9999999703743,0.0,0.0,Summer,46.865,0.0,0.0,0.0
2020-06-03 16:00:00,233.568,100.0,2.9625603929162025e-08,0.0,699.9999999981657,0.0,0.0,Summer,12.976,0.0,0.0,0.0
2020-06-03 17:00:00,182.448,100.0,1.8343562260270118e-09,0.0,699.9999999998864,0.0,0.0,Summer,10.136000000000001,0.0,0.0,0.0
2020-06-03 18:00:00,41.70420000000001,100.0,0.0,62.14353160261696,637.8564683972694,0.0,0.0,Summer,2.3169000000000004,8.877647371802423,0.0,0.0
2020-06-03 19:00:00,0.0,100.0,0.0,106.60035817780522,531.2561102194642,0.0,0.0,Summer,0.0,15.228622596829316,0.0,0.0
2020-06-03 20:00:00,0.0,100.0,0.0,106.60035817780522,424.65575204165896,0.0,0.0,Summer,0.0,15.228622596829316,0.0,0.0
2020-06-03 21:00:00,0.0,100.0,0.0,106.60035817780522,318.05539386385374,0.0,0.0,Summer,0.0,15.228622596829316,0.0,0.0
2020-06-03 22:00:00,0.0,100.0,0.0,106.60035817780522,211.45503568604857,0.0,0.0,Summer,0.0,15.228622596829316,0.0,0.0
2020-06-03 23:00:00,0.0,100.0,0.0,106.60035817780522,104.85467750824334,0.0,0.0,Summer,0.0,15.228622596829316,0.0,0.0
2020-06-04 00:00:00,0.0,100.0,0.0,104.85467750824334,0.0,1.6375936248264225,0.0,Summer,0.0,14.979239644034765,4.093984062066056,0.0
2020-06-04 01:00:00,0.0,40.0,0.0,0.0,0.0,40.0,60.0,Summer,0.0,0.0,100.0,60.0
2020-06-04 02:00:00,0.0,40.0,0.0,0.0,0.0,40.0,60.0,Summer,0.0,0.0,100.0,60.0
2020-06-04 03:00:00,0.0,40.0,0.0,0.0,0.0,40.0,60.0,Summer,0.0,0.0,100.0,60.0
2020-06-04 04:00:00,18.6804,58.6804,0.0,0.0,0.0,40.0,41.31960000000001,Summer,1.0378,0.0,100.0,41.31960000000001
2020-06-04 05:00:00,260.478,100.0,160.478,0.0,150.54170806098887,0.0,0.0,Summer,14.471,0.0,0.0,0.0
2020-06-04 06:00:00,1549.062,100.0,200.0,0.0,338.15833845392604,0.0,0.0,Summer,86.059,0.0,0.0,0.0
2020-06-04 07:00:00,2645.1,100.0,200.0,0.0,525.7749688468632,0.0,0.0,Summer,146.95,0.0,0.0,0.0
2020-06-04 08:00:00,2822.094,100.0,174.22503115313674,0.0,689.2125352221434,0.0,0.0,Summer,156.78300000000002,0.0,0.0,0.0
2020-06-04 09:00:00,2863.062,100.0,10.7874647778566,0.0,699.3320741826631,0.0,0.0,Summer,159.059,0.0,0.0,0.0
2020-06-04 10:00:00,2859.228,100.0,0.6679258173368872,0.0,699.9586441386691,0.0,0.0,Summer,158.846,0.0,0.0,0.0
2020-06-04 11:00:00,2831.382,100.0,0.04135586133087054,0.0,699.9974393754186,0.0,0.0,Summer,157.299,0.0,0.0,0.0
2020-06-04 12:00:00,2824.938,100.0,0.002560624581412412,0.0,699.9998414541969,0.0,0.0,Summer,156.941,0.0,0.0,0.0
2020-06-04 13:00:00,2633.508,100.0,0.00015854580304585397,0.0,699.9999901833437,0.0,0.0,Summer,146.30599999999998,0.0,0.0,0.0
2020-06-04 14:00:00,2614.572,100.0,9.816656354814768e-06,0.0,699.9999993921837,0.0,0.0,Summer,145.25400000000002,0.0,0.0,0.0
2020-06-04 15:00:00,1213.776,100.0,6.078163860365748e-07,0.0,699.9999999623659,0.0,0.0,Summer,67.432,0.0,0.0,0.0
2020-06-04 16:00:00,284.112,100.0,3.7634046748280525e-08,0.0,699.9999999976699,0.0,0.0,Summer,15.784,0.0,0.0,0.0
2020-06-04 17:00:00,212.904,100.0,2.330169081687927e-09,0.0,699.9999999998557,0.0,0.0,Summer,11.828,0.0,0.0,0.0
2020-06-04 18:00:00,478.71,100.0,1.4423858374357225e-10,0.0,699.999999999991,0.0,0.0,Summer,26.594999999999995,0.0,0.0,0.0
2020-06-04 19:00:00,0.0,100.0,0.0,106.60035817780522,593.3996418221858,0.0,0.0,Summer,0.0,15.228622596829316,0.0,0.0
2020-06-04 20:00:00,0.0,100.0,0.0,106.60035817780522,486.79928364438064,0.0,0.0,Summer,0.0,15.228622596829316,0.0,0.0
2020-06-04 21:00:00,0.0,100.0,0.0,106.60035817780522,380.1989254665754,0.0,0.0,Summer,0.0,15.228622596829316,0.0,0.0
2020-06-04 22:00:00,0.0,100.0,0.0,106.60035817780522,273.5985672887702,0.0,0.0,Summer,0.0,15.228622596829316,0.0,0.0
2020-06-04 23:00:00,0.0,100.0,0.0,106.60035817780522,166.998209110965,0.0,0.0,Summer,0.0,15.228622596829316,0.0,0.0
2020-06-05 00:00:00,0.0,100.0,0.0,106.60035817780522,60.3978509331598,0.0,0.0,Summer,0.0,15.228622596829316,0.0,0.0
2020-06-05 01:00:00,0.0,96.65820637527179,0.0,60.3978509331598,0.0,40.0,3.3417936247282043,Summer,0.0,8.628264419022829,100.0,3.3417936247282043
2020-06-05 02:00:00,0.0,40.0,0.0,0.0,0.0,40.0,60.0,Summer,0.0,0.0,100.0,60.0
2020-06-05 03:00:00,0.0,40.0,0.0,0.0,0.0,40.0,60.0,Summer,0.0,0.0,100.0,60.0
2020-06-05 04:00:00,18.5508,58.550799999999995,0.0,0.0,0.0,40.0,41.449200000000005,Summer,1.0306,0.0,100.0,41.449200000000005
2020-06-05 05:00:00,901.818,100.0,200.0,0.0,187.6166303929372,0.0,0.0,Summer,50.101,0.0,0.0,0.0
2020-06-05 06:00:00,2245.446,100.0,200.0,0.0,375.2332607858744,0.0,0.0,Summer,124.74699999999999,0.0,0.0,0.0
2020-06-05 07:00:00,2651.202,100.0,200.0,0.0,562.8498911788115,0.0,0.0,Summer,147.28900000000002,0.0,0.0,0.0
2020-06-05 08:00:00,2784.438,100.0,137.15010882118844,0.0,691.5080975540917,0.0,0.0,Summer,154.691,0.0,0.0,0.0
2020-06-05 09:00:00,2813.796,100.0,8.491902445908286,0.0,699.4742081667259,0.0,0.0,Summer,156.32199999999997,0.0,0.0,0.0
2020-06-05 10:00:00,2771.064,100.0,0.5257918332740664,0.0,699.9674446269609,0.0,0.0,Summer,153.948,0.0,0.0,0.0
2020-06-05 11:00:00,2724.102,100.0,0.03255537303909659,0.0,699.9979842739149,0.0,0.0,Summer,151.339,0.0,0.0,0.0
2020-06-05 12:00:00,2553.282,100.0,0.0020157260851701724,0.0,699.9998751925942,0.0,0.0,Summer,141.849,0.0,0.0,0.0
2020-06-05 13:00:00,1123.632,100.0,0.00012480740575119854,0.0,699.9999922723188,0.0,0.0,Summer,62.424,0.0,0.0,0.0
2020-06-05 14:00:00,554.616,100.0,7.727681193500757e-06,0.0,699.9999995215264,0.0,0.0,Summer,30.812,0.0,0.0,0.0
2020-06-05 15:00:00,2323.368,100.0,4.784736083820462e-07,0.0,699.9999999703743,0.0,0.0,Summer,129.076,0.0,0.0,0.0
2020-06-05 16:00:00,2270.466,100.0,2.9625603929162025e-08,0.0,699.9999999981657,0.0,0.0,Summer,126.13699999999999,0.0,0.0,0.0
2020-06-05 17:00:00,594.18,100.0,1.8343562260270118e-09,0.0,699.9999999998864,0.0,0.0,Summer,33.01,0.0,0.0,0.0
2020-06-05 18:00:00,39.4578,100.0,0.0,64.53820204872319,635.4617979511631,0.0,0.0,Summer,2.1921,9.219743149817598,0.0,0.0
2020-06-05 19:00:00,0.0,100.0,0.0,106.60035817780522,528.8614397733579,0.0,0.0,Summer,0.0,15.228622596829316,0.0,0.0
2020-06-05 20:00:00,0.0,100.0,0.0,106.60035817780522,422.26108159555275,0.0,0.0,Summer,0.0,15.228622596829316,0.0,0.0
2020-06-05 21:00:00,0.0,100.0,0.0,106.60035817780522,315.66072341774753,0.0,0.0,Summer,0.0,15.228622596829316,0.0,0.0
2020-06-05 22:00:00,0.0,100.0,0.0,106.60035817780522,209.06036523994234,0.0,0.0,Summer,0.0,15.228622596829316,0.0,0.0
2020-06-05 23:00:00,0.0,100.0,0.0,106.60035817780522,102.46000706213711,0.0,0.0,Summer,0.0,15.228622596829316,0.0,0.0
2020-06-06 00:00:00,0.0,100.0,0.0,102.46000706213711,0.0,3.883993624826445,0.0,Summer,0.0,14.637143866019587,9.709984062066113,0.0
2020-06-06 01:00:00,0.0,40.0,0.0,0.0,0.0,40.0,60.0,Summer,0.0,0.0,100.0,60.0
2020-06-06 02:00:00,0.0,40.0,0.0,0.0,0.0,40.0,60.0,Summer,0.0,0.0,100.0,60.0
2020-06-06 03:00:00,0.0,40.0,0.0,0.0,0.0,40.0,60.0,Summer,0.0,0.0,100.0,60.0
2020-06-06 04:00:00,0.0,40.0,0.0,0.0,0.0,40.0,60.0,Summer,0.0,0.0,100.0,60.0
2020-06-06 05:00:00,138.51719999999997,100.0,38.517199999999974,0.0,36.13233638085418,0.0,0.0,Summer,7.6953999999999985,0.0,0.0,0.0
2020-06-06 06:00:00,245.772,100.0,145.772,0.0,172.87859360905037,0.0,0.0,Summer,13.654,0.0,0.0,0.0
2020-06-06 07:00:00,410.814,100.0,200.0,0.0,360.4952240019876,0.0,0.0,Summer,22.823,0.0,0.0,0.0
2020-06-06 08:00:00,718.938,100.0,200.0,0.0,548.1118543949249,0.0,0.0,Summer,39.940999999999995,0.0,0.0,0.0
2020-06-06 09:00:00,1075.608,100.0,151.88814560507518,0.0,690.595564770205,0.0,0.0,Summer,59.756,0.0,0.0,0.0
2020-06-06 10:00:00,2178.738,100.0,9.404435229795054,0.0,699.4177070130188,0.0,0.0,Summer,121.041,0.0,0.0,0.0
2020-06-06 11:00:00,1552.176,100.0,0.5822929869812214,0.0,699.9639462536131,0.0,0.0,Summer,86.232,0.0,0.0,0.0
2020-06-06 12:00:00,1319.202,100.0,0.03605374638689682,0.0,699.9977676656639,0.0,0.0,Summer,73.289,0.0,0.0,0.0
2020-06-06 13:00:00,1030.014,100.0,0.002232334336149506,0.0,699.9998617808941,0.0,0.0,Summer,57.22299999999999,0.0,0.0,0.0
2020-06-06 14:00:00,646.632,100.0,0.00013821910589467733,0.0,699.9999914419086,0.0,0.0,Summer,35.92399999999999,0.0,0.0,0.0
2020-06-06 15:00:00,471.366,100.0,8.558091358281673e-06,0.0,699.99999947011,0.0,0.0,Summer,26.186999999999998,0.0,0.0,0.0
2020-06-06 16:00:00,483.192,100.0,5.298900650814175e-07,0.0,699.9999999671909,0.0,0.0,Summer,26.844,0.0,0.0,0.0
2020-06-06 17:00:00,354.51,100.0,3.280909731984138e-08,0.0,699.9999999979685,0.0,0.0,Summer,19.695,0.0,0.0,0.0
2020-06-06 18:00:00,77.6538,100.0,0.0,23.821129239128705,676.1788707588399,0.0,0.0,Summer,4.3141,3.4030184627326725,0.0,0.0
2020-06-06 19:00:00,0.0,100.0,0.0,106.60035817780522,569.5785125810347,0.0,0.0,Summer,0.0,15.228622596829316,0.0,0.0
2020-06-06 20:00:00,0.0,100.0,0.0,106.60035817780522,462.9781544032295,0.0,0.0,Summer,0.0,15.228622596829316,0.0,0.0
2020-06-06 21:00:00,0.0,100.0,0.0,106.60035817780522,356.3777962254243,0.0,0.0,Summer,0.0,15.228622596829316,0.0,0.0
2020-06-06 22:00:00,0.0,100.0,0.0,106.60035817780522,249.77743804761906,0.0,0.0,Summer,0.0,15.228622596829316,0.0,0.0
2020-06-06 23:00:00,0.0,100.0,0.0,106.60035817780522,143.17707986981387,0.0,0.0,Summer,0.0,15.228622596829316,0.0,0.0
2020-06-07 00:00:00,0.0,100.0,0.0,106.60035817780522,36.57672169200865,0.0,0.0,Summer,0.0,15.228622596829316,0.0,0.0
2020-06-07 01:00:00,0.0,74.31200637337457,0.0,36.57672169200865,0.0,40.0,25.687993626625428,Summer,0.0,5.225245956001235,100.0,25.687993626625428
2020-06-07 02:00:00,0.0,40.0,0.0,0.0,0.0,40.0,60.0,Summer,0.0,0.0,100.0,60.0
2020-06-07 03:00:00,0.0,40.0,0.0,0.0,0.0,40.0,60.0,Summer,0.0,0.0,100.0,60.0
2020-06-07 04:00:00,0.0,40.0,0.0,0.0,0.0,40.0,60.0,Summer,0.0,0.0,100.0,60.0
2020-06-07 05:00:00,393.822,100.0,200.0,0.0,187.6166303929372,0.0,0.0,Summer,21.879,0.0,0.0,0.0
2020-06-07 06:00:00,321.444,100.0,200.0,0.0,375.2332607858744,0.0,0.0,Summer,17.858,0.0,0.0,0.0
2020-06-07 07:00:00,702.864,100.0,200.0,0.0,562.8498911788115,0.0,0.0,Summer,39.048,0.0,0.0,0.0
2020-06-07 08:00:00,1570.356,100.0,137.15010882118844,0.0,691.5080975540917,0.0,0.0,Summer,87.24199999999999,0.0,0.0,0.0
2020-06-07 09:00:00,2627.658,100.0,8.491902445908286,0.0,699.4742081667259,0.0,0.0,Summer,145.981,0.0,0.0,0.0
2020-06-07 10:00:00,1405.71,100.0,0.5257918332740664,0.0,699.9674446269609,0.0,0.0,Summer,78.095,0.0,0.0,0.0
2020-06-07 11:00:00,1015.758,100.0,0.03255537303909659,0.0,699.9979842739149,0.0,0.0,Summer,56.431,0.0,0.0,0.0
2020-06-07 12:00:00,503.388,100.0,0.0020157260851701724,0.0,699.9998751925942,0.0,0.0,Summer,27.965999999999998,0.0,0.0,0.0
2020-06-07 13:00:00,411.192,100.0,0.00012480740575119854,0.0,699.9999922723188,0.0,0.0,Summer,22.844,0.0,0.0,0.0
2020-06-07 14:00:00,347.598,100.0,7.727681193500757e-06,0.0,699.9999995215264,0.0,0.0,Summer,19.311,0.0,0.0,0.0
2020-06-07 15:00:00,265.644,100.0,4.784736083820462e-07,0.0,699.9999999703743,0.0,0.0,Summer,14.758000000000001,0.0,0.0,0.0
2020-06-07 16:00:00,184.374,100.0,2.9625603929162025e-08,0.0,699.9999999981657,0.0,0.0,Summer,10.242999999999999,0.0,0.0,0.0
2020-06-07 17:00:00,98.80740000000002,100.0,0.0,1.2713158716284885,698.7286841265371,0.0,0.0,Summer,5.489300000000001,0.18161655308978406,0.0,0.0
2020-06-07 18:00:00,35.5896,100.0,0.0,68.66171710375706,630.0669670227801,0.0,0.0,Summer,1.9771999999999998,9.808816729108152,0.0,0.0
2020-06-07 19:00:00,0.0,100.0,0.0,106.60035817780522,523.4666088449749,0.0,0.0,Summer,0.0,15.228622596829316,0.0,0.0
2020-06-07 20:00:00,0.0,100.0,0.0,106.60035817780522,416.8662506671697,0.0,0.0,Summer,0.0,15.228622596829316,0.0,0.0
2020-06-07 21:00:00,0.0,100.0,0.0,106.60035817780522,310.2658924893645,0.0,0.0,Summer,0.0,15.228622596829316,0.0,0.0
2020-06-07 22:00:00,0.0,100.0,0.0,106.60035817780522,203.66553431155927,0.0,0.0,Summer,0.0,15.228622596829316,0.0,0.0
2020-06-07 23:00:00,0.0,100.0,0.0,106.60035817780522,97.06517613375406,0.0,0.0,Summer,0.0,15.228622596829316,0.0,0.0
2020-06-08 00:00:00,0.0,100.0,0.0,97.06517613375406,0.0,8.944793626440571,0.0,Summer,0.0,13.866453733393438,22.361984066101428,0.0
2020-06-08 01:00:00,0.0,40.0,0.0,0.0,0.0,40.0,60.0,Summer,0.0,0.0,100.0,60.0
2020-06-08 02:00:00,0.0,40.0,0.0,0.0,0.0,40.0,60.0,Summer,0.0,0.0,100.0,60.0
2020-06-08 03:00:00,0.0,40.0,0.0,0.0,0.0,40.0,60.0,Summer,0.0,0.0,100.0,60.0
2020-06-08 04:00:00,27.09,67.09,0.0,0.0,0.0,40.0,32.91,Summer,1.505,0.0,100.0,32.91
2020-06-08 05:00:00,1003.59,100.0,200.0,0.0,187.6166303929372,0.0,0.0,Summer,55.754999999999995,0.0,0.0,0.0
2020-06-08 06:00:00,2369.07,100.0,200.0,0.0,375.2332607858744,0.0,0.0,Summer,131.615,0.0,0.0,0.0
2020-06-08 07:00:00,2746.404,100.0,200.0,0.0,562.8498911788115,0.0,0.0,Summer,152.578,0.0,0.0,0.0
2020-06-08 08:00:00,2882.034,100.0,137.15010882118844,0.0,691.5080975540917,0.0,0.0,Summer,160.11300000000003,0.0,0.0,0.0
2020-06-08 09:00:00,2912.742,100.0,8.491902445908286,0.0,699.4742081667259,0.0,0.0,Summer,161.819,0.0,0.0,0.0
2020-06-08 10:00:00,2916.504,100.0,0.5257918332740664,0.0,699.9674446269609,0.0,0.0,Summer,162.028,0.0,0.0,0.0
2020-06-08 11:00:00,2885.094,100.0,0.03255537303909659,0.0,699.9979842739149,0.0,0.0,Summer,160.283,0.0,0.0,0.0
2020-06-08 12:00:00,2886.462,100.0,0.0020157260851701724,0.0,699.9998751925942,0.0,0.0,Summer,160.359,0.0,0.0,0.0
2020-06-08 13:00:00,2878.848,100.0,0.00012480740575119854,0.0,699.9999922723188,0.0,0.0,Summer,159.93599999999998,0.0,0.0,0.0
2020-06-08 14:00:00,2860.434,100.0,7.727681193500757e-06,0.0,699.9999995215264,0.0,0.0,Summer,158.913,0.0,0.0,0.0
2020-06-08 15:00:00,2791.71,100.0,4.784736083820462e-07,0.0,699.9999999703743,0.0,0.0,Summer,155.095,0.0,0.0,0.0
2020-06-08 16:00:00,2620.98,100.0,2.9625603929162025e-08,0.0,699.9999999981657,0.0,0.0,Summer,145.60999999999999,0.0,0.0,0.0
2020-06-08 17:00:00,2062.35,100.0,1.8343562260270118e-09,0.0,699.9999999998864,0.0,0.0,Summer,114.575,0.0,0.0,0.0
2020-06-08 18:00:00,561.024,100.0,1.1362135410308838e-10,0.0,699.9999999999931,0.0,0.0,Summer,31.168000000000003,0.0,0.0,0.0
2020-06-08 19:00:00,0.0,100.0,0.0,106.60035817780522,593.3996418221878,0.0,0.0,Summer,0.0,15.228622596829316,0.0,0.0
2020-06-08 20:00:00,0.0,100.0,0.0,106.60035817780522,486.7992836443826,0.0,0.0,Summer,0.0,15.228622596829316,0.0,0.0
2020-06-08 21:00:00,0.0,100.0,0.0,106.60035817780522,380.1989254665774,0.0,0.0,Summer,0.0,15.228622596829316,0.0,0.0
2020-06-08 22:00:00,0.0,100.0,0.0,106.60035817780522,273.5985672887722,0.0,0.0,Summer,0.0,15.228622596829316,0.0,0.0
2020-06-08 23:00:00,0.0,100.0,0.0,106.60035817780522,166.998209110967,0.0,0.0,Summer,0.0,15.228622596829316,0.0,0.0
2020-06-09 00:00:00,0.0,100.0,0.0,106.60035817780522,60.397850933161784,0.0,0.0,Summer,0.0,15.228622596829316,0.0,0.0
2020-06-09 01:00:00,0.0,96.65820637527366,0.0,60.397850933161784,0.0,40.0,3.3417936247263427,Summer,0.0,8.628264419023111,100.0,3.3417936247263427
2020-06-09 02:00:00,0.0,40.0,0.0,0.0,0.0,40.0,60.0,Summer,0.0,0.0,100.0,60.0
2020-06-09 03:00:00,0.0,40.0,0.0,0.0,0.0,40.0,60.0,Summer,0.0,0.0,100.0,60.0
2020-06-09 04:00:00,21.5406,61.5406,0.0,0.0,0.0,40.0,38.4594,Summer,1.1967,0.0,100.0,38.4594
2020-06-09 05:00:00,934.29,100.0,200.0,0.0,187.6166303929372,0.0,0.0,Summer,51.905,0.0,0.0,0.0
2020-06-09 06:00:00,2221.074,100.0,200.0,0.0,375.2332607858744,0.0,0.0,Summer,123.393,0.0,0.0,0.0
2020-06-09 07:00:00,2680.362,100.0,200.0,0.0,562.8498911788115,0.0,0.0,Summer,148.909,0.0,0.0,0.0
2020-06-09 08:00:00,2805.372,100.0,137.15010882118844,0.0,691.5080975540917,0.0,0.0,Summer,155.85399999999998,0.0,0.0,0.0
2020-06-09 09:00:00,2845.692,100.0,8.491902445908286,0.0,699.4742081667259,0.0,0.0,Summer,158.094,0.0,0.0,0.0
2020-06-09 10:00:00,2833.038,100.0,0.5257918332740664,0.0,699.9674446269609,0.0,0.0,Summer,157.391,0.0,0.0,0.0
2020-06-09 11:00:00,2787.606,100.0,0.03255537303909659,0.0,699.9979842739149,0.0,0.0,Summer,154.86700000000002,0.0,0.0,0.0
2020-06-09 12:00:00,2773.512,100.0,0.0020157260851701724,0.0,699.9998751925942,0.0,0.0,Summer,154.084,0.0,0.0,0.0
2020-06-09 13:00:00,2765.502,100.0,0.00012480740575119854,0.0,699.9999922723188,0.0,0.0,Summer,153.63899999999998,0.0,0.0,0.0
2020-06-09 14:00:00,2640.294,100.0,7.727681193500757e-06,0.0,699.9999995215264,0.0,0.0,Summer,146.683,0.0,0.0,0.0
2020-06-09 15:00:00,796.212,100.0,4.784736083820462e-07,0.0,699.9999999703743,0.0,0.0,Summer,44.234,0.0,0.0,0.0
2020-06-09 16:00:00,1602.396,100.0,2.9625603929162025e-08,0.0,699.9999999981657,0.0,0.0,Summer,89.022,0.0,0.0,0.0
2020-06-09 17:00:00,905.004,100.0,1.8343562260270118e-09,0.0,699.9999999998864,0.0,0.0,Summer,50.278,0.0,0.0,0.0
2020-06-09 18:00:00,49.04279999999999,100.0,0.0,54.32055771738057,645.6794422825058,0.0,0.0,Summer,2.7245999999999997,7.760079673911509,0.0,0.0
2020-06-09 19:00:00,0.0,100.0,0.0,106.60035817780522,539.0790841047005,0.0,0.0,Summer,0.0,15.228622596829316,0.0,0.0
2020-06-09 20:00:00,0.0,100.0,0.0,106.60035817780522,432.4787259268954,0.0,0.0,Summer,0.0,15.228622596829316,0.0,0.0
2020-06-09 21:00:00,0.0,100.0,0.0,106.60035817780522,325.8783677490902,0.0,0.0,Summer,0.0,15.228622596829316,0.0,0.0
2020-06-09 22:00:00,0.0,100.0,0.0,106.60035817780522,219.278009571285,0.0,0.0,Summer,0.0,15.228622596829316,0.0,0.0
2020-06-09 23:00:00,0.0,100.0,0.0,106.60035817780522,112.67765139347976,0.0,0.0,Summer,0.0,15.228622596829316,0.0,0.0
2020-06-10 00:00:00,0.0,100.0,0.0,106.60035817780522,6.077293215674552,0.0,0.0,Summer,0.0,15.228622596829316,0.0,0.0
2020-06-10 01:00:00,0.0,45.701006375173584,0.0,6.077293215674552,0.0,40.0,54.29899362482641,Summer,0.0,0.8681847450963646,100.0,54.29899362482641
2020-06-10 02:00:00,0.0,40.0,0.0,0.0,0.0,40.0,60.0,Summer,0.0,0.0,100.0,60.0
2020-06-10 03:00:00,0.0,40.0,0.0,0.0,0.0,40.0,60.0,Summer,0.0,0.0,100.0,60.0
2020-06-10 04:00:00,0.0,40.0,0.0,0.0,0.0,40.0,60.0,Summer,0.0,0.0,100.0,60.0
2020-06-10 05:00:00,236.862,100.0,136.862,0.0,128.38793634419085,0.0,0.0,Summer,13.158999999999999,0.0,0.0,0.0
2020-06-10 06:00:00,768.888,100.0,200.0,0.0,316.0045667371281,0.0,0.0,Summer,42.716,0.0,0.0,0.0
2020-06-10 07:00:00,1378.476,100.0,200.0,0.0,503.6211971300653,0.0,0.0,Summer,76.58200000000001,0.0,0.0,0.0
2020-06-10 08:00:00,2161.44,100.0,196.3788028699347,0.0,687.8408435053454,0.0,0.0,Summer,120.08000000000001,0.0,0.0,0.0
2020-06-10 09:00:00,2233.638,100.0,12.1591564946546,0.0,699.2471433550828,0.0,0.0,Summer,124.091,0.0,0.0,0.0
2020-06-10 10:00:00,1453.23,100.0,0.7528566449171631,0.0,699.9533854895243,0.0,0.0,Summer,80.735,0.0,0.0,0.0
2020-06-10 11:00:00,2127.078,100.0,0.04661451047565788,0.0,699.9971137764386,0.0,0.0,Summer,118.171,0.0,0.0,0.0
2020-06-10 12:00:00,626.688,100.0,0.0028862235613632947,0.0,699.9998212941343,0.0,0.0,Summer,34.815999999999995,0.0,0.0,0.0
2020-06-10 13:00:00,407.7,100.0,0.00017870586563367396,0.0,699.9999889350961,0.0,0.0,Summer,22.650000000000002,0.0,0.0,0.0
2020-06-10 14:00:00,352.476,100.0,1.106490392703563e-05,0.0,699.9999993148961,0.0,0.0,Summer,19.582,0.0,0.0,0.0
2020-06-10 15:00:00,600.642,100.0,6.851039361208677e-07,0.0,699.9999999575805,0.0,0.0,Summer,33.36900000000001,0.0,0.0,0.0
2020-06-10 16:00:00,1471.986,100.0,4.241953138262033e-08,0.0,699.9999999973736,0.0,0.0,Summer,81.77700000000002,0.0,0.0,0.0
2020-06-10 17:00:00,1021.95,100.0,2.6264460757374763e-09,0.0,699.9999999998373,0.0,0.0,Summer,56.775,0.0,0.0,0.0
2020-06-10 18:00:00,175.01760000000002,100.0,1.6263220459222794e-10,0.0,699.99999999999,0.0,0.0,Summer,9.723200000000002,0.0,0.0,0.0
2020-06-10 19:00:00,0.0,100.0,0.0,106.60035817780522,593.3996418221848,0.0,0.0,Summer,0.0,15.228622596829316,0.0,0.0
2020-06-10 20:00:00,0.0,100.0,0.0,106.60035817780522,486.79928364437956,0.0,0.0,Summer,0.0,15.228622596829316,0.0,0.0
2020-06-10 21:00:00,0.0,100.0,0.0,106.60035817780522,380.1989254665744,0.0,0.0,Summer,0.0,15.228622596829316,0.0,0.0
2020-06-10 22:00:00,0.0,100.0,0.0,106.60035817780522,273.5985672887692,0.0,0.0,Summer,0.0,15.228622596829316,0.0,0.0
2020-06-10 23:00:00,0.0,100.0,0.0,106.60035817780522,166.99820911096398,0.0,0.0,Summer,0.0,15.228622596829316,0.0,0.0
2020-06-11 00:00:00,0.0,100.0,0.0,106.60035817780522,60.39785093315876,0.0,0.0,Summer,0.0,15.228622596829316,0.0,0.0
2020-06-11 01:00:00,0.0,96.65820637527082,0.0,60.39785093315876,0.0,40.0,3.341793624729185,Summer,0.0,8.62826441902268,100.0,3.341793624729185
2020-06-11 02:00:00,0.0,40.0,0.0,0.0,0.0,40.0,60.0,Summer,0.0,0.0,100.0,60.0
2020-06-11 03:00:00,0.0,40.0,0.0,0.0,0.0,40.0,60.0,Summer,0.0,0.0,100.0,60.0
2020-06-11 04:00:00,0.0,40.0,0.0,0.0,0.0,40.0,60.0,Summer,0.0,0.0,100.0,60.0
2020-06-11 05:00:00,136.5966,100.0,36.596599999999995,0.0,34.33065387919082,0.0,0.0,Summer,7.588699999999999,0.0,0.0,0.0
2020-06-11 06:00:00,445.824,100.0,200.0,0.0,221.94728427212803,0.0,0.0,Summer,24.768,0.0,0.0,0.0
2020-06-11 07:00:00,564.354,100.0,200.0,0.0,409.5639146650652,0.0,0.0,Summer,31.353,0.0,0.0,0.0
2020-06-11 08:00:00,556.182,100.0,200.0,0.0,597.1805450580025,0.0,0.0,Summer,30.898999999999997,0.0,0.0,0.0
2020-06-11 09:00:00,1031.166,100.0,102.81945494199753,0.0,693.6337434332825,0.0,0.0,Summer,57.287,0.0,0.0,0.0
2020-06-11 10:00:00,2648.124,100.0,6.366256566717523,0.0,699.6058214596047,0.0,0.0,Summer,147.118,0.0,0.0,0.0
2020-06-11 11:00:00,2216.304,100.0,0.39417854039522354,0.0,699.9755937072156,0.0,0.0,Summer,123.12800000000001,0.0,0.0,0.0
2020-06-11 12:00:00,2498.112,100.0,0.024406292784377,0.0,699.9984888392786,0.0,0.0,Summer,138.784,0.0,0.0,0.0
2020-06-11 13:00:00,2854.314,100.0,0.0015111607214203105,0.0,699.9999064336913,0.0,0.0,Summer,158.57299999999998,0.0,0.0,0.0
2020-06-11 14:00:00,2794.698,100.0,9.356630872935056e-05,0.0,699.999994206669,0.0,0.0,Summer,155.261,0.0,0.0,0.0
2020-06-11 15:00:00,2706.282,100.0,5.793330958113075e-06,0.0,699.9999996412952,0.0,0.0,Summer,150.349,0.0,0.0,0.0
2020-06-11 16:00:00,2288.718,100.0,3.5870482679456475e-07,0.0,699.9999999777901,0.0,0.0,Summer,127.151,0.0,0.0,0.0
2020-06-11 17:00:00,1094.058,100.0,2.220983151346445e-08,0.0,699.9999999986247,0.0,0.0,Summer,60.781,0.0,0.0,0.0
2020-06-11 18:00:00,395.838,100.0,1.375214196741581e-09,0.0,699.9999999999148,0.0,0.0,Summer,21.991000000000003,0.0,0.0,0.0
2020-06-11 19:00:00,0.0,100.0,0.0,106.60035817780522,593.3996418221097,0.0,0.0,Summer,0.0,15.228622596829316,0.0,0.0
2020-06-11 20:00:00,0.0,100.0,0.0,106.60035817780522,486.79928364430447,0.0,0.0,Summer,0.0,15.228622596829316,0.0,0.0
2020-06-11 21:00:00,0.0,100.0,0.0,106.60035817780522,380.1989254664993,0.0,0.0,Summer,0.0,15.228622596829316,0.0,0.0
2020-06-11 22:00:00,0.0,100.0,0.0,106.60035817780522,273.5985672886941,0.0,0.0,Summer,0.0,15.228622596829316,0.0,0.0
2020-06-11 23:00:00,0.0,100.0,0.0,106.60035817780522,166.9982091108889,0.0,0.0,Summer,0.0,15.228622596829316,0.0,0.0
2020-06-12 00:00:00,0.0,100.0,0.0,106.60035817780522,60.39785093308367,0.0,0.0,Summer,0.0,15.228622596829316,0.0,0.0
2020-06-12 01:00:00,0.0,96.65820637520036,0.0,60.39785093308367,0.0,40.0,3.341793624799628,Summer,0.0,8.628264419011952,100.0,3.341793624799628
2020-06-12 02:00:00,0.0,40.0,0.0,0.0,0.0,40.0,60.0,Summer,0.0,0.0,100.0,60.0
2020-06-12 03:00:00,0.0,40.0,0.0,0.0,0.0,40.0,60.0,Summer,0.0,0.0,100.0,60.0
2020-06-12 04:00:00,23.900399999999998,63.9004,0.0,0.0,0.0,40.0,36.09960000000001,Summer,1.3277999999999999,0.0,100.0,36.09960000000001
2020-06-12 05:00:00,998.388,100.0,200.0,0.0,187.6166303929372,0.0,0.0,Summer,55.466,0.0,0.0,0.0
2020-06-12 06:00:00,2241.54,100.0,200.0,0.0,375.2332607858744,0.0,0.0,Summer,124.53,0.0,0.0,0.0
2020-06-12 07:00:00,2491.722,100.0,200.0,0.0,562.8498911788115,0.0,0.0,Summer,138.429,0.0,0.0,0.0
2020-06-12 08:00:00,2308.968,100.0,137.15010882118844,0.0,691.5080975540917,0.0,0.0,Summer,128.27599999999998,0.0,0.0,0.0
2020-06-12 09:00:00,2778.66,100.0,8.491902445908286,0.0,699.4742081667259,0.0,0.0,Summer,154.36999999999998,0.0,0.0,0.0
2020-06-12 10:00:00,2800.62,100.0,0.5257918332740664,0.0,699.9674446269609,0.0,0.0,Summer,155.58999999999997,0.0,0.0,0.0
2020-06-12 11:00:00,2754.594,100.0,0.03255537303909659,0.0,699.9979842739149,0.0,0.0,Summer,153.033,0.0,0.0,0.0
2020-06-12 12:00:00,2750.688,100.0,0.0020157260851701724,0.0,699.9998751925942,0.0,0.0,Summer,152.816,0.0,0.0,0.0
2020-06-12 13:00:00,2728.08,100.0,0.00012480740575119854,0.0,699.9999922723188,0.0,0.0,Summer,151.56,0.0,0.0,0.0
2020-06-12 14:00:00,2716.056,100.0,7.727681193500757e-06,0.0,699.9999995215264,0.0,0.0,Summer,150.892,0.0,0.0,0.0
2020-06-12 15:00:00,2639.628,100.0,4.784736083820462e-07,0.0,699.9999999703743,0.0,0.0,Summer,146.64600000000002,0.0,0.0,0.0
2020-06-12 16:00:00,2271.438,100.0,2.9625603929162025e-08,0.0,699.9999999981657,0.0,0.0,Summer,126.191,0.0,0.0,0.0
2020-06-12 17:00:00,680.238,100.0,1.8343562260270118e-09,0.0,699.9999999998864,0.0,0.0,Summer,37.791000000000004,0.0,0.0,0.0
2020-06-12 18:00:00,243.864,100.0,1.1362135410308838e-10,0.0,699.9999999999931,0.0,0.0,Summer,13.547999999999998,0.0,0.0,0.0
2020-06-12 19:00:00,0.0,100.0,0.0,106.60035817780522,593.3996418221878,0.0,0.0,Summer,0.0,15.228622596829316,0.0,0.0
2020-06-12 20:00:00,0.0,100.0,0.0,106.60035817780522,486.7992836443826,0.0,0.0,Summer,0.0,15.228622596829316,0.0,0.0
2020-06-12 21:00:00,0.0,100.0,0.0,106.60035817780522,380.1989254665774,0.0,0.0,Summer,0.0,15.228622596829316,0.0,0.0
2020-06-12 22:00:00,0.0,100.0,0.0,106.60035817780522,273.5985672887722,0.0,0.0,Summer,0.0,15.228622596829316,0.0,0.0
2020-06-12 23:00:00,0.0,100.0,0.0,106.60035817780522,166.998209110967,0.0,0.0,Summer,0.0,15.228622596829316,0.0,0.0
2020-06-13 00:00:00,0.0,100.0,0.0,106.60035817780522,60.397850933161784,0.0,0.0,Summer,0.0,15.228622596829316,0.0,0.0
2020-06-13 01:00:00,0.0,96.65820637527366,0.0,60.397850933161784,0.0,40.0,3.3417936247263427,Summer,0.0,8.628264419023111,100.0,3.3417936247263427
2020-06-13 02:00:00,0.0,40.0,0.0,0.0,0.0,40.0,60.0,Summer,0.0,0.0,100.0,60.0
2020-06-13 03:00:00,0.0,40.0,0.0,0.0,0.0,40.0,60.0,Summer,0.0,0.0,100.0,60.0
2020-06-13 04:00:00,18.2682,58.2682,0.0,0.0,0.0,40.0,41.73179999999999,Summer,1.0149,0.0,100.0,41.73179999999999
2020-06-13 05:00:00,857.466,100.0,200.0,0.0,187.6166303929372,0.0,0.0,Summer,47.637,0.0,0.0,0.0
2020-06-13 06:00:00,2193.084,100.0,200.0,0.0,375.2332607858744,0.0,0.0,Summer,121.83799999999998,0.0,0.0,0.0
2020-06-13 07:00:00,2659.014,100.0,200.0,0.0,562.8498911788115,0.0,0.0,Summer,147.723,0.0,0.0,0.0
2020-06-13 08:00:00,2772.216,100.0,137.15010882118844,0.0,691.5080975540917,0.0,0.0,Summer,154.012,0.0,0.0,0.0
2020-06-13 09:00:00,2851.758,100.0,8.491902445908286,0.0,699.4742081667259,0.0,0.0,Summer,158.43099999999998,0.0,0.0,0.0
2020-06-13 10:00:00,2820.474,100.0,0.5257918332740664,0.0,699.9674446269609,0.0,0.0,Summer,156.693,0.0,0.0,0.0
2020-06-13 11:00:00,2809.908,100.0,0.03255537303909659,0.0,699.9979842739149,0.0,0.0,Summer,156.106,0.0,0.0,0.0
2020-06-13 12:00:00,2786.67,100.0,0.0020157260851701724,0.0,699.9998751925942,0.0,0.0,Summer,154.81500000000003,0.0,0.0,0.0
2020-06-13 13:00:00,1898.748,100.0,0.00012480740575119854,0.0,699.9999922723188,0.0,0.0,Summer,105.48600000000002,0.0,0.0,0.0
2020-06-13 14:00:00,411.876,100.0,7.727681193500757e-06,0.0,699.9999995215264,0.0,0.0,Summer,22.881999999999998,0.0,0.0,0.0
2020-06-13 15:00:00,264.852,100.0,4.784736083820462e-07,0.0,699.9999999703743,0.0,0.0,Summer,14.713999999999999,0.0,0.0,0.0
2020-06-13 16:00:00,181.116,100.0,2.9625603929162025e-08,0.0,699.9999999981657,0.0,0.0,Summer,10.062,0.0,0.0,0.0
2020-06-13 17:00:00,94.28040000000001,100.0,0.0,6.097114086337732,693.9028859118279,0.0,0.0,Summer,5.237800000000001,0.8710162980482473,0.0,0.0
2020-06-13 18:00:00,34.497,100.0,0.0,69.82643261720774,624.0764532946201,0.0,0.0,Summer,1.9165,9.975204659601106,0.0,0.0
2020-06-13 19:00:00,0.0,100.0,0.0,106.60035817780522,517.4760951168149,0.0,0.0,Summer,0.0,15.228622596829316,0.0,0.0
2020-06-13 20:00:00,0.0,100.0,0.0,106.60035817780522,410.87573693900976,0.0,0.0,Summer,0.0,15.228622596829316,0.0,0.0
2020-06-13 21:00:00,0.0,100.0,0.0,106.60035817780522,304.27537876120454,0.0,0.0,Summer,0.0,15.228622596829316,0.0,0.0
2020-06-13 22:00:00,0.0,100.0,0.0,106.60035817780522,197.67502058339934,0.0,0.0,Summer,0.0,15.228622596829316,0.0,0.0
2020-06-13 23:00:00,0.0,100.0,0.0,106.60035817780522,91.07466240559413,0.0,0.0,Summer,0.0,15.228622596829316,0.0,0.0
2020-06-14 00:00:00,0.0,100.0,0.0,91.07466240559413,0.0,14.564393626440577,0.0,Summer,0.0,13.01066605794202,36.41098406610144,0.0
2020-06-14 01:00:00,0.0,40.0,0.0,0.0,0.0,40.0,60.0,Summer,0.0,0.0,100.0,60.0
2020-06-14 02:00:00,0.0,40.0,0.0,0.0,0.0,40.0,60.0,Summer,0.0,0.0,100.0,60.0
2020-06-14 03:00:00,0.0,40.0,0.0,0.0,0.0,40.0,60.0,Summer,0.0,0.0,100.0,60.0
2020-06-14 04:00:00,24.366600000000002,64.3666,0.0,0.0,0.0,40.0,35.633399999999995,Summer,1.3537000000000001,0.0,100.0,35.633399999999995
2020-06-14 05:00:00,1021.014,100.0,200.0,0.0,187.6166303929372,0.0,0.0,Summer,56.723,0.0,0.0,0.0
2020-06-14 06:00:00,2210.238,100.0,200.0,0.0,375.2332607858744,0.0,0.0,Summer,122.79099999999998,0.0,0.0,0.0
2020-06-14 07:00:00,2664.108,100.0,200.0,0.0,562.8498911788115,0.0,0.0,Summer,148.00600000000003,0.0,0.0,0.0
2020-06-14 08:00:00,2779.92,100.0,137.15010882118844,0.0,691.5080975540917,0.0,0.0,Summer,154.44,0.0,0.0,0.0
2020-06-14 09:00:00,2818.854,100.0,8.491902445908286,0.0,699.4742081667259,0.0,0.0,Summer,156.60299999999998,0.0,0.0,0.0
2020-06-14 10:00:00,2796.606,100.0,0.5257918332740664,0.0,699.9674446269609,0.0,0.0,Summer,155.36700000000002,0.0,0.0,0.0
2020-06-14 11:00:00,2818.152,100.0,0.03255537303909659,0.0,699.9979842739149,0.0,0.0,Summer,156.564,0.0,0.0,0.0
2020-06-14 12:00:00,2797.218,100.0,0.0020157260851701724,0.0,699.9998751925942,0.0,0.0,Summer,155.40099999999998,0.0,0.0,0.0
2020-06-14 13:00:00,2783.178,100.0,0.00012480740575119854,0.0,699.9999922723188,0.0,0.0,Summer,154.62099999999998,0.0,0.0,0.0
2020-06-14 14:00:00,2765.916,100.0,7.727681193500757e-06,0.0,699.9999995215264,0.0,0.0,Summer,153.662,0.0,0.0,0.0
2020-06-14 15:00:00,2735.928,100.0,4.784736083820462e-07,0.0,699.9999999703743,0.0,0.0,Summer,151.996,0.0,0.0,0.0
2020-06-14 16:00:00,2344.14,100.0,2.9625603929162025e-08,0.0,699.9999999981657,0.0,0.0,Summer,130.23,0.0,0.0,0.0
2020-06-14 17:00:00,1218.024,100.0,1.8343562260270118e-09,0.0,699.9999999998864,0.0,0.0,Summer,67.66799999999999,0.0,0.0,0.0
2020-06-14 18:00:00,397.08,100.0,1.1362135410308838e-10,0.0,699.9999999999931,0.0,0.0,Summer,22.06,0.0,0.0,0.0
2020-06-14 19:00:00,0.0,100.0,0.0,106.60035817780522,593.3996418221878,0.0,0.0,Summer,0.0,15.228622596829316,0.0,0.0
2020-06-14 20:00:00,0.0,100.0,0.0,106.60035817780522,486.7992836443826,0.0,0.0,Summer,0.0,15.228622596829316,0.0,0.0
2020-06-14 21:00:00,0.0,100.0,0.0,106.60035817780522,380.1989254665774,0.0,0.0,Summer,0.0,15.228622596829316,0.0,0.0
2020-06-14 22:00:00,0.0,100.0,0.0,106.60035817780522,273.5985672887722,0.0,0.0,Summer,0.0,15.228622596829316,0.0,0.0
2020-06-14 23:00:00,0.0,100.0,0.0,106.60035817780522,166.998209110967,0.0,0.0,Summer,0.0,15.228622596829316,0.0,0.0
2020-06-15 00:00:00,0.0,100.0,0.0,106.60035817780522,60.397850933161784,0.0,0.0,Summer,0.0,15.228622596829316,0.0,0.0
2020-06-15 01:00:00,0.0,96.65820637527366,0.0,60.397850933161784,0.0,40.0,3.3417936247263427,Summer,0.0,8.628264419023111,100.0,3.3417936247263427
2020-06-15 02:00:00,0.0,40.0,0.0,0.0,0.0,40.0,60.0,Summer,0.0,0.0,100.0,60.0
2020-06-15 03:00:00,0.0,40.0,0.0,0.0,0.0,40.0,60.0,Summer,0.0,0.0,100.0,60.0
2020-06-15 04:00:00,15.88986,55.88986,0.0,0.0,0.0,40.0,44.11014,Summer,0.88277,0.0,100.0,44.11014
2020-06-15 05:00:00,807.984,100.0,200.0,0.0,187.6166303929372,0.0,0.0,Summer,44.888,0.0,0.0,0.0
2020-06-15 06:00:00,2129.472,100.0,200.0,0.0,375.2332607858744,0.0,0.0,Summer,118.304,0.0,0.0,0.0
2020-06-15 07:00:00,2640.348,100.0,200.0,0.0,562.8498911788115,0.0,0.0,Summer,146.686,0.0,0.0,0.0
2020-06-15 08:00:00,2756.7,100.0,137.15010882118844,0.0,691.5080975540917,0.0,0.0,Summer,153.14999999999998,0.0,0.0,0.0
2020-06-15 09:00:00,2558.898,100.0,8.491902445908286,0.0,699.4742081667259,0.0,0.0,Summer,142.161,0.0,0.0,0.0
2020-06-15 10:00:00,2634.48,100.0,0.5257918332740664,0.0,699.9674446269609,0.0,0.0,Summer,146.36,0.0,0.0,0.0
2020-06-15 11:00:00,2652.048,100.0,0.03255537303909659,0.0,699.9979842739149,0.0,0.0,Summer,147.33599999999998,0.0,0.0,0.0
2020-06-15 12:00:00,2426.094,100.0,0.0020157260851701724,0.0,699.9998751925942,0.0,0.0,Summer,134.78300000000002,0.0,0.0,0.0
2020-06-15 13:00:00,1752.696,100.0,0.00012480740575119854,0.0,699.9999922723188,0.0,0.0,Summer,97.37199999999999,0.0,0.0,0.0
2020-06-15 14:00:00,2268.81,100.0,7.727681193500757e-06,0.0,699.9999995215264,0.0,0.0,Summer,126.045,0.0,0.0,0.0
2020-06-15 15:00:00,2164.752,100.0,4.784736083820462e-07,0.0,699.9999999703743,0.0,0.0,Summer,120.264,0.0,0.0,0.0
2020-06-15 16:00:00,889.164,100.0,2.9625603929162025e-08,0.0,699.9999999981657,0.0,0.0,Summer,49.397999999999996,0.0,0.0,0.0
2020-06-15 17:00:00,1155.888,100.0,1.8343562260270118e-09,0.0,699.9999999998864,0.0,0.0,Summer,64.216,0.0,0.0,0.0
2020-06-15 18:00:00,465.912,100.0,1.1362135410308838e-10,0.0,699.9999999999931,0.0,0.0,Summer,25.884,0.0,0.0,0.0
2020-06-15 19:00:00,0.0,100.0,0.0,106.60035817780522,593.3996418221878,0.0,0.0,Summer,0.0,15.228622596829316,0.0,0.0
2020-06-15 20:00:00,0.0,100.0,0.0,106.60035817780522,486.7992836443826,0.0,0.0,Summer,0.0,15.228622596829316,0.0,0.0
2020-06-15 21:00:00,0.0,100.0,0.0,106.60035817780522,380.1989254665774,0.0,0.0,Summer,0.0,15.228622596829316,0.0,0.0
2020-06-15 22:00:00,0.0,100.0,0.0,106.60035817780522,273.5985672887722,0.0,0.0,Summer,0.0,15.228622596829316,0.0,0.0
2020-06-15 23:00:00,0.0,100.0,0.0,106.60035817780522,166.998209110967,0.0,0.0,Summer,0.0,15.228622596829316,0.0,0.0
2020-06-16 00:00:00,0.0,100.0,0.0,106.60035817780522,60.397850933161784,0.0,0.0,Summer,0.0,15.228622596829316,0.0,0.0
2020-06-16 01:00:00,0.0,96.65820637527366,0.0,60.397850933161784,0.0,40.0,3.3417936247263427,Summer,0.0,8.628264419023111,100.0,3.3417936247263427
2020-06-16 02:00:00,0.0,40.0,0.0,0.0,0.0,40.0,60.0,Summer,0.0,0.0,100.0,60.0
2020-06-16 03:00:00,0.0,40.0,0.0,0.0,0.0,40.0,60.0,Summer,0.0,0.0,100.0,60.0
2020-06-16 04:00:00,0.0,40.0,0.0,0.0,0.0,40.0,60.0,Summer,0.0,0.0,100.0,60.0
2020-06-16 05:00:00,714.816,100.0,200.0,0.0,187.6166303929372,0.0,0.0,Summer,39.712,0.0,0.0,0.0
2020-06-16 06:00:00,2080.674,100.0,200.0,0.0,375.2332607858744,0.0,0.0,Summer,115.59299999999999,0.0,0.0,0.0
2020-06-16 07:00:00,2635.326,100.0,200.0,0.0,562.8498911788115,0.0,0.0,Summer,146.407,0.0,0.0,0.0
2020-06-16 08:00:00,2722.842,100.0,137.15010882118844,0.0,691.5080975540917,0.0,0.0,Summer,151.269,0.0,0.0,0.0
2020-06-16 09:00:00,2794.896,100.0,8.491902445908286,0.0,699.4742081667259,0.0,0.0,Summer,155.27200000000002,0.0,0.0,0.0
2020-06-16 10:00:00,2788.182,100.0,0.5257918332740664,0.0,699.9674446269609,0.0,0.0,Summer,154.899,0.0,0.0,0.0
2020-06-16 11:00:00,2750.778,100.0,0.03255537303909659,0.0,699.9979842739149,0.0,0.0,Summer,152.821,0.0,0.0,0.0
2020-06-16 12:00:00,2733.156,100.0,0.0020157260851701724,0.0,699.9998751925942,0.0,0.0,Summer,151.84199999999998,0.0,0.0,0.0
2020-06-16 13:00:00,2736.558,100.0,0.00012480740575119854,0.0,699.9999922723188,0.0,0.0,Summer,152.031,0.0,0.0,0.0
2020-06-16 14:00:00,2715.174,100.0,7.727681193500757e-06,0.0,699.9999995215264,0.0,0.0,Summer,150.843,0.0,0.0,0.0
2020-06-16 15:00:00,2647.332,100.0,4.784736083820462e-07,0.0,699.9999999703743,0.0,0.0,Summer,147.07399999999998,0.0,0.0,0.0
2020-06-16 16:00:00,2471.814,100.0,2.9625603929162025e-08,0.0,699.9999999981657,0.0,0.0,Summer,137.323,0.0,0.0,0.0
2020-06-16 17:00:00,1851.39,100.0,1.8343562260270118e-09,0.0,699.9999999998864,0.0,0.0,Summer,102.855,0.0,0.0,0.0
2020-06-16 18:00:00,520.632,100.0,1.1362135410308838e-10,0.0,699.9999999999931,0.0,0.0,Summer,28.924,0.0,0.0,0.0
2020-06-16 19:00:00,0.0,100.0,0.0,106.60035817780522,593.3996418221878,0.0,0.0,Summer,0.0,15.228622596829316,0.0,0.0
2020-06-16 20:00:00,0.0,100.0,0.0,106.60035817780522,486.7992836443826,0.0,0.0,Summer,0.0,15.228622596829316,0.0,0.0
2020-06-16 21:00:00,0.0,100.0,0.0,106.60035817780522,380.1989254665774,0.0,0.0,Summer,0.0,15.228622596829316,0.0,0.0
2020-06-16 22:00:00,0.0,100.0,0.0,106.60035817780522,273.5985672887722,0.0,0.0,Summer,0.0,15.228622596829316,0.0,0.0
2020-06-16 23:00:00,0.0,100.0,0.0,106.60035817780522,166.998209110967,0.0,0.0,Summer,0.0,15.228622596829316,0.0,0.0
2020-06-17 00:00:00,0.0,100.0,0.0,106.60035817780522,60.397850933161784,0.0,0.0,Summer,0.0,15.228622596829316,0.0,0.0
2020-06-17 01:00:00,0.0,96.65820637527366,0.0,60.397850933161784,0.0,40.0,3.3417936247263427,Summer,0.0,8.628264419023111,100.0,3.3417936247263427
2020-06-17 02:00:00,0.0,40.0,0.0,0.0,0.0,40.0,60.0,Summer,0.0,0.0,100.0,60.0
2020-06-17 03:00:00,0.0,40.0,0.0,0.0,0.0,40.0,60.0,Summer,0.0,0.0,100.0,60.0
2020-06-17 04:00:00,15.91974,55.91974,0.0,0.0,0.0,40.0,44.080259999999996,Summer,0.8844299999999999,0.0,100.0,44.080259999999996
2020-06-17 05:00:00,770.112,100.0,200.0,0.0,187.6166303929372,0.0,0.0,Summer,42.784,0.0,0.0,0.0
2020-06-17 06:00:00,2054.952,100.0,200.0,0.0,375.2332607858744,0.0,0.0,Summer,114.16400000000002,0.0,0.0,0.0
2020-06-17 07:00:00,2595.78,100.0,200.0,0.0,562.8498911788115,0.0,0.0,Summer,144.21,0.0,0.0,0.0
2020-06-17 08:00:00,2766.888,100.0,137.15010882118844,0.0,691.5080975540917,0.0,0.0,Summer,153.71599999999998,0.0,0.0,0.0
2020-06-17 09:00:00,2820.312,100.0,8.491902445908286,0.0,699.4742081667259,0.0,0.0,Summer,156.684,0.0,0.0,0.0
2020-06-17 10:00:00,2814.246,100.0,0.5257918332740664,0.0,699.9674446269609,0.0,0.0,Summer,156.347,0.0,0.0,0.0
2020-06-17 11:00:00,2805.822,100.0,0.03255537303909659,0.0,699.9979842739149,0.0,0.0,Summer,155.87900000000002,0.0,0.0,0.0
2020-06-17 12:00:00,2788.398,100.0,0.0020157260851701724,0.0,699.9998751925942,0.0,0.0,Summer,154.911,0.0,0.0,0.0
2020-06-17 13:00:00,2753.046,100.0,0.00012480740575119854,0.0,699.9999922723188,0.0,0.0,Summer,152.947,0.0,0.0,0.0
2020-06-17 14:00:00,2009.448,100.0,7.727681193500757e-06,0.0,699.9999995215264,0.0,0.0,Summer,111.636,0.0,0.0,0.0
2020-06-17 15:00:00,986.49,100.0,4.784736083820462e-07,0.0,699.9999999703743,0.0,0.0,Summer,54.80500000000001,0.0,0.0,0.0
2020-06-17 16:00:00,298.062,100.0,2.9625603929162025e-08,0.0,699.9999999981657,0.0,0.0,Summer,16.559,0.0,0.0,0.0
2020-06-17 17:00:00,184.428,100.0,1.8343562260270118e-09,0.0,699.9999999998864,0.0,0.0,Summer,10.245999999999999,0.0,0.0,0.0
2020-06-17 18:00:00,426.762,100.0,1.1362135410308838e-10,0.0,699.9999999999931,0.0,0.0,Summer,23.709,0.0,0.0,0.0
2020-06-17 19:00:00,0.0,100.0,0.0,106.60035817780522,593.3996418221878,0.0,0.0,Summer,0.0,15.228622596829316,0.0,0.0
2020-06-17 20:00:00,0.0,100.0,0.0,106.60035817780522,486.7992836443826,0.0,0.0,Summer,0.0,15.228622596829316,0.0,0.0
2020-06-17 21:00:00,0.0,100.0,0.0,106.60035817780522,380.1989254665774,0.0,0.0,Summer,0.0,15.228622596829316,0.0,0.0
2020-06-17 22:00:00,0.0,100.0,0.0,106.60035817780522,273.5985672887722,0.0,0.0,Summer,0.0,15.228622596829316,0.0,0.0
2020-06-17 23:00:00,0.0,100.0,0.0,106.60035817780522,166.998209110967,0.0,0.0,Summer,0.0,15.228622596829316,0.0,0.0
2020-06-18 00:00:00,0.0,100.0,0.0,106.60035817780522,60.397850933161784,0.0,0.0,Summer,0.0,15.228622596829316,0.0,0.0
2020-06-18 01:00:00,0.0,96.65820637527366,0.0,60.397850933161784,0.0,40.0,3.3417936247263427,Summer,0.0,8.628264419023111,100.0,3.3417936247263427
2020-06-18 02:00:00,0.0,40.0,0.0,0.0,0.0,40.0,60.0,Summer,0.0,0.0,100.0,60.0
2020-06-18 03:00:00,0.0,40.0,0.0,0.0,0.0,40.0,60.0,Summer,0.0,0.0,100.0,60.0
2020-06-18 04:00:00,21.515399999999996,61.5154,0.0,0.0,0.0,40.0,38.4846,Summer,1.1952999999999998,0.0,100.0,38.4846
2020-06-18 05:00:00,912.366,100.0,200.0,0.0,187.6166303929372,0.0,0.0,Summer,50.687000000000005,0.0,0.0,0.0
2020-06-18 06:00:00,2273.274,100.0,200.0,0.0,375.2332607858744,0.0,0.0,Summer,126.29299999999999,0.0,0.0,0.0
2020-06-18 07:00:00,2693.808,100.0,200.0,0.0,562.8498911788115,0.0,0.0,Summer,149.65599999999998,0.0,0.0,0.0
2020-06-18 08:00:00,2828.988,100.0,137.15010882118844,0.0,691.5080975540917,0.0,0.0,Summer,157.166,0.0,0.0,0.0
2020-06-18 09:00:00,2874.042,100.0,8.491902445908286,0.0,699.4742081667259,0.0,0.0,Summer,159.66899999999998,0.0,0.0,0.0
2020-06-18 10:00:00,2861.82,100.0,0.5257918332740664,0.0,699.9674446269609,0.0,0.0,Summer,158.99,0.0,0.0,0.0
2020-06-18 11:00:00,2838.258,100.0,0.03255537303909659,0.0,699.9979842739149,0.0,0.0,Summer,157.68099999999998,0.0,0.0,0.0
2020-06-18 12:00:00,2825.334,100.0,0.0020157260851701724,0.0,699.9998751925942,0.0,0.0,Summer,156.963,0.0,0.0,0.0
2020-06-18 13:00:00,2816.28,100.0,0.00012480740575119854,0.0,699.9999922723188,0.0,0.0,Summer,156.46,0.0,0.0,0.0
2020-06-18 14:00:00,2785.446,100.0,7.727681193500757e-06,0.0,699.9999995215264,0.0,0.0,Summer,154.74699999999999,0.0,0.0,0.0
2020-06-18 15:00:00,2708.19,100.0,4.784736083820462e-07,0.0,699.9999999703743,0.0,0.0,Summer,150.455,0.0,0.0,0.0
2020-06-18 16:00:00,2532.762,100.0,2.9625603929162025e-08,0.0,699.9999999981657,0.0,0.0,Summer,140.709,0.0,0.0,0.0
2020-06-18 17:00:00,2157.498,100.0,1.8343562260270118e-09,0.0,699.9999999998864,0.0,0.0,Summer,119.86099999999999,0.0,0.0,0.0
2020-06-18 18:00:00,916.758,100.0,1.1362135410308838e-10,0.0,699.9999999999931,0.0,0.0,Summer,50.931000000000004,0.0,0.0,0.0
2020-06-18 19:00:00,18.162,100.0,0.0,87.23960112555223,612.7603988744409,0.0,0.0,Summer,1.009,12.462800160793176,0.0,0.0
2020-06-18 20:00:00,0.0,100.0,0.0,106.60035817780522,506.16004069663563,0.0,0.0,Summer,0.0,15.228622596829316,0.0,0.0
2020-06-18 21:00:00,0.0,100.0,0.0,106.60035817780522,399.5596825188304,0.0,0.0,Summer,0.0,15.228622596829316,0.0,0.0
2020-06-18 22:00:00,0.0,100.0,0.0,106.60035817780522,292.9593243410252,0.0,0.0,Summer,0.0,15.228622596829316,0.0,0.0
2020-06-18 23:00:00,0.0,100.0,0.0,106.60035817780522,186.35896616322,0.0,0.0,Summer,0.0,15.228622596829316,0.0,0.0
2020-06-19 00:00:00,0.0,100.0,0.0,106.60035817780522,79.75860798541478,0.0,0.0,Summer,0.0,15.228622596829316,0.0,0.0
2020-06-19 01:00:00,0.0,100.0,0.0,79.75860798541478,0.0,25.17979362472633,0.0,Summer,0.0,11.394086855059255,62.94948406181582,0.0
2020-06-19 02:00:00,0.0,40.0,0.0,0.0,0.0,40.0,60.0,Summer,0.0,0.0,100.0,60.0
2020-06-19 03:00:00,0.0,40.0,0.0,0.0,0.0,40.0,60.0,Summer,0.0,0.0,100.0,60.0
2020-06-19 04:00:00,29.5128,69.5128,0.0,0.0,0.0,40.0,30.4872,Summer,1.6396000000000002,0.0,100.0,30.4872
2020-06-19 05:00:00,931.716,100.0,200.0,0.0,187.6166303929372,0.0,0.0,Summer,51.762,0.0,0.0,0.0
2020-06-19 06:00:00,2236.986,100.0,200.0,0.0,375.2332607858744,0.0,0.0,Summer,124.27699999999999,0.0,0.0,0.0
2020-06-19 07:00:00,2664.252,100.0,200.0,0.0,562.8498911788115,0.0,0.0,Summer,148.014,0.0,0.0,0.0
2020-06-19 08:00:00,2796.57,100.0,137.15010882118844,0.0,691.5080975540917,0.0,0.0,Summer,155.365,0.0,0.0,0.0
2020-06-19 09:00:00,2829.402,100.0,8.491902445908286,0.0,699.4742081667259,0.0,0.0,Summer,157.189,0.0,0.0,0.0
2020-06-19 10:00:00,2806.956,100.0,0.5257918332740664,0.0,699.9674446269609,0.0,0.0,Summer,155.942,0.0,0.0,0.0
2020-06-19 11:00:00,2769.282,100.0,0.03255537303909659,0.0,699.9979842739149,0.0,0.0,Summer,153.84900000000002,0.0,0.0,0.0
2020-06-19 12:00:00,2766.6,100.0,0.0020157260851701724,0.0,699.9998751925942,0.0,0.0,Summer,153.7,0.0,0.0,0.0
2020-06-19 13:00:00,2756.448,100.0,0.00012480740575119854,0.0,699.9999922723188,0.0,0.0,Summer,153.136,0.0,0.0,0.0
2020-06-19 14:00:00,2731.95,100.0,7.727681193500757e-06,0.0,699.9999995215264,0.0,0.0,Summer,151.775,0.0,0.0,0.0
2020-06-19 15:00:00,2663.244,100.0,4.784736083820462e-07,0.0,699.9999999703743,0.0,0.0,Summer,147.958,0.0,0.0,0.0
2020-06-19 16:00:00,2504.646,100.0,2.9625603929162025e-08,0.0,699.9999999981657,0.0,0.0,Summer,139.14700000000002,0.0,0.0,0.0
2020-06-19 17:00:00,1882.62,100.0,1.8343562260270118e-09,0.0,699.9999999998864,0.0,0.0,Summer,104.58999999999999,0.0,0.0,0.0
2020-06-19 18:00:00,481.356,100.0,1.1362135410308838e-10,0.0,699.9999999999931,0.0,0.0,Summer,26.741999999999997,0.0,0.0,0.0
2020-06-19 19:00:00,0.0,100.0,0.0,106.60035817780522,593.3996418221878,0.0,0.0,Summer,0.0,15.228622596829316,0.0,0.0
2020-06-19 20:00:00,0.0,100.0,0.0,106.60035817780522,486.7992836443826,0.0,0.0,Summer,0.0,15.228622596829316,0.0,0.0
2020-06-19 21:00:00,0.0,100.0,0.0,106.60035817780522,380.1989254665774,0.0,0.0,Summer,0.0,15.228622596829316,0.0,0.0
2020-06-19 22:00:00,0.0,100.0,0.0,106.60035817780522,273.5985672887722,0.0,0.0,Summer,0.0,15.228622596829316,0.0,0.0
2020-06-19 23:00:00,0.0,100.0,0.0,106.60035817780522,166.998209110967,0.0,0.0,Summer,0.0,15.228622596829316,0.0,0.0
2020-06-20 00:00:00,0.0,100.0,0.0,106.60035817780522,60.397850933161784,0.0,0.0,Summer,0.0,15.228622596829316,0.0,0.0
2020-06-20 01:00:00,0.0,96.65820637527366,0.0,60.397850933161784,0.0,40.0,3.3417936247263427,Summer,0.0,8.628264419023111,100.0,3.3417936247263427
2020-06-20 02:00:00,0.0,40.0,0.0,0.0,0.0,40.0,60.0,Summer,0.0,0.0,100.0,60.0
2020-06-20 03:00:00,0.0,40.0,0.0,0.0,0.0,40.0,60.0,Summer,0.0,0.0,100.0,60.0
2020-06-20 04:00:00,0.0,40.0,0.0,0.0,0.0,40.0,60.0,Summer,0.0,0.0,100.0,60.0
2020-06-20 05:00:00,224.442,100.0,124.44200000000001,0.0,116.73694359678946,0.0,0.0,Summer,12.469000000000001,0.0,0.0,0.0
2020-06-20 06:00:00,669.978,100.0,200.0,0.0,304.35357398972667,0.0,0.0,Summer,37.221,0.0,0.0,0.0
2020-06-20 07:00:00,881.19,100.0,200.0,0.0,491.97020438266384,0.0,0.0,Summer,48.955000000000005,0.0,0.0,0.0
2020-06-20 08:00:00,804.132,100.0,200.0,0.0,679.586834775601,0.0,0.0,Summer,44.674,0.0,0.0,0.0
2020-06-20 09:00:00,1757.214,100.0,20.413165224398952,0.0,698.7360811508811,0.0,0.0,Summer,97.62299999999999,0.0,0.0,0.0
2020-06-20 10:00:00,2480.562,100.0,1.2639188491188689,0.0,699.9217421286901,0.0,0.0,Summer,137.809,0.0,0.0,0.0
2020-06-20 11:00:00,2544.39,100.0,0.07825787130987737,0.0,699.9951545192745,0.0,0.0,Summer,141.355,0.0,0.0,0.0
2020-06-20 12:00:00,2464.326,100.0,0.0048454807255184276,0.0,699.9996999831062,0.0,0.0,Summer,136.907,0.0,0.0,0.0
2020-06-20 13:00:00,1053.522,100.0,0.00030001689377240836,0.0,699.9999814238995,0.0,0.0,Summer,58.528999999999996,0.0,0.0,0.0
2020-06-20 14:00:00,411.21,100.0,1.857610046863556e-05,0.0,699.9999988498264,0.0,0.0,Summer,22.845,0.0,0.0,0.0
2020-06-20 15:00:00,410.328,100.0,1.1501736007630824e-06,0.0,699.9999999287849,0.0,0.0,Summer,22.796,0.0,0.0,0.0
2020-06-20 16:00:00,798.84,100.0,7.121509406715631e-08,0.0,699.9999999955905,0.0,0.0,Summer,44.38,0.0,0.0,0.0
2020-06-20 17:00:00,1176.678,100.0,4.40946314483881e-09,0.0,699.999999999727,0.0,0.0,Summer,65.371,0.0,0.0,0.0
2020-06-20 18:00:00,219.924,100.0,2.7299392968416216e-10,0.0,699.9999999999832,0.0,0.0,Summer,12.218,0.0,0.0,0.0
2020-06-20 19:00:00,0.0,100.0,0.0,106.60035817780522,593.399641822178,0.0,0.0,Summer,0.0,15.228622596829316,0.0,0.0
2020-06-20 20:00:00,0.0,100.0,0.0,106.60035817780522,486.79928364437274,0.0,0.0,Summer,0.0,15.228622596829316,0.0,0.0
2020-06-20 21:00:00,0.0,100.0,0.0,106.60035817780522,380.1989254665675,0.0,0.0,Summer,0.0,15.228622596829316,0.0,0.0
2020-06-20 22:00:00,0.0,100.0,0.0,106.60035817780522,273.5985672887623,0.0,0.0,Summer,0.0,15.228622596829316,0.0,0.0
2020-06-20 23:00:00,0.0,100.0,0.0,106.60035817780522,166.9982091109571,0.0,0.0,Summer,0.0,15.228622596829316,0.0,0.0
2020-06-21 00:00:00,0.0,100.0,0.0,106.60035817780522,60.39785093315189,0.0,0.0,Summer,0.0,15.228622596829316,0.0,0.0
2020-06-21 01:00:00,0.0,96.65820637526437,0.0,60.39785093315189,0.0,40.0,3.3417936247356295,Summer,0.0,8.628264419021699,100.0,3.34179362473563
2020-06-21 02:00:00,0.0,40.0,0.0,0.0,0.0,40.0,60.0,Summer,0.0,0.0,100.0,60.0
2020-06-21 03:00:00,0.0,40.0,0.0,0.0,0.0,40.0,60.0,Summer,0.0,0.0,100.0,60.0
2020-06-21 04:00:00,15.93036,55.93036,0.0,0.0,0.0,40.0,44.06963999999999,Summer,0.88502,0.0,100.0,44.06963999999999
2020-06-21 05:00:00,622.53,100.0,200.0,0.0,187.6166303929372,0.0,0.0,Summer,34.585,0.0,0.0,0.0
2020-06-21 06:00:00,1800.918,100.0,200.0,0.0,375.2332607858744,0.0,0.0,Summer,100.051,0.0,0.0,0.0
2020-06-21 07:00:00,2438.28,100.0,200.0,0.0,562.8498911788115,0.0,0.0,Summer,135.46,0.0,0.0,0.0
2020-06-21 08:00:00,2387.412,100.0,137.15010882118844,0.0,691.5080975540917,0.0,0.0,Summer,132.634,0.0,0.0,0.0
2020-06-21 09:00:00,2682.648,100.0,8.491902445908286,0.0,699.4742081667259,0.0,0.0,Summer,149.036,0.0,0.0,0.0
2020-06-21 10:00:00,2662.29,100.0,0.5257918332740664,0.0,699.9674446269609,0.0,0.0,Summer,147.905,0.0,0.0,0.0
2020-06-21 11:00:00,2579.634,100.0,0.03255537303909659,0.0,699.9979842739149,0.0,0.0,Summer,143.313,0.0,0.0,0.0
2020-06-21 12:00:00,1813.788,100.0,0.0020157260851701724,0.0,699.9998751925942,0.0,0.0,Summer,100.766,0.0,0.0,0.0
2020-06-21 13:00:00,991.08,100.0,0.00012480740575119854,0.0,699.9999922723188,0.0,0.0,Summer,55.059999999999995,0.0,0.0,0.0
2020-06-21 14:00:00,1076.67,100.0,7.727681193500757e-06,0.0,699.9999995215264,0.0,0.0,Summer,59.815000000000005,0.0,0.0,0.0
2020-06-21 15:00:00,1225.404,100.0,4.784736083820462e-07,0.0,699.9999999703743,0.0,0.0,Summer,68.078,0.0,0.0,0.0
2020-06-21 16:00:00,1135.548,100.0,2.9625603929162025e-08,0.0,699.9999999981657,0.0,0.0,Summer,63.086,0.0,0.0,0.0
2020-06-21 17:00:00,154.251,100.0,1.8343562260270118e-09,0.0,699.9999999998864,0.0,0.0,Summer,8.569500000000001,0.0,0.0,0.0
2020-06-21 18:00:00,40.9428,100.0,0.0,62.95518672978278,637.0448132701036,0.0,0.0,Summer,2.2746,8.993598104254682,0.0,0.0
2020-06-21 19:00:00,0.0,100.0,0.0,106.60035817780522,530.4444550922984,0.0,0.0,Summer,0.0,15.228622596829316,0.0,0.0
2020-06-21 20:00:00,0.0,100.0,0.0,106.60035817780522,423.84409691449326,0.0,0.0,Summer,0.0,15.228622596829316,0.0,0.0
2020-06-21 21:00:00,0.0,100.0,0.0,106.60035817780522,317.24373873668804,0.0,0.0,Summer,0.0,15.228622596829316,0.0,0.0
2020-06-21 22:00:00,0.0,100.0,0.0,106.60035817780522,210.64338055888285,0.0,0.0,Summer,0.0,15.228622596829316,0.0,0.0
2020-06-21 23:00:00,0.0,100.0,0.0,106.60035817780522,104.04302238107762,0.0,0.0,Summer,0.0,15.228622596829316,0.0,0.0
2020-06-22 00:00:00,0.0,100.0,0.0,104.04302238107762,0.0,2.398993624826346,0.0,Summer,0.0,14.863288911582517,5.997484062065865,0.0
2020-06-22 01:00:00,0.0,40.0,0.0,0.0,0.0,40.0,60.0,Summer,0.0,0.0,100.0,60.0
2020-06-22 02:00:00,0.0,40.0,0.0,0.0,0.0,40.0,60.0,Summer,0.0,0.0,100.0,60.0
2020-06-22 03:00:00,0.0,40.0,0.0,0.0,0.0,40.0,60.0,Summer,0.0,0.0,100.0,60.0
2020-06-22 04:00:00,0.0,40.0,0.0,0.0,0.0,40.0,60.0,Summer,0.0,0.0,100.0,60.0
2020-06-22 05:00:00,904.626,100.0,200.0,0.0,187.6166303929372,0.0,0.0,Summer,50.257,0.0,0.0,0.0
2020-06-22 06:00:00,2173.086,100.0,200.0,0.0,375.2332607858744,0.0,0.0,Summer,120.72699999999999,0.0,0.0,0.0
2020-06-22 07:00:00,2645.298,100.0,200.0,0.0,562.8498911788115,0.0,0.0,Summer,146.96099999999998,0.0,0.0,0.0
2020-06-22 08:00:00,2764.674,100.0,137.15010882118844,0.0,691.5080975540917,0.0,0.0,Summer,153.593,0.0,0.0,0.0
2020-06-22 09:00:00,2797.92,100.0,8.491902445908286,0.0,699.4742081667259,0.0,0.0,Summer,155.44,0.0,0.0,0.0
2020-06-22 10:00:00,2835.846,100.0,0.5257918332740664,0.0,699.9674446269609,0.0,0.0,Summer,157.547,0.0,0.0,0.0
2020-06-22 11:00:00,2816.946,100.0,0.03255537303909659,0.0,699.9979842739149,0.0,0.0,Summer,156.49699999999999,0.0,0.0,0.0
2020-06-22 12:00:00,2817.918,100.0,0.0020157260851701724,0.0,699.9998751925942,0.0,0.0,Summer,156.551,0.0,0.0,0.0
2020-06-22 13:00:00,2802.24,100.0,0.00012480740575119854,0.0,699.9999922723188,0.0,0.0,Summer,155.68,0.0,0.0,0.0
2020-06-22 14:00:00,2698.47,100.0,7.727681193500757e-06,0.0,699.9999995215264,0.0,0.0,Summer,149.915,0.0,0.0,0.0
2020-06-22 15:00:00,1970.388,100.0,4.784736083820462e-07,0.0,699.9999999703743,0.0,0.0,Summer,109.466,0.0,0.0,0.0
2020-06-22 16:00:00,468.198,100.0,2.9625603929162025e-08,0.0,699.9999999981657,0.0,0.0,Summer,26.011,0.0,0.0,0.0
2020-06-22 17:00:00,101.2878,100.0,1.8343562260270118e-09,0.0,699.9999999998864,0.0,0.0,Summer,5.6271,0.0,0.0,0.0
2020-06-22 18:00:00,38.35979999999999,100.0,0.0,65.7086739815155,634.2913260183709,0.0,0.0,Summer,2.1310999999999996,9.386953425930786,0.0,0.0
2020-06-22 19:00:00,0.0,100.0,0.0,106.60035817780522,527.6909678405657,0.0,0.0,Summer,0.0,15.228622596829316,0.0,0.0
2020-06-22 20:00:00,0.0,100.0,0.0,106.60035817780522,421.0906096627605,0.0,0.0,Summer,0.0,15.228622596829316,0.0,0.0
2020-06-22 21:00:00,0.0,100.0,0.0,106.60035817780522,314.4902514849553,0.0,0.0,Summer,0.0,15.228622596829316,0.0,0.0
2020-06-22 22:00:00,0.0,100.0,0.0,106.60035817780522,207.88989330715012,0.0,0.0,Summer,0.0,15.228622596829316,0.0,0.0
2020-06-22 23:00:00,0.0,100.0,0.0,106.60035817780522,101.2895351293449,0.0,0.0,Summer,0.0,15.228622596829316,0.0,0.0
2020-06-23 00:00:00,0.0,100.0,0.0,101.2895351293449,0.0,4.981993624826359,0.0,Summer,0.0,14.469933589906415,12.454984062065897,0.0
2020-06-23 01:00:00,0.0,40.0,0.0,0.0,0.0,40.0,60.0,Summer,0.0,0.0,100.0,60.0
2020-06-23 02:00:00,0.0,40.0,0.0,0.0,0.0,40.0,60.0,Summer,0.0,0.0,100.0,60.0
2020-06-23 03:00:00,0.0,40.0,0.0,0.0,0.0,40.0,60.0,Summer,0.0,0.0,100.0,60.0
2020-06-23 04:00:00,0.0,40.0,0.0,0.0,0.0,40.0,60.0,Summer,0.0,0.0,100.0,60.0
2020-06-23 05:00:00,691.542,100.0,200.0,0.0,187.6166303929372,0.0,0.0,Summer,38.419000000000004,0.0,0.0,0.0
2020-06-23 06:00:00,2019.042,100.0,200.0,0.0,375.2332607858744,0.0,0.0,Summer,112.16899999999998,0.0,0.0,0.0
2020-06-23 07:00:00,2520.432,100.0,200.0,0.0,562.8498911788115,0.0,0.0,Summer,140.024,0.0,0.0,0.0
2020-06-23 08:00:00,2177.568,100.0,137.15010882118844,0.0,691.5080975540917,0.0,0.0,Summer,120.97600000000001,0.0,0.0,0.0
2020-06-23 09:00:00,2176.992,100.0,8.491902445908286,0.0,699.4742081667259,0.0,0.0,Summer,120.944,0.0,0.0,0.0
2020-06-23 10:00:00,2656.26,100.0,0.5257918332740664,0.0,699.9674446269609,0.0,0.0,Summer,147.57,0.0,0.0,0.0
2020-06-23 11:00:00,2717.658,100.0,0.03255537303909659,0.0,699.9979842739149,0.0,0.0,Summer,150.981,0.0,0.0,0.0
2020-06-23 12:00:00,2781.072,100.0,0.0020157260851701724,0.0,699.9998751925942,0.0,0.0,Summer,154.504,0.0,0.0,0.0
2020-06-23 13:00:00,2785.014,100.0,0.00012480740575119854,0.0,699.9999922723188,0.0,0.0,Summer,154.723,0.0,0.0,0.0
2020-06-23 14:00:00,2649.798,100.0,7.727681193500757e-06,0.0,699.9999995215264,0.0,0.0,Summer,147.21099999999998,0.0,0.0,0.0
2020-06-23 15:00:00,1983.888,100.0,4.784736083820462e-07,0.0,699.9999999703743,0.0,0.0,Summer,110.21600000000001,0.0,0.0,0.0
2020-06-23 16:00:00,2133.036,100.0,2.9625603929162025e-08,0.0,699.9999999981657,0.0,0.0,Summer,118.502,0.0,0.0,0.0
2020-06-23 17:00:00,1691.496,100.0,1.8343562260270118e-09,0.0,699.9999999998864,0.0,0.0,Summer,93.972,0.0,0.0,0.0
2020-06-23 18:00:00,173.27519999999998,100.0,1.1362135410308838e-10,0.0,699.9999999999931,0.0,0.0,Summer,9.626399999999999,0.0,0.0,0.0
2020-06-23 19:00:00,0.0,100.0,0.0,106.60035817780522,593.3996418221878,0.0,0.0,Summer,0.0,15.228622596829316,0.0,0.0
2020-06-23 20:00:00,0.0,100.0,0.0,106.60035817780522,486.7992836443826,0.0,0.0,Summer,0.0,15.228622596829316,0.0,0.0
2020-06-23 21:00:00,0.0,100.0,0.0,106.60035817780522,380.1989254665774,0.0,0.0,Summer,0.0,15.228622596829316,0.0,0.0
2020-06-23 22:00:00,0.0,100.0,0.0,106.60035817780522,273.5985672887722,0.0,0.0,Summer,0.0,15.228622596829316,0.0,0.0
2020-06-23 23:00:00,0.0,100.0,0.0,106.60035817780522,166.998209110967,0.0,0.0,Summer,0.0,15.228622596829316,0.0,0.0
2020-06-24 00:00:00,0.0,100.0,0.0,106.60035817780522,60.397850933161784,0.0,0.0,Summer,0.0,15.228622596829316,0.0,0.0
2020-06-24 01:00:00,0.0,96.65820637527366,0.0,60.397850933161784,0.0,40.0,3.3417936247263427,Summer,0.0,8.628264419023111,100.0,3.3417936247263427
2020-06-24 02:00:00,0.0,40.0,0.0,0.0,0.0,40.0,60.0,Summer,0.0,0.0,100.0,60.0
2020-06-24 03:00:00,0.0,40.0,0.0,0.0,0.0,40.0,60.0,Summer,0.0,0.0,100.0,60.0
2020-06-24 04:00:00,15.79536,55.79536,0.0,0.0,0.0,40.0,44.20464,Summer,0.8775200000000001,0.0,100.0,44.20464
2020-06-24 05:00:00,684.504,100.0,200.0,0.0,187.6166303929372,0.0,0.0,Summer,38.028,0.0,0.0,0.0
2020-06-24 06:00:00,1939.932,100.0,200.0,0.0,375.2332607858744,0.0,0.0,Summer,107.77399999999999,0.0,0.0,0.0
2020-06-24 07:00:00,2551.266,100.0,200.0,0.0,562.8498911788115,0.0,0.0,Summer,141.737,0.0,0.0,0.0
2020-06-24 08:00:00,2718.018,100.0,137.15010882118844,0.0,691.5080975540917,0.0,0.0,Summer,151.001,0.0,0.0,0.0
2020-06-24 09:00:00,2573.334,100.0,8.491902445908286,0.0,699.4742081667259,0.0,0.0,Summer,142.963,0.0,0.0,0.0
2020-06-24 10:00:00,2483.1,100.0,0.5257918332740664,0.0,699.9674446269609,0.0,0.0,Summer,137.95,0.0,0.0,0.0
2020-06-24 11:00:00,2648.934,100.0,0.03255537303909659,0.0,699.9979842739149,0.0,0.0,Summer,147.163,0.0,0.0,0.0
2020-06-24 12:00:00,2722.788,100.0,0.0020157260851701724,0.0,699.9998751925942,0.0,0.0,Summer,151.26600000000002,0.0,0.0,0.0
2020-06-24 13:00:00,1684.854,100.0,0.00012480740575119854,0.0,699.9999922723188,0.0,0.0,Summer,93.60300000000001,0.0,0.0,0.0
2020-06-24 14:00:00,417.096,100.0,7.727681193500757e-06,0.0,699.9999995215264,0.0,0.0,Summer,23.172,0.0,0.0,0.0
2020-06-24 15:00:00,269.766,100.0,4.784736083820462e-07,0.0,699.9999999703743,0.0,0.0,Summer,14.987,0.0,0.0,0.0
2020-06-24 16:00:00,183.258,100.0,2.9625603929162025e-08,0.0,699.9999999981657,0.0,0.0,Summer,10.181000000000001,0.0,0.0,0.0
2020-06-24 17:00:00,100.9242,100.0,1.8343562260270118e-09,0.0,699.9999999998864,0.0,0.0,Summer,5.6069,0.0,0.0,0.0
2020-06-24 18:00:00,39.7296,100.0,0.0,64.24846227519592,635.7515377246905,0.0,0.0,Summer,2.2072,9.178351753599417,0.0,0.0
2020-06-24 19:00:00,0.0,100.0,0.0,106.60035817780522,529.1511795468853,0.0,0.0,Summer,0.0,15.228622596829316,0.0,0.0
2020-06-24 20:00:00,0.0,100.0,0.0,106.60035817780522,422.5508213690801,0.0,0.0,Summer,0.0,15.228622596829316,0.0,0.0
2020-06-24 21:00:00,0.0,100.0,0.0,106.60035817780522,315.9504631912749,0.0,0.0,Summer,0.0,15.228622596829316,0.0,0.0
2020-06-24 22:00:00,0.0,100.0,0.0,106.60035817780522,209.3501050134697,0.0,0.0,Summer,0.0,15.228622596829316,0.0,0.0
2020-06-24 23:00:00,0.0,100.0,0.0,106.60035817780522,102.74974683566448,0.0,0.0,Summer,0.0,15.228622596829316,0.0,0.0
2020-06-25 00:00:00,0.0,100.0,0.0,102.74974683566448,0.0,3.6121936248263466,0.0,Summer,0.0,14.678535262237782,9.030484062065867,0.0
2020-06-25 01:00:00,0.0,40.0,0.0,0.0,0.0,40.0,60.0,Summer,0.0,0.0,100.0,60.0
2020-06-25 02:00:00,0.0,40.0,0.0,0.0,0.0,40.0,60.0,Summer,0.0,0.0,100.0,60.0
2020-06-25 03:00:00,0.0,40.0,0.0,0.0,0.0,40.0,60.0,Summer,0.0,0.0,100.0,60.0
2020-06-25 04:00:00,23.9418,63.9418,0.0,0.0,0.0,40.0,36.0582,Summer,1.3301,0.0,100.0,36.0582
2020-06-25 05:00:00,808.326,100.0,200.0,0.0,187.6166303929372,0.0,0.0,Summer,44.907000000000004,0.0,0.0,0.0
2020-06-25 06:00:00,2169.306,100.0,200.0,0.0,375.2332607858744,0.0,0.0,Summer,120.51700000000001,0.0,0.0,0.0
2020-06-25 07:00:00,2633.436,100.0,200.0,0.0,562.8498911788115,0.0,0.0,Summer,146.302,0.0,0.0,0.0
2020-06-25 08:00:00,2736.936,100.0,137.15010882118844,0.0,691.5080975540917,0.0,0.0,Summer,152.05200000000002,0.0,0.0,0.0
2020-06-25 09:00:00,2815.092,100.0,8.491902445908286,0.0,699.4742081667259,0.0,0.0,Summer,156.394,0.0,0.0,0.0
2020-06-25 10:00:00,2791.026,100.0,0.5257918332740664,0.0,699.9674446269609,0.0,0.0,Summer,155.057,0.0,0.0,0.0
2020-06-25 11:00:00,2760.39,100.0,0.03255537303909659,0.0,699.9979842739149,0.0,0.0,Summer,153.355,0.0,0.0,0.0
2020-06-25 12:00:00,2721.402,100.0,0.0020157260851701724,0.0,699.9998751925942,0.0,0.0,Summer,151.189,0.0,0.0,0.0
2020-06-25 13:00:00,2713.806,100.0,0.00012480740575119854,0.0,699.9999922723188,0.0,0.0,Summer,150.767,0.0,0.0,0.0
2020-06-25 14:00:00,2502.792,100.0,7.727681193500757e-06,0.0,699.9999995215264,0.0,0.0,Summer,139.04399999999998,0.0,0.0,0.0
2020-06-25 15:00:00,1284.12,100.0,4.784736083820462e-07,0.0,699.9999999703743,0.0,0.0,Summer,71.33999999999999,0.0,0.0,0.0
2020-06-25 16:00:00,204.966,100.0,2.9625603929162025e-08,0.0,699.9999999981657,0.0,0.0,Summer,11.387,0.0,0.0,0.0
2020-06-25 17:00:00,100.1052,100.0,1.8343562260270118e-09,0.0,699.9999999998864,0.0,0.0,Summer,5.5614,0.0,0.0,0.0
2020-06-25 18:00:00,39.385799999999996,100.0,0.0,64.61495430661121,635.3850456932752,0.0,0.0,Summer,2.1881,9.230707758087316,0.0,0.0
2020-06-25 19:00:00,0.0,100.0,0.0,106.60035817780522,528.78468751547,0.0,0.0,Summer,0.0,15.228622596829316,0.0,0.0
2020-06-25 20:00:00,0.0,100.0,0.0,106.60035817780522,422.18432933766474,0.0,0.0,Summer,0.0,15.228622596829316,0.0,0.0
2020-06-25 21:00:00,0.0,100.0,0.0,106.60035817780522,315.5839711598596,0.0,0.0,Summer,0.0,15.228622596829316,0.0,0.0
2020-06-25 22:00:00,0.0,100.0,0.0,106.60035817780522,208.98361298205435,0.0,0.0,Summer,0.0,15.228622596829316,0.0,0.0
2020-06-25 23:00:00,0.0,100.0,0.0,106.60035817780522,102.38325480424913,0.0,0.0,Summer,0.0,15.228622596829316,0.0,0.0
2020-06-26 00:00:00,0.0,100.0,0.0,102.38325480424913,0.0,3.955993624826391,0.0,Summer,0.0,14.626179257749877,9.889984062065977,0.0
2020-06-26 01:00:00,0.0,40.0,0.0,0.0,0.0,40.0,60.0,Summer,0.0,0.0,100.0,60.0
2020-06-26 02:00:00,0.0,40.0,0.0,0.0,0.0,40.0,60.0,Summer,0.0,0.0,100.0,60.0
2020-06-26 03:00:00,0.0,40.0,0.0,0.0,0.0,40.0,60.0,Summer,0.0,0.0,100.0,60.0
2020-06-26 04:00:00,0.0,40.0,0.0,0.0,0.0,40.0,60.0,Summer,0.0,0.0,100.0,60.0
2020-06-26 05:00:00,313.776,100.0,200.0,0.0,187.6166303929372,0.0,0.0,Summer,17.432,0.0,0.0,0.0
2020-06-26 06:00:00,409.662,100.0,200.0,0.0,375.2332607858744,0.0,0.0,Summer,22.759,0.0,0.0,0.0
2020-06-26 07:00:00,1149.588,100.0,200.0,0.0,562.8498911788115,0.0,0.0,Summer,63.866,0.0,0.0,0.0
2020-06-26 08:00:00,1959.12,100.0,137.15010882118844,0.0,691.5080975540917,0.0,0.0,Summer,108.84,0.0,0.0,0.0
2020-06-26 09:00:00,1728.954,100.0,8.491902445908286,0.0,699.4742081667259,0.0,0.0,Summer,96.053,0.0,0.0,0.0
2020-06-26 10:00:00,1944.72,100.0,0.5257918332740664,0.0,699.9674446269609,0.0,0.0,Summer,108.04,0.0,0.0,0.0
2020-06-26 11:00:00,2324.844,100.0,0.03255537303909659,0.0,699.9979842739149,0.0,0.0,Summer,129.158,0.0,0.0,0.0
2020-06-26 12:00:00,2350.656,100.0,0.0020157260851701724,0.0,699.9998751925942,0.0,0.0,Summer,130.59199999999998,0.0,0.0,0.0
2020-06-26 13:00:00,639.504,100.0,0.00012480740575119854,0.0,699.9999922723188,0.0,0.0,Summer,35.528,0.0,0.0,0.0
2020-06-26 14:00:00,348.426,100.0,7.727681193500757e-06,0.0,699.9999995215264,0.0,0.0,Summer,19.357,0.0,0.0,0.0
2020-06-26 15:00:00,270.864,100.0,4.784736083820462e-07,0.0,699.9999999703743,0.0,0.0,Summer,15.047999999999998,0.0,0.0,0.0
2020-06-26 16:00:00,189.36,100.0,2.9625603929162025e-08,0.0,699.9999999981657,0.0,0.0,Summer,10.52,0.0,0.0,0.0
2020-06-26 17:00:00,138.51180000000002,100.0,1.8343562260270118e-09,0.0,699.9999999998864,0.0,0.0,Summer,7.695100000000001,0.0,0.0,0.0
2020-06-26 18:00:00,51.226200000000006,100.0,0.0,51.99304549692636,648.00695450296,0.0,0.0,Summer,2.8459000000000003,7.427577928132337,0.0,0.0
2020-06-26 19:00:00,0.0,100.0,0.0,106.60035817780522,541.4065963251547,0.0,0.0,Summer,0.0,15.228622596829316,0.0,0.0
2020-06-26 20:00:00,0.0,100.0,0.0,106.60035817780522,434.8062381473496,0.0,0.0,Summer,0.0,15.228622596829316,0.0,0.0
2020-06-26 21:00:00,0.0,100.0,0.0,106.60035817780522,328.20587996954436,0.0,0.0,Summer,0.0,15.228622596829316,0.0,0.0
2020-06-26 22:00:00,0.0,100.0,0.0,106.60035817780522,221.60552179173916,0.0,0.0,Summer,0.0,15.228622596829316,0.0,0.0
2020-06-26 23:00:00,0.0,100.0,0.0,106.60035817780522,115.00516361393395,0.0,0.0,Summer,0.0,15.228622596829316,0.0,0.0
2020-06-27 00:00:00,0.0,100.0,0.0,106.60035817780522,8.404805436128722,0.0,0.0,Summer,0.0,15.228622596829316,0.0,0.0
2020-06-27 01:00:00,0.0,47.884406375173555,0.0,8.404805436128722,0.0,40.0,52.115593624826445,Summer,0.0,1.2006864908755317,100.0,52.11559362482645
2020-06-27 02:00:00,0.0,40.0,0.0,0.0,0.0,40.0,60.0,Summer,0.0,0.0,100.0,60.0
2020-06-27 03:00:00,0.0,40.0,0.0,0.0,0.0,40.0,60.0,Summer,0.0,0.0,100.0,60.0
2020-06-27 04:00:00,16.038539999999998,56.03854,0.0,0.0,0.0,40.0,43.96146,Summer,0.89103,0.0,100.0,43.96146
2020-06-27 05:00:00,977.364,100.0,200.0,0.0,187.6166303929372,0.0,0.0,Summer,54.298,0.0,0.0,0.0
2020-06-27 06:00:00,2285.496,100.0,200.0,0.0,375.2332607858744,0.0,0.0,Summer,126.972,0.0,0.0,0.0
2020-06-27 07:00:00,2645.928,100.0,200.0,0.0,562.8498911788115,0.0,0.0,Summer,146.99599999999998,0.0,0.0,0.0
2020-06-27 08:00:00,2781.468,100.0,137.15010882118844,0.0,691.5080975540917,0.0,0.0,Summer,154.52599999999998,0.0,0.0,0.0
2020-06-27 09:00:00,2820.294,100.0,8.491902445908286,0.0,699.4742081667259,0.0,0.0,Summer,156.683,0.0,0.0,0.0
2020-06-27 10:00:00,2812.716,100.0,0.5257918332740664,0.0,699.9674446269609,0.0,0.0,Summer,156.262,0.0,0.0,0.0
2020-06-27 11:00:00,2791.152,100.0,0.03255537303909659,0.0,699.9979842739149,0.0,0.0,Summer,155.064,0.0,0.0,0.0
2020-06-27 12:00:00,2788.668,100.0,0.0020157260851701724,0.0,699.9998751925942,0.0,0.0,Summer,154.92600000000002,0.0,0.0,0.0
2020-06-27 13:00:00,2787.84,100.0,0.00012480740575119854,0.0,699.9999922723188,0.0,0.0,Summer,154.88000000000002,0.0,0.0,0.0
2020-06-27 14:00:00,2763.396,100.0,7.727681193500757e-06,0.0,699.9999995215264,0.0,0.0,Summer,153.522,0.0,0.0,0.0
2020-06-27 15:00:00,2692.746,100.0,4.784736083820462e-07,0.0,699.9999999703743,0.0,0.0,Summer,149.597,0.0,0.0,0.0
2020-06-27 16:00:00,2530.386,100.0,2.9625603929162025e-08,0.0,699.9999999981657,0.0,0.0,Summer,140.577,0.0,0.0,0.0
2020-06-27 17:00:00,2123.766,100.0,1.8343562260270118e-09,0.0,699.9999999998864,0.0,0.0,Summer,117.987,0.0,0.0,0.0
2020-06-27 18:00:00,745.308,100.0,1.1362135410308838e-10,0.0,699.9999999999931,0.0,0.0,Summer,41.406,0.0,0.0,0.0
2020-06-27 19:00:00,0.0,100.0,0.0,106.60035817780522,593.3996418221878,0.0,0.0,Summer,0.0,15.228622596829316,0.0,0.0
2020-06-27 20:00:00,0.0,100.0,0.0,106.60035817780522,486.7992836443826,0.0,0.0,Summer,0.0,15.228622596829316,0.0,0.0
2020-06-27 21:00:00,0.0,100.0,0.0,106.60035817780522,380.1989254665774,0.0,0.0,Summer,0.0,15.228622596829316,0.0,0.0
2020-06-27 22:00:00,0.0,100.0,0.0,106.60035817780522,273.5985672887722,0.0,0.0,Summer,0.0,15.228622596829316,0.0,0.0
2020-06-27 23:00:00,0.0,100.0,0.0,106.60035817780522,166.998209110967,0.0,0.0,Summer,0.0,15.228622596829316,0.0,0.0
2020-06-28 00:00:00,0.0,100.0,0.0,106.60035817780522,60.397850933161784,0.0,0.0,Summer,0.0,15.228622596829316,0.0,0.0
2020-06-28 01:00:00,0.0,96.65820637527366,0.0,60.397850933161784,0.0,40.0,3.3417936247263427,Summer,0.0,8.628264419023111,100.0,3.3417936247263427
2020-06-28 02:00:00,0.0,40.0,0.0,0.0,0.0,40.0,60.0,Summer,0.0,0.0,100.0,60.0
2020-06-28 03:00:00,0.0,40.0,0.0,0.0,0.0,40.0,60.0,Summer,0.0,0.0,100.0,60.0
2020-06-28 04:00:00,0.0,40.0,0.0,0.0,0.0,40.0,60.0,Summer,0.0,0.0,100.0,60.0
2020-06-28 05:00:00,943.164,100.0,200.0,0.0,187.6166303929372,0.0,0.0,Summer,52.398,0.0,0.0,0.0
2020-06-28 06:00:00,2218.032,100.0,200.0,0.0,375.2332607858744,0.0,0.0,Summer,123.224,0.0,0.0,0.0
2020-06-28 07:00:00,2613.582,100.0,200.0,0.0,562.8498911788115,0.0,0.0,Summer,145.19899999999998,0.0,0.0,0.0
2020-06-28 08:00:00,2766.33,100.0,137.15010882118844,0.0,691.5080975540917,0.0,0.0,Summer,153.685,0.0,0.0,0.0
2020-06-28 09:00:00,2808.162,100.0,8.491902445908286,0.0,699.4742081667259,0.0,0.0,Summer,156.009,0.0,0.0,0.0
2020-06-28 10:00:00,2777.724,100.0,0.5257918332740664,0.0,699.9674446269609,0.0,0.0,Summer,154.318,0.0,0.0,0.0
2020-06-28 11:00:00,2758.122,100.0,0.03255537303909659,0.0,699.9979842739149,0.0,0.0,Summer,153.22899999999998,0.0,0.0,0.0
2020-06-28 12:00:00,2743.758,100.0,0.0020157260851701724,0.0,699.9998751925942,0.0,0.0,Summer,152.43099999999998,0.0,0.0,0.0
2020-06-28 13:00:00,2737.368,100.0,0.00012480740575119854,0.0,699.9999922723188,0.0,0.0,Summer,152.076,0.0,0.0,0.0
2020-06-28 14:00:00,2703.24,100.0,7.727681193500757e-06,0.0,699.9999995215264,0.0,0.0,Summer,150.17999999999998,0.0,0.0,0.0
2020-06-28 15:00:00,2628.144,100.0,4.784736083820462e-07,0.0,699.9999999703743,0.0,0.0,Summer,146.00799999999998,0.0,0.0,0.0
2020-06-28 16:00:00,2463.138,100.0,2.9625603929162025e-08,0.0,699.9999999981657,0.0,0.0,Summer,136.84099999999998,0.0,0.0,0.0
2020-06-28 17:00:00,2080.998,100.0,1.8343562260270118e-09,0.0,699.9999999998864,0.0,0.0,Summer,115.61099999999999,0.0,0.0,0.0
2020-06-28 18:00:00,809.028,100.0,1.1362135410308838e-10,0.0,699.9999999999931,0.0,0.0,Summer,44.946000000000005,0.0,0.0,0.0
2020-06-28 19:00:00,0.0,100.0,0.0,106.60035817780522,593.3996418221878,0.0,0.0,Summer,0.0,15.228622596829316,0.0,0.0
2020-06-28 20:00:00,0.0,100.0,0.0,106.60035817780522,486.7992836443826,0.0,0.0,Summer,0.0,15.228622596829316,0.0,0.0
2020-06-28 21:00:00,0.0,100.0,0.0,106.60035817780522,380.1989254665774,0.0,0.0,Summer,0.0,15.228622596829316,0.0,0.0
2020-06-28 22:00:00,0.0,100.0,0.0,106.60035817780522,273.5985672887722,0.0,0.0,Summer,0.0,15.228622596829316,0.0,0.0
2020-06-28 23:00:00,0.0,100.0,0.0,106.60035817780522,166.998209110967,0.0,0.0,Summer,0.0,15.228622596829316,0.0,0.0
2020-06-29 00:00:00,0.0,100.0,0.0,106.60035817780522,60.397850933161784,0.0,0.0,Summer,0.0,15.228622596829316,0.0,0.0
2020-06-29 01:00:00,0.0,96.65820637527366,0.0,60.397850933161784,0.0,40.0,3.3417936247263427,Summer,0.0,8.628264419023111,100.0,3.3417936247263427
2020-06-29 02:00:00,0.0,40.0,0.0,0.0,0.0,40.0,60.0,Summer,0.0,0.0,100.0,60.0
2020-06-29 03:00:00,0.0,40.0,0.0,0.0,0.0,40.0,60.0,Summer,0.0,0.0,100.0,60.0
2020-06-29 04:00:00,0.0,40.0,0.0,0.0,0.0,40.0,60.0,Summer,0.0,0.0,100.0,60.0
2020-06-29 05:00:00,525.834,100.0,200.0,0.0,187.6166303929372,0.0,0.0,Summer,29.212999999999994,0.0,0.0,0.0
2020-06-29 06:00:00,1856.304,100.0,200.0,0.0,375.2332607858744,0.0,0.0,Summer,103.128,0.0,0.0,0.0
2020-06-29 07:00:00,2494.044,100.0,200.0,0.0,562.8498911788115,0.0,0.0,Summer,138.558,0.0,0.0,0.0
2020-06-29 08:00:00,2605.896,100.0,137.15010882118844,0.0,691.5080975540917,0.0,0.0,Summer,144.77200000000002,0.0,0.0,0.0
2020-06-29 09:00:00,2638.224,100.0,8.491902445908286,0.0,699.4742081667259,0.0,0.0,Summer,146.568,0.0,0.0,0.0
2020-06-29 10:00:00,2660.598,100.0,0.5257918332740664,0.0,699.9674446269609,0.0,0.0,Summer,147.811,0.0,0.0,0.0
2020-06-29 11:00:00,2696.418,100.0,0.03255537303909659,0.0,699.9979842739149,0.0,0.0,Summer,149.80100000000002,0.0,0.0,0.0
2020-06-29 12:00:00,2716.362,100.0,0.0020157260851701724,0.0,699.9998751925942,0.0,0.0,Summer,150.909,0.0,0.0,0.0
2020-06-29 13:00:00,2729.52,100.0,0.00012480740575119854,0.0,699.9999922723188,0.0,0.0,Summer,151.64,0.0,0.0,0.0
2020-06-29 14:00:00,2729.304,100.0,7.727681193500757e-06,0.0,699.9999995215264,0.0,0.0,Summer,151.62800000000001,0.0,0.0,0.0
2020-06-29 15:00:00,2697.768,100.0,4.784736083820462e-07,0.0,699.9999999703743,0.0,0.0,Summer,149.876,0.0,0.0,0.0
2020-06-29 16:00:00,2525.04,100.0,2.9625603929162025e-08,0.0,699.9999999981657,0.0,0.0,Summer,140.28,0.0,0.0,0.0
2020-06-29 17:00:00,2149.704,100.0,1.8343562260270118e-09,0.0,699.9999999998864,0.0,0.0,Summer,119.428,0.0,0.0,0.0
2020-06-29 18:00:00,805.572,100.0,1.1362135410308838e-10,0.0,699.9999999999931,0.0,0.0,Summer,44.754,0.0,0.0,0.0
2020-06-29 19:00:00,0.0,100.0,0.0,106.60035817780522,593.3996418221878,0.0,0.0,Summer,0.0,15.228622596829316,0.0,0.0
2020-06-29 20:00:00,0.0,100.0,0.0,106.60035817780522,486.7992836443826,0.0,0.0,Summer,0.0,15.228622596829316,0.0,0.0
2020-06-29 21:00:00,0.0,100.0,0.0,106.60035817780522,380.1989254665774,0.0,0.0,Summer,0.0,15.228622596829316,0.0,0.0
2020-06-29 22:00:00,0.0,100.0,0.0,106.60035817780522,273.5985672887722,0.0,0.0,Summer,0.0,15.228622596829316,0.0,0.0
2020-06-29 23:00:00,0.0,100.0,0.0,106.60035817780522,166.998209110967,0.0,0.0,Summer,0.0,15.228622596829316,0.0,0.0
2020-06-30 00:00:00,0.0,100.0,0.0,106.60035817780522,60.397850933161784,0.0,0.0,Summer,0.0,15.228622596829316,0.0,0.0
2020-06-30 01:00:00,0.0,96.65820637527366,0.0,60.397850933161784,0.0,40.0,3.3417936247263427,Summer,0.0,8.628264419023111,100.0,3.3417936247263427
2020-06-30 02:00:00,0.0,40.0,0.0,0.0,0.0,40.0,60.0,Summer,0.0,0.0,100.0,60.0
2020-06-30 03:00:00,0.0,40.0,0.0,0.0,0.0,40.0,60.0,Summer,0.0,0.0,100.0,60.0
2020-06-30 04:00:00,16.23672,56.23672,0.0,0.0,0.0,40.0,43.76328000000001,Summer,0.90204,0.0,100.0,43.76328000000001
2020-06-30 05:00:00,915.192,100.0,200.0,0.0,187.6166303929372,0.0,0.0,Summer,50.844,0.0,0.0,0.0
2020-06-30 06:00:00,2267.514,100.0,200.0,0.0,375.2332607858744,0.0,0.0,Summer,125.973,0.0,0.0,0.0
2020-06-30 07:00:00,2635.452,100.0,200.0,0.0,562.8498911788115,0.0,0.0,Summer,146.41400000000002,0.0,0.0,0.0
2020-06-30 08:00:00,2775.51,100.0,137.15010882118844,0.0,691.5080975540917,0.0,0.0,Summer,154.19500000000002,0.0,0.0,0.0
2020-06-30 09:00:00,2816.226,100.0,8.491902445908286,0.0,699.4742081667259,0.0,0.0,Summer,156.457,0.0,0.0,0.0
2020-06-30 10:00:00,2806.956,100.0,0.5257918332740664,0.0,699.9674446269609,0.0,0.0,Summer,155.942,0.0,0.0,0.0
2020-06-30 11:00:00,2789.244,100.0,0.03255537303909659,0.0,699.9979842739149,0.0,0.0,Summer,154.95800000000003,0.0,0.0,0.0
2020-06-30 12:00:00,2761.74,100.0,0.0020157260851701724,0.0,699.9998751925942,0.0,0.0,Summer,153.42999999999998,0.0,0.0,0.0
2020-06-30 13:00:00,2745.954,100.0,0.00012480740575119854,0.0,699.9999922723188,0.0,0.0,Summer,152.553,0.0,0.0,0.0
2020-06-30 14:00:00,2711.376,100.0,7.727681193500757e-06,0.0,699.9999995215264,0.0,0.0,Summer,150.632,0.0,0.0,0.0
2020-06-30 15:00:00,2638.998,100.0,4.784736083820462e-07,0.0,699.9999999703743,0.0,0.0,Summer,146.611,0.0,0.0,0.0
2020-06-30 16:00:00,2442.96,100.0,2.9625603929162025e-08,0.0,699.9999999981657,0.0,0.0,Summer,135.72,0.0,0.0,0.0
2020-06-30 17:00:00,1960.596,100.0,1.8343562260270118e-09,0.0,699.9999999998864,0.0,0.0,Summer,108.92200000000001,0.0,0.0,0.0
2020-06-30 18:00:00,584.154,100.0,1.1362135410308838e-10,0.0,699.9999999999931,0.0,0.0,Summer,32.452999999999996,0.0,0.0,0.0
2020-06-30 19:00:00,0.0,100.0,0.0,106.60035817780522,593.3996418221878,0.0,0.0,Summer,0.0,15.228622596829316,0.0,0.0
2020-06-30 20:00:00,0.0,100.0,0.0,106.60035817780522,486.7992836443826,0.0,0.0,Summer,0.0,15.228622596829316,0.0,0.0
2020-06-30 21:00:00,0.0,100.0,0.0,106.60035817780522,380.1989254665774,0.0,0.0,Summer,0.0,15.228622596829316,0.0,0.0
2020-06-30 22:00:00,0.0,100.0,0.0,106.60035817780522,273.5985672887722,0.0,0.0,Summer,0.0,15.228622596829316,0.0,0.0
2020-06-30 23:00:00,0.0,100.0,0.0,106.60035817780522,166.998209110967,0.0,0.0,Summer,0.0,15.228622596829316,0.0,0.0
2020-07-01 00:00:00,0.0,100.0,0.0,106.60035817780522,60.397850933161784,0.0,0.0,Summer,0.0,15.228622596829316,0.0,0.0
2020-07-01 01:00:00,0.0,96.65820637527366,0.0,60.397850933161784,0.0,40.0,3.3417936247263427,Summer,0.0,8.628264419023111,100.0,3.3417936247263427
2020-07-01 02:00:00,0.0,40.0,0.0,0.0,0.0,40.0,60.0,Summer,0.0,0.0,100.0,60.0
2020-07-01 03:00:00,0.0,40.0,0.0,0.0,0.0,40.0,60.0,Summer,0.0,0.0,100.0,60.0
2020-07-01 04:00:00,0.0,40.0,0.0,0.0,0.0,40.0,60.0,Summer,0.0,0.0,100.0,60.0
2020-07-01 05:00:00,767.178,100.0,200.0,0.0,187.6166303929372,0.0,0.0,Summer,42.620999999999995,0.0,0.0,0.0
2020-07-01 06:00:00,2149.758,100.0,200.0,0.0,375.2332607858744,0.0,0.0,Summer,119.431,0.0,0.0,0.0
2020-07-01 07:00:00,2588.202,100.0,200.0,0.0,562.8498911788115,0.0,0.0,Summer,143.78900000000002,0.0,0.0,0.0
2020-07-01 08:00:00,2717.028,100.0,137.15010882118844,0.0,691.5080975540917,0.0,0.0,Summer,150.94599999999997,0.0,0.0,0.0
2020-07-01 09:00:00,2749.554,100.0,8.491902445908286,0.0,699.4742081667259,0.0,0.0,Summer,152.75300000000001,0.0,0.0,0.0
2020-07-01 10:00:00,2740.59,100.0,0.5257918332740664,0.0,699.9674446269609,0.0,0.0,Summer,152.255,0.0,0.0,0.0
2020-07-01 11:00:00,2720.844,100.0,0.03255537303909659,0.0,699.9979842739149,0.0,0.0,Summer,151.158,0.0,0.0,0.0
2020-07-01 12:00:00,2656.8,100.0,0.0020157260851701724,0.0,699.9998751925942,0.0,0.0,Summer,147.60000000000002,0.0,0.0,0.0
2020-07-01 13:00:00,2589.714,100.0,0.00012480740575119854,0.0,699.9999922723188,0.0,0.0,Summer,143.87300000000002,0.0,0.0,0.0
2020-07-01 14:00:00,2630.43,100.0,7.727681193500757e-06,0.0,699.9999995215264,0.0,0.0,Summer,146.135,0.0,0.0,0.0
2020-07-01 15:00:00,2452.986,100.0,4.784736083820462e-07,0.0,699.9999999703743,0.0,0.0,Summer,136.27700000000002,0.0,0.0,0.0
2020-07-01 16:00:00,1964.25,100.0,2.9625603929162025e-08,0.0,699.9999999981657,0.0,0.0,Summer,109.125,0.0,0.0,0.0
2020-07-01 17:00:00,931.968,100.0,1.8343562260270118e-09,0.0,699.9999999998864,0.0,0.0,Summer,51.775999999999996,0.0,0.0,0.0
2020-07-01 18:00:00,184.59,100.0,1.1362135410308838e-10,0.0,699.9999999999931,0.0,0.0,Summer,10.255,0.0,0.0,0.0
2020-07-01 19:00:00,0.0,100.0,0.0,106.60035817780522,593.3996418221878,0.0,0.0,Summer,0.0,15.228622596829316,0.0,0.0
2020-07-01 20:00:00,0.0,100.0,0.0,106.60035817780522,486.7992836443826,0.0,0.0,Summer,0.0,15.228622596829316,0.0,0.0
2020-07-01 21:00:00,0.0,100.0,0.0,106.60035817780522,380.1989254665774,0.0,0.0,Summer,0.0,15.228622596829316,0.0,0.0
2020-07-01 22:00:00,0.0,100.0,0.0,106.60035817780522,273.5985672887722,0.0,0.0,Summer,0.0,15.228622596829316,0.0,0.0
2020-07-01 23:00:00,0.0,100.0,0.0,106.60035817780522,166.998209110967,0.0,0.0,Summer,0.0,15.228622596829316,0.0,0.0
2020-07-02 00:00:00,0.0,100.0,0.0,106.60035817780522,60.397850933161784,0.0,0.0,Summer,0.0,15.228622596829316,0.0,0.0
2020-07-02 01:00:00,0.0,96.65820637527366,0.0,60.397850933161784,0.0,40.0,3.3417936247263427,Summer,0.0,8.628264419023111,100.0,3.3417936247263427
2020-07-02 02:00:00,0.0,40.0,0.0,0.0,0.0,40.0,60.0,Summer,0.0,0.0,100.0,60.0
2020-07-02 03:00:00,0.0,40.0,0.0,0.0,0.0,40.0,60.0,Summer,0.0,0.0,100.0,60.0
2020-07-02 04:00:00,0.0,40.0,0.0,0.0,0.0,40.0,60.0,Summer,0.0,0.0,100.0,60.0
2020-07-02 05:00:00,679.86,100.0,200.0,0.0,187.6166303929372,0.0,0.0,Summer,37.769999999999996,0.0,0.0,0.0
2020-07-02 06:00:00,2025.126,100.0,200.0,0.0,375.2332607858744,0.0,0.0,Summer,112.507,0.0,0.0,0.0
2020-07-02 07:00:00,2547.756,100.0,200.0,0.0,562.8498911788115,0.0,0.0,Summer,141.542,0.0,0.0,0.0
2020-07-02 08:00:00,2678.724,100.0,137.15010882118844,0.0,691.5080975540917,0.0,0.0,Summer,148.818,0.0,0.0,0.0
2020-07-02 09:00:00,2730.438,100.0,8.491902445908286,0.0,699.4742081667259,0.0,0.0,Summer,151.691,0.0,0.0,0.0
2020-07-02 10:00:00,2723.202,100.0,0.5257918332740664,0.0,699.9674446269609,0.0,0.0,Summer,151.28900000000002,0.0,0.0,0.0
2020-07-02 11:00:00,2695.95,100.0,0.03255537303909659,0.0,699.9979842739149,0.0,0.0,Summer,149.77499999999998,0.0,0.0,0.0
2020-07-02 12:00:00,2685.906,100.0,0.0020157260851701724,0.0,699.9998751925942,0.0,0.0,Summer,149.217,0.0,0.0,0.0
2020-07-02 13:00:00,2683.872,100.0,0.00012480740575119854,0.0,699.9999922723188,0.0,0.0,Summer,149.10399999999998,0.0,0.0,0.0
2020-07-02 14:00:00,2226.636,100.0,7.727681193500757e-06,0.0,699.9999995215264,0.0,0.0,Summer,123.702,0.0,0.0,0.0
2020-07-02 15:00:00,785.124,100.0,4.784736083820462e-07,0.0,699.9999999703743,0.0,0.0,Summer,43.618,0.0,0.0,0.0
2020-07-02 16:00:00,224.802,100.0,2.9625603929162025e-08,0.0,699.9999999981657,0.0,0.0,Summer,12.489,0.0,0.0,0.0
2020-07-02 17:00:00,104.8914,100.0,1.8343562260270118e-09,0.0,699.9999999998864,0.0,0.0,Summer,5.8273,0.0,0.0,0.0
2020-07-02 18:00:00,39.042,100.0,0.0,64.9814463380265,635.0185536618599,0.0,0.0,Summer,2.169,9.283063762575214,0.0,0.0
2020-07-02 19:00:00,0.0,100.0,0.0,106.60035817780522,528.4181954840546,0.0,0.0,Summer,0.0,15.228622596829316,0.0,0.0
2020-07-02 20:00:00,0.0,100.0,0.0,106.60035817780522,421.81783730624943,0.0,0.0,Summer,0.0,15.228622596829316,0.0,0.0
2020-07-02 21:00:00,0.0,100.0,0.0,106.60035817780522,315.2174791284442,0.0,0.0,Summer,0.0,15.228622596829316,0.0,0.0
2020-07-02 22:00:00,0.0,100.0,0.0,106.60035817780522,208.61712095063902,0.0,0.0,Summer,0.0,15.228622596829316,0.0,0.0
2020-07-02 23:00:00,0.0,100.0,0.0,106.60035817780522,102.0167627728338,0.0,0.0,Summer,0.0,15.228622596829316,0.0,0.0
2020-07-03 00:00:00,0.0,100.0,0.0,102.0167627728338,0.0,4.299793624826435,0.0,Summer,0.0,14.573823253261972,10.749484062066088,0.0
2020-07-03 01:00:00,0.0,40.0,0.0,0.0,0.0,40.0,60.0,Summer,0.0,0.0,100.0,60.0
2020-07-03 02:00:00,0.0,40.0,0.0,0.0,0.0,40.0,60.0,Summer,0.0,0.0,100.0,60.0
2020-07-03 03:00:00,0.0,40.0,0.0,0.0,0.0,40.0,60.0,Summer,0.0,0.0,100.0,60.0
2020-07-03 04:00:00,0.0,40.0,0.0,0.0,0.0,40.0,60.0,Summer,0.0,0.0,100.0,60.0
2020-07-03 05:00:00,172.9746,100.0,72.97460000000001,0.0,68.45624278136218,0.0,0.0,Summer,9.6097,0.0,0.0,0.0
2020-07-03 06:00:00,456.732,100.0,200.0,0.0,256.0728731742994,0.0,0.0,Summer,25.374000000000002,0.0,0.0,0.0
2020-07-03 07:00:00,1715.418,100.0,200.0,0.0,443.6895035672366,0.0,0.0,Summer,95.30099999999999,0.0,0.0,0.0
2020-07-03 08:00:00,1902.366,100.0,200.0,0.0,631.3061339601738,0.0,0.0,Summer,105.687,0.0,0.0,0.0
2020-07-03 09:00:00,2475.612,100.0,68.69386603982619,0.0,695.7466923354539,0.0,0.0,Summer,137.534,0.0,0.0,0.0
2020-07-03 10:00:00,2683.386,100.0,4.253307664546184,0.0,699.7366485956869,0.0,0.0,Summer,149.077,0.0,0.0,0.0
2020-07-03 11:00:00,2698.056,100.0,0.2633514043131145,0.0,699.9836941111192,0.0,0.0,Summer,149.892,0.0,0.0,0.0
2020-07-03 12:00:00,2690.478,100.0,0.016305888880742712,0.0,699.998990390756,0.0,0.0,Summer,149.471,0.0,0.0,0.0
2020-07-03 13:00:00,2641.824,100.0,0.001009609243948944,0.0,699.9999374881779,0.0,0.0,Summer,146.768,0.0,0.0,0.0
2020-07-03 14:00:00,1233.828,100.0,6.251182209234685e-05,0.0,699.9999961294651,0.0,0.0,Summer,68.54599999999999,0.0,0.0,0.0
2020-07-03 15:00:00,1969.956,100.0,3.870534943416715e-06,0.0,699.9999997603487,0.0,0.0,Summer,109.442,0.0,0.0,0.0
2020-07-03 16:00:00,1798.704,100.0,2.396513009443879e-07,0.0,699.9999999851616,0.0,0.0,Summer,99.928,0.0,0.0,0.0
2020-07-03 17:00:00,168.669,100.0,1.4838413335382938e-08,0.0,699.9999999990813,0.0,0.0,Summer,9.370500000000002,0.0,0.0,0.0
2020-07-03 18:00:00,152.3916,100.0,9.187497198581696e-10,0.0,699.999999999943,0.0,0.0,Summer,8.4662,0.0,0.0,0.0
2020-07-03 19:00:00,13.6602,100.0,0.0,92.03853605000066,607.9614639499424,0.0,0.0,Summer,0.7588999999999999,13.148362292857238,0.0,0.0
2020-07-03 20:00:00,0.0,100.0,0.0,106.60035817780522,501.3611057721372,0.0,0.0,Summer,0.0,15.228622596829316,0.0,0.0
2020-07-03 21:00:00,0.0,100.0,0.0,106.60035817780522,394.760747594332,0.0,0.0,Summer,0.0,15.228622596829316,0.0,0.0
2020-07-03 22:00:00,0.0,100.0,0.0,106.60035817780522,288.16038941652675,0.0,0.0,Summer,0.0,15.228622596829316,0.0,0.0
2020-07-03 23:00:00,0.0,100.0,0.0,106.60035817780522,181.56003123872156,0.0,0.0,Summer,0.0,15.228622596829316,0.0,0.0
2020-07-04 00:00:00,0.0,100.0,0.0,106.60035817780522,74.95967306091634,0.0,0.0,Summer,0.0,15.228622596829316,0.0,0.0
2020-07-04 01:00:00,0.0,100.0,0.0,74.95967306091634,0.0,29.681593624773242,0.0,Summer,0.0,10.70852472298805,74.2039840619331,0.0
2020-07-04 02:00:00,0.0,40.0,0.0,0.0,0.0,40.0,60.0,Summer,0.0,0.0,100.0,60.0
2020-07-04 03:00:00,0.0,40.0,0.0,0.0,0.0,40.0,60.0,Summer,0.0,0.0,100.0,60.0
2020-07-04 04:00:00,0.0,40.0,0.0,0.0,0.0,40.0,60.0,Summer,0.0,0.0,100.0,60.0
2020-07-04 05:00:00,253.494,100.0,153.494,0.0,143.9901353276675,0.0,0.0,Summer,14.083000000000002,0.0,0.0,0.0
2020-07-04 06:00:00,328.68,100.0,200.0,0.0,331.6067657206047,0.0,0.0,Summer,18.26,0.0,0.0,0.0
2020-07-04 07:00:00,940.464,100.0,200.0,0.0,519.2233961135419,0.0,0.0,Summer,52.248000000000005,0.0,0.0,0.0
2020-07-04 08:00:00,1976.256,100.0,180.7766038864581,0.0,688.806882488822,0.0,0.0,Summer,109.792,0.0,0.0,0.0
2020-07-04 09:00:00,2557.71,100.0,11.193117511178018,0.0,699.3069574440191,0.0,0.0,Summer,142.095,0.0,0.0,0.0
2020-07-04 10:00:00,2649.33,100.0,0.6930425559809664,0.0,699.9570889893794,0.0,0.0,Summer,147.185,0.0,0.0,0.0
2020-07-04 11:00:00,2649.96,100.0,0.042911010620649906,0.0,699.9973430854764,0.0,0.0,Summer,147.22,0.0,0.0,0.0
2020-07-04 12:00:00,2649.042,100.0,0.0026569145236862825,0.0,699.9998354922272,0.0,0.0,Summer,147.16899999999998,0.0,0.0,0.0
2020-07-04 13:00:00,2676.384,100.0,0.00016450777277350425,0.0,699.9999898141972,0.0,0.0,Summer,148.688,0.0,0.0,0.0
2020-07-04 14:00:00,2460.078,100.0,1.0185802821069956e-05,0.0,699.9999993693272,0.0,0.0,Summer,136.67100000000002,0.0,0.0,0.0
2020-07-04 15:00:00,1258.902,100.0,6.306727882474661e-07,0.0,699.9999999609507,0.0,0.0,Summer,69.93900000000001,0.0,0.0,0.0
2020-07-04 16:00:00,428.634,100.0,3.904930781573057e-08,0.0,699.9999999975822,0.0,0.0,Summer,23.813000000000002,0.0,0.0,0.0
2020-07-04 17:00:00,122.9508,100.0,2.417829819023609e-09,0.0,699.9999999998503,0.0,0.0,Summer,6.8306000000000004,0.0,0.0,0.0
2020-07-04 18:00:00,45.108,100.0,0.0,58.51506861096084,641.4849313888894,0.0,0.0,Summer,2.506,8.35929551585155,0.0,0.0
2020-07-04 19:00:00,0.0,100.0,0.0,106.60035817780522,534.8845732110842,0.0,0.0,Summer,0.0,15.228622596829316,0.0,0.0
2020-07-04 20:00:00,0.0,100.0,0.0,106.60035817780522,428.28421503327905,0.0,0.0,Summer,0.0,15.228622596829316,0.0,0.0
2020-07-04 21:00:00,0.0,100.0,0.0,106.60035817780522,321.68385685547383,0.0,0.0,Summer,0.0,15.228622596829316,0.0,0.0
2020-07-04 22:00:00,0.0,100.0,0.0,106.60035817780522,215.08349867766862,0.0,0.0,Summer,0.0,15.228622596829316,0.0,0.0
2020-07-04 23:00:00,0.0,100.0,0.0,106.60035817780522,108.48314049986341,0.0,0.0,Summer,0.0,15.228622596829316,0.0,0.0
2020-07-05 00:00:00,0.0,100.0,0.0,106.60035817780522,1.8827823220581923,0.0,0.0,Summer,0.0,15.228622596829316,0.0,0.0
2020-07-05 01:00:00,0.0,41.76620637513974,0.0,1.8827823220581923,0.0,40.0,58.233793624860255,Summer,0.0,0.26896890315117034,100.0,58.233793624860255
2020-07-05 02:00:00,0.0,40.0,0.0,0.0,0.0,40.0,60.0,Summer,0.0,0.0,100.0,60.0
2020-07-05 03:00:00,0.0,40.0,0.0,0.0,0.0,40.0,60.0,Summer,0.0,0.0,100.0,60.0
2020-07-05 04:00:00,0.0,40.0,0.0,0.0,0.0,40.0,60.0,Summer,0.0,0.0,100.0,60.0
2020-07-05 05:00:00,553.05,100.0,200.0,0.0,187.6166303929372,0.0,0.0,Summer,30.724999999999998,0.0,0.0,0.0
2020-07-05 06:00:00,1852.254,100.0,200.0,0.0,375.2332607858744,0.0,0.0,Summer,102.90299999999999,0.0,0.0,0.0
2020-07-05 07:00:00,2511.522,100.0,200.0,0.0,562.8498911788115,0.0,0.0,Summer,139.529,0.0,0.0,0.0
2020-07-05 08:00:00,2707.38,100.0,137.15010882118844,0.0,691.5080975540917,0.0,0.0,Summer,150.41,0.0,0.0,0.0
2020-07-05 09:00:00,2731.23,100.0,8.491902445908286,0.0,699.4742081667259,0.0,0.0,Summer,151.73499999999999,0.0,0.0,0.0
2020-07-05 10:00:00,2729.52,100.0,0.5257918332740664,0.0,699.9674446269609,0.0,0.0,Summer,151.64,0.0,0.0,0.0
2020-07-05 11:00:00,2718.108,100.0,0.03255537303909659,0.0,699.9979842739149,0.0,0.0,Summer,151.00600000000003,0.0,0.0,0.0
2020-07-05 12:00:00,2707.164,100.0,0.0020157260851701724,0.0,699.9998751925942,0.0,0.0,Summer,150.398,0.0,0.0,0.0
2020-07-05 13:00:00,2695.158,100.0,0.00012480740575119854,0.0,699.9999922723188,0.0,0.0,Summer,149.731,0.0,0.0,0.0
2020-07-05 14:00:00,2647.998,100.0,7.727681193500757e-06,0.0,699.9999995215264,0.0,0.0,Summer,147.111,0.0,0.0,0.0
2020-07-05 15:00:00,2575.548,100.0,4.784736083820462e-07,0.0,699.9999999703743,0.0,0.0,Summer,143.08599999999998,0.0,0.0,0.0
2020-07-05 16:00:00,2360.952,100.0,2.9625603929162025e-08,0.0,699.9999999981657,0.0,0.0,Summer,131.16400000000002,0.0,0.0,0.0
2020-07-05 17:00:00,1691.496,100.0,1.8343562260270118e-09,0.0,699.9999999998864,0.0,0.0,Summer,93.972,0.0,0.0,0.0
2020-07-05 18:00:00,366.858,100.0,1.1362135410308838e-10,0.0,699.9999999999931,0.0,0.0,Summer,20.381,0.0,0.0,0.0
2020-07-05 19:00:00,0.0,100.0,0.0,106.60035817780522,593.3996418221878,0.0,0.0,Summer,0.0,15.228622596829316,0.0,0.0
2020-07-05 20:00:00,0.0,100.0,0.0,106.60035817780522,486.7992836443826,0.0,0.0,Summer,0.0,15.228622596829316,0.0,0.0
2020-07-05 21:00:00,0.0,100.0,0.0,106.60035817780522,380.1989254665774,0.0,0.0,Summer,0.0,15.228622596829316,0.0,0.0
2020-07-05 22:00:00,0.0,100.0,0.0,106.60035817780522,273.5985672887722,0.0,0.0,Summer,0.0,15.228622596829316,0.0,0.0
2020-07-05 23:00:00,0.0,100.0,0.0,106.60035817780522,166.998209110967,0.0,0.0,Summer,0.0,15.228622596829316,0.0,0.0
2020-07-06 00:00:00,0.0,100.0,0.0,106.60035817780522,60.397850933161784,0.0,0.0,Summer,0.0,15.228622596829316,0.0,0.0
2020-07-06 01:00:00,0.0,96.65820637527366,0.0,60.397850933161784,0.0,40.0,3.3417936247263427,Summer,0.0,8.628264419023111,100.0,3.3417936247263427
2020-07-06 02:00:00,0.0,40.0,0.0,0.0,0.0,40.0,60.0,Summer,0.0,0.0,100.0,60.0
2020-07-06 03:00:00,0.0,40.0,0.0,0.0,0.0,40.0,60.0,Summer,0.0,0.0,100.0,60.0
2020-07-06 04:00:00,0.0,40.0,0.0,0.0,0.0,40.0,60.0,Summer,0.0,0.0,100.0,60.0
2020-07-06 05:00:00,643.986,100.0,200.0,0.0,187.6166303929372,0.0,0.0,Summer,35.777,0.0,0.0,0.0
2020-07-06 06:00:00,2003.652,100.0,200.0,0.0,375.2332607858744,0.0,0.0,Summer,111.31400000000001,0.0,0.0,0.0
2020-07-06 07:00:00,2561.472,100.0,200.0,0.0,562.8498911788115,0.0,0.0,Summer,142.304,0.0,0.0,0.0
2020-07-06 08:00:00,2678.85,100.0,137.15010882118844,0.0,691.5080975540917,0.0,0.0,Summer,148.825,0.0,0.0,0.0
2020-07-06 09:00:00,2706.516,100.0,8.491902445908286,0.0,699.4742081667259,0.0,0.0,Summer,150.362,0.0,0.0,0.0
2020-07-06 10:00:00,2689.002,100.0,0.5257918332740664,0.0,699.9674446269609,0.0,0.0,Summer,149.38899999999998,0.0,0.0,0.0
2020-07-06 11:00:00,2660.31,100.0,0.03255537303909659,0.0,699.9979842739149,0.0,0.0,Summer,147.795,0.0,0.0,0.0
2020-07-06 12:00:00,2651.094,100.0,0.0020157260851701724,0.0,699.9998751925942,0.0,0.0,Summer,147.28300000000002,0.0,0.0,0.0
2020-07-06 13:00:00,2657.79,100.0,0.00012480740575119854,0.0,699.9999922723188,0.0,0.0,Summer,147.655,0.0,0.0,0.0
2020-07-06 14:00:00,2647.044,100.0,7.727681193500757e-06,0.0,699.9999995215264,0.0,0.0,Summer,147.058,0.0,0.0,0.0
2020-07-06 15:00:00,2590.776,100.0,4.784736083820462e-07,0.0,699.9999999703743,0.0,0.0,Summer,143.932,0.0,0.0,0.0
2020-07-06 16:00:00,2454.858,100.0,2.9625603929162025e-08,0.0,699.9999999981657,0.0,0.0,Summer,136.38100000000003,0.0,0.0,0.0
2020-07-06 17:00:00,1936.512,100.0,1.8343562260270118e-09,0.0,699.9999999998864,0.0,0.0,Summer,107.58399999999999,0.0,0.0,0.0
2020-07-06 18:00:00,631.512,100.0,1.1362135410308838e-10,0.0,699.9999999999931,0.0,0.0,Summer,35.083999999999996,0.0,0.0,0.0
2020-07-06 19:00:00,0.0,100.0,0.0,106.60035817780522,593.3996418221878,0.0,0.0,Summer,0.0,15.228622596829316,0.0,0.0
2020-07-06 20:00:00,0.0,100.0,0.0,106.60035817780522,486.7992836443826,0.0,0.0,Summer,0.0,15.228622596829316,0.0,0.0
2020-07-06 21:00:00,0.0,100.0,0.0,106.60035817780522,380.1989254665774,0.0,0.0,Summer,0.0,15.228622596829316,0.0,0.0
2020-07-06 22:00:00,0.0,100.0,0.0,106.60035817780522,273.5985672887722,0.0,0.0,Summer,0.0,15.228622596829316,0.0,0.0
2020-07-06 23:00:00,0.0,100.0,0.0,106.60035817780522,166.998209110967,0.0,0.0,Summer,0.0,15.228622596829316,0.0,0.0
2020-07-07 00:00:00,0.0,100.0,0.0,106.60035817780522,60.397850933161784,0.0,0.0,Summer,0.0,15.228622596829316,0.0,0.0
2020-07-07 01:00:00,0.0,96.65820637527366,0.0,60.397850933161784,0.0,40.0,3.3417936247263427,Summer,0.0,8.628264419023111,100.0,3.3417936247263427
2020-07-07 02:00:00,0.0,40.0,0.0,0.0,0.0,40.0,60.0,Summer,0.0,0.0,100.0,60.0
2020-07-07 03:00:00,0.0,40.0,0.0,0.0,0.0,40.0,60.0,Summer,0.0,0.0,100.0,60.0
2020-07-07 04:00:00,0.0,40.0,0.0,0.0,0.0,40.0,60.0,Summer,0.0,0.0,100.0,60.0
2020-07-07 05:00:00,644.562,100.0,200.0,0.0,187.6166303929372,0.0,0.0,Summer,35.809000000000005,0.0,0.0,0.0
2020-07-07 06:00:00,1966.194,100.0,200.0,0.0,375.2332607858744,0.0,0.0,Summer,109.233,0.0,0.0,0.0
2020-07-07 07:00:00,2509.776,100.0,200.0,0.0,562.8498911788115,0.0,0.0,Summer,139.432,0.0,0.0,0.0
2020-07-07 08:00:00,2663.784,100.0,137.15010882118844,0.0,691.5080975540917,0.0,0.0,Summer,147.988,0.0,0.0,0.0
2020-07-07 09:00:00,2683.71,100.0,8.491902445908286,0.0,699.4742081667259,0.0,0.0,Summer,149.095,0.0,0.0,0.0
2020-07-07 10:00:00,2626.632,100.0,0.5257918332740664,0.0,699.9674446269609,0.0,0.0,Summer,145.924,0.0,0.0,0.0
2020-07-07 11:00:00,2487.474,100.0,0.03255537303909659,0.0,699.9979842739149,0.0,0.0,Summer,138.193,0.0,0.0,0.0
2020-07-07 12:00:00,2428.452,100.0,0.0020157260851701724,0.0,699.9998751925942,0.0,0.0,Summer,134.91400000000002,0.0,0.0,0.0
2020-07-07 13:00:00,2577.15,100.0,0.00012480740575119854,0.0,699.9999922723188,0.0,0.0,Summer,143.175,0.0,0.0,0.0
2020-07-07 14:00:00,1896.57,100.0,7.727681193500757e-06,0.0,699.9999995215264,0.0,0.0,Summer,105.365,0.0,0.0,0.0
2020-07-07 15:00:00,1705.914,100.0,4.784736083820462e-07,0.0,699.9999999703743,0.0,0.0,Summer,94.773,0.0,0.0,0.0
2020-07-07 16:00:00,1367.748,100.0,2.9625603929162025e-08,0.0,699.9999999981657,0.0,0.0,Summer,75.986,0.0,0.0,0.0
2020-07-07 17:00:00,1586.556,100.0,1.8343562260270118e-09,0.0,699.9999999998864,0.0,0.0,Summer,88.142,0.0,0.0,0.0
2020-07-07 18:00:00,631.26,100.0,1.1362135410308838e-10,0.0,699.9999999999931,0.0,0.0,Summer,35.07,0.0,0.0,0.0
2020-07-07 19:00:00,0.0,100.0,0.0,106.60035817780522,593.3996418221878,0.0,0.0,Summer,0.0,15.228622596829316,0.0,0.0
2020-07-07 20:00:00,0.0,100.0,0.0,106.60035817780522,486.7992836443826,0.0,0.0,Summer,0.0,15.228622596829316,0.0,0.0
2020-07-07 21:00:00,0.0,100.0,0.0,106.60035817780522,380.1989254665774,0.0,0.0,Summer,0.0,15.228622596829316,0.0,0.0
2020-07-07 22:00:00,0.0,100.0,0.0,106.60035817780522,273.5985672887722,0.0,0.0,Summer,0.0,15.228622596829316,0.0,0.0
2020-07-07 23:00:00,0.0,100.0,0.0,106.60035817780522,166.998209110967,0.0,0.0,Summer,0.0,15.228622596829316,0.0,0.0
2020-07-08 00:00:00,0.0,100.0,0.0,106.60035817780522,60.397850933161784,0.0,0.0,Summer,0.0,15.228622596829316,0.0,0.0
2020-07-08 01:00:00,0.0,96.65820637527366,0.0,60.397850933161784,0.0,40.0,3.3417936247263427,Summer,0.0,8.628264419023111,100.0,3.3417936247263427
2020-07-08 02:00:00,0.0,40.0,0.0,0.0,0.0,40.0,60.0,Summer,0.0,0.0,100.0,60.0
2020-07-08 03:00:00,0.0,40.0,0.0,0.0,0.0,40.0,60.0,Summer,0.0,0.0,100.0,60.0
2020-07-08 04:00:00,0.0,40.0,0.0,0.0,0.0,40.0,60.0,Summer,0.0,0.0,100.0,60.0
2020-07-08 05:00:00,592.956,100.0,200.0,0.0,187.6166303929372,0.0,0.0,Summer,32.942,0.0,0.0,0.0
2020-07-08 06:00:00,1861.992,100.0,200.0,0.0,375.2332607858744,0.0,0.0,Summer,103.444,0.0,0.0,0.0
2020-07-08 07:00:00,2484.738,100.0,200.0,0.0,562.8498911788115,0.0,0.0,Summer,138.041,0.0,0.0,0.0
2020-07-08 08:00:00,2646.54,100.0,137.15010882118844,0.0,691.5080975540917,0.0,0.0,Summer,147.03,0.0,0.0,0.0
2020-07-08 09:00:00,2701.998,100.0,8.491902445908286,0.0,699.4742081667259,0.0,0.0,Summer,150.111,0.0,0.0,0.0
2020-07-08 10:00:00,2679.3,100.0,0.5257918332740664,0.0,699.9674446269609,0.0,0.0,Summer,148.85000000000002,0.0,0.0,0.0
2020-07-08 11:00:00,2667.582,100.0,0.03255537303909659,0.0,699.9979842739149,0.0,0.0,Summer,148.19899999999998,0.0,0.0,0.0
2020-07-08 12:00:00,2650.032,100.0,0.0020157260851701724,0.0,699.9998751925942,0.0,0.0,Summer,147.224,0.0,0.0,0.0
2020-07-08 13:00:00,2666.61,100.0,0.00012480740575119854,0.0,699.9999922723188,0.0,0.0,Summer,148.145,0.0,0.0,0.0
2020-07-08 14:00:00,2645.154,100.0,7.727681193500757e-06,0.0,699.9999995215264,0.0,0.0,Summer,146.953,0.0,0.0,0.0
2020-07-08 15:00:00,2595.15,100.0,4.784736083820462e-07,0.0,699.9999999703743,0.0,0.0,Summer,144.175,0.0,0.0,0.0
2020-07-08 16:00:00,2445.516,100.0,2.9625603929162025e-08,0.0,699.9999999981657,0.0,0.0,Summer,135.862,0.0,0.0,0.0
2020-07-08 17:00:00,1849.068,100.0,1.8343562260270118e-09,0.0,699.9999999998864,0.0,0.0,Summer,102.726,0.0,0.0,0.0
2020-07-08 18:00:00,431.55,100.0,1.1362135410308838e-10,0.0,699.9999999999931,0.0,0.0,Summer,23.975,0.0,0.0,0.0
2020-07-08 19:00:00,0.0,100.0,0.0,106.60035817780522,593.3996418221878,0.0,0.0,Summer,0.0,15.228622596829316,0.0,0.0
2020-07-08 20:00:00,0.0,100.0,0.0,106.60035817780522,486.7992836443826,0.0,0.0,Summer,0.0,15.228622596829316,0.0,0.0
2020-07-08 21:00:00,0.0,100.0,0.0,106.60035817780522,380.1989254665774,0.0,0.0,Summer,0.0,15.228622596829316,0.0,0.0
2020-07-08 22:00:00,0.0,100.0,0.0,106.60035817780522,273.5985672887722,0.0,0.0,Summer,0.0,15.228622596829316,0.0,0.0
2020-07-08 23:00:00,0.0,100.0,0.0,106.60035817780522,166.998209110967,0.0,0.0,Summer,0.0,15.228622596829316,0.0,0.0
2020-07-09 00:00:00,0.0,100.0,0.0,106.60035817780522,60.397850933161784,0.0,0.0,Summer,0.0,15.228622596829316,0.0,0.0
2020-07-09 01:00:00,0.0,96.65820637527366,0.0,60.397850933161784,0.0,40.0,3.3417936247263427,Summer,0.0,8.628264419023111,100.0,3.3417936247263427
2020-07-09 02:00:00,0.0,40.0,0.0,0.0,0.0,40.0,60.0,Summer,0.0,0.0,100.0,60.0
2020-07-09 03:00:00,0.0,40.0,0.0,0.0,0.0,40.0,60.0,Summer,0.0,0.0,100.0,60.0
2020-07-09 04:00:00,0.0,40.0,0.0,0.0,0.0,40.0,60.0,Summer,0.0,0.0,100.0,60.0
2020-07-09 05:00:00,707.274,100.0,200.0,0.0,187.6166303929372,0.0,0.0,Summer,39.293,0.0,0.0,0.0
2020-07-09 06:00:00,2125.998,100.0,200.0,0.0,375.2332607858744,0.0,0.0,Summer,118.111,0.0,0.0,0.0
2020-07-09 07:00:00,2527.83,100.0,200.0,0.0,562.8498911788115,0.0,0.0,Summer,140.435,0.0,0.0,0.0
2020-07-09 08:00:00,2673.378,100.0,137.15010882118844,0.0,691.5080975540917,0.0,0.0,Summer,148.52100000000002,0.0,0.0,0.0
2020-07-09 09:00:00,2699.316,100.0,8.491902445908286,0.0,699.4742081667259,0.0,0.0,Summer,149.962,0.0,0.0,0.0
2020-07-09 10:00:00,2672.406,100.0,0.5257918332740664,0.0,699.9674446269609,0.0,0.0,Summer,148.46699999999998,0.0,0.0,0.0
2020-07-09 11:00:00,2647.962,100.0,0.03255537303909659,0.0,699.9979842739149,0.0,0.0,Summer,147.109,0.0,0.0,0.0
2020-07-09 12:00:00,2638.818,100.0,0.0020157260851701724,0.0,699.9998751925942,0.0,0.0,Summer,146.601,0.0,0.0,0.0
2020-07-09 13:00:00,2641.464,100.0,0.00012480740575119854,0.0,699.9999922723188,0.0,0.0,Summer,146.748,0.0,0.0,0.0
2020-07-09 14:00:00,2621.592,100.0,7.727681193500757e-06,0.0,699.9999995215264,0.0,0.0,Summer,145.644,0.0,0.0,0.0
2020-07-09 15:00:00,2561.634,100.0,4.784736083820462e-07,0.0,699.9999999703743,0.0,0.0,Summer,142.313,0.0,0.0,0.0
2020-07-09 16:00:00,2319.246,100.0,2.9625603929162025e-08,0.0,699.9999999981657,0.0,0.0,Summer,128.847,0.0,0.0,0.0
2020-07-09 17:00:00,1646.73,100.0,1.8343562260270118e-09,0.0,699.9999999998864,0.0,0.0,Summer,91.485,0.0,0.0,0.0
2020-07-09 18:00:00,316.404,100.0,1.1362135410308838e-10,0.0,699.9999999999931,0.0,0.0,Summer,17.578,0.0,0.0,0.0
2020-07-09 19:00:00,0.0,100.0,0.0,106.60035817780522,593.3996418221878,0.0,0.0,Summer,0.0,15.228622596829316,0.0,0.0
2020-07-09 20:00:00,0.0,100.0,0.0,106.60035817780522,486.7992836443826,0.0,0.0,Summer,0.0,15.228622596829316,0.0,0.0
2020-07-09 21:00:00,0.0,100.0,0.0,106.60035817780522,380.1989254665774,0.0,0.0,Summer,0.0,15.228622596829316,0.0,0.0
2020-07-09 22:00:00,0.0,100.0,0.0,106.60035817780522,273.5985672887722,0.0,0.0,Summer,0.0,15.228622596829316,0.0,0.0
2020-07-09 23:00:00,0.0,100.0,0.0,106.60035817780522,166.998209110967,0.0,0.0,Summer,0.0,15.228622596829316,0.0,0.0
2020-07-10 00:00:00,0.0,100.0,0.0,106.60035817780522,60.397850933161784,0.0,0.0,Summer,0.0,15.228622596829316,0.0,0.0
2020-07-10 01:00:00,0.0,96.65820637527366,0.0,60.397850933161784,0.0,40.0,3.3417936247263427,Summer,0.0,8.628264419023111,100.0,3.3417936247263427
2020-07-10 02:00:00,0.0,40.0,0.0,0.0,0.0,40.0,60.0,Summer,0.0,0.0,100.0,60.0
2020-07-10 03:00:00,0.0,40.0,0.0,0.0,0.0,40.0,60.0,Summer,0.0,0.0,100.0,60.0
2020-07-10 04:00:00,0.0,40.0,0.0,0.0,0.0,40.0,60.0,Summer,0.0,0.0,100.0,60.0
2020-07-10 05:00:00,675.684,100.0,200.0,0.0,187.6166303929372,0.0,0.0,Summer,37.538,0.0,0.0,0.0
2020-07-10 06:00:00,2110.554,100.0,200.0,0.0,375.2332607858744,0.0,0.0,Summer,117.25300000000001,0.0,0.0,0.0
2020-07-10 07:00:00,2553.858,100.0,200.0,0.0,562.8498911788115,0.0,0.0,Summer,141.881,0.0,0.0,0.0
2020-07-10 08:00:00,2674.548,100.0,137.15010882118844,0.0,691.5080975540917,0.0,0.0,Summer,148.58599999999998,0.0,0.0,0.0
2020-07-10 09:00:00,2702.826,100.0,8.491902445908286,0.0,699.4742081667259,0.0,0.0,Summer,150.157,0.0,0.0,0.0
2020-07-10 10:00:00,2679.318,100.0,0.5257918332740664,0.0,699.9674446269609,0.0,0.0,Summer,148.85100000000003,0.0,0.0,0.0
2020-07-10 11:00:00,2665.908,100.0,0.03255537303909659,0.0,699.9979842739149,0.0,0.0,Summer,148.106,0.0,0.0,0.0
2020-07-10 12:00:00,2647.62,100.0,0.0020157260851701724,0.0,699.9998751925942,0.0,0.0,Summer,147.08999999999997,0.0,0.0,0.0
2020-07-10 13:00:00,2664.702,100.0,0.00012480740575119854,0.0,699.9999922723188,0.0,0.0,Summer,148.03900000000002,0.0,0.0,0.0
2020-07-10 14:00:00,2647.638,100.0,7.727681193500757e-06,0.0,699.9999995215264,0.0,0.0,Summer,147.091,0.0,0.0,0.0
2020-07-10 15:00:00,2585.34,100.0,4.784736083820462e-07,0.0,699.9999999703743,0.0,0.0,Summer,143.63000000000002,0.0,0.0,0.0
2020-07-10 16:00:00,2454.3,100.0,2.9625603929162025e-08,0.0,699.9999999981657,0.0,0.0,Summer,136.35000000000002,0.0,0.0,0.0
2020-07-10 17:00:00,1811.826,100.0,1.8343562260270118e-09,0.0,699.9999999998864,0.0,0.0,Summer,100.657,0.0,0.0,0.0
2020-07-10 18:00:00,325.638,100.0,1.1362135410308838e-10,0.0,699.9999999999931,0.0,0.0,Summer,18.090999999999998,0.0,0.0,0.0
2020-07-10 19:00:00,0.0,100.0,0.0,106.60035817780522,593.3996418221878,0.0,0.0,Summer,0.0,15.228622596829316,0.0,0.0
2020-07-10 20:00:00,0.0,100.0,0.0,106.60035817780522,486.7992836443826,0.0,0.0,Summer,0.0,15.228622596829316,0.0,0.0
2020-07-10 21:00:00,0.0,100.0,0.0,106.60035817780522,380.1989254665774,0.0,0.0,Summer,0.0,15.228622596829316,0.0,0.0
2020-07-10 22:00:00,0.0,100.0,0.0,106.60035817780522,273.5985672887722,0.0,0.0,Summer,0.0,15.228622596829316,0.0,0.0
2020-07-10 23:00:00,0.0,100.0,0.0,106.60035817780522,166.998209110967,0.0,0.0,Summer,0.0,15.228622596829316,0.0,0.0
2020-07-11 00:00:00,0.0,100.0,0.0,106.60035817780522,60.397850933161784,0.0,0.0,Summer,0.0,15.228622596829316,0.0,0.0
2020-07-11 01:00:00,0.0,96.65820637527366,0.0,60.397850933161784,0.0,40.0,3.3417936247263427,Summer,0.0,8.628264419023111,100.0,3.3417936247263427
2020-07-11 02:00:00,0.0,40.0,0.0,0.0,0.0,40.0,60.0,Summer,0.0,0.0,100.0,60.0
2020-07-11 03:00:00,0.0,40.0,0.0,0.0,0.0,40.0,60.0,Summer,0.0,0.0,100.0,60.0
2020-07-11 04:00:00,0.0,40.0,0.0,0.0,0.0,40.0,60.0,Summer,0.0,0.0,100.0,60.0
2020-07-11 05:00:00,609.048,100.0,200.0,0.0,187.6166303929372,0.0,0.0,Summer,33.836,0.0,0.0,0.0
2020-07-11 06:00:00,2012.274,100.0,200.0,0.0,375.2332607858744,0.0,0.0,Summer,111.79299999999999,0.0,0.0,0.0
2020-07-11 07:00:00,2471.94,100.0,200.0,0.0,562.8498911788115,0.0,0.0,Summer,137.32999999999998,0.0,0.0,0.0
2020-07-11 08:00:00,2678.202,100.0,137.15010882118844,0.0,691.5080975540917,0.0,0.0,Summer,148.78900000000002,0.0,0.0,0.0
2020-07-11 09:00:00,2723.076,100.0,8.491902445908286,0.0,699.4742081667259,0.0,0.0,Summer,151.282,0.0,0.0,0.0
2020-07-11 10:00:00,2705.472,100.0,0.5257918332740664,0.0,699.9674446269609,0.0,0.0,Summer,150.304,0.0,0.0,0.0
2020-07-11 11:00:00,2692.242,100.0,0.03255537303909659,0.0,699.9979842739149,0.0,0.0,Summer,149.56900000000002,0.0,0.0,0.0
2020-07-11 12:00:00,2673.63,100.0,0.0020157260851701724,0.0,699.9998751925942,0.0,0.0,Summer,148.53500000000003,0.0,0.0,0.0
2020-07-11 13:00:00,2682.288,100.0,0.00012480740575119854,0.0,699.9999922723188,0.0,0.0,Summer,149.016,0.0,0.0,0.0
2020-07-11 14:00:00,2646.81,100.0,7.727681193500757e-06,0.0,699.9999995215264,0.0,0.0,Summer,147.04500000000002,0.0,0.0,0.0
2020-07-11 15:00:00,2575.44,100.0,4.784736083820462e-07,0.0,699.9999999703743,0.0,0.0,Summer,143.08,0.0,0.0,0.0
2020-07-11 16:00:00,1393.434,100.0,2.9625603929162025e-08,0.0,699.9999999981657,0.0,0.0,Summer,77.413,0.0,0.0,0.0
2020-07-11 17:00:00,1083.024,100.0,1.8343562260270118e-09,0.0,699.9999999998864,0.0,0.0,Summer,60.168,0.0,0.0,0.0
2020-07-11 18:00:00,129.2922,100.0,1.1362135410308838e-10,0.0,699.9999999999931,0.0,0.0,Summer,7.1829,0.0,0.0,0.0
2020-07-11 19:00:00,0.0,100.0,0.0,106.60035817780522,593.3996418221878,0.0,0.0,Summer,0.0,15.228622596829316,0.0,0.0
2020-07-11 20:00:00,0.0,100.0,0.0,106.60035817780522,486.7992836443826,0.0,0.0,Summer,0.0,15.228622596829316,0.0,0.0
2020-07-11 21:00:00,0.0,100.0,0.0,106.60035817780522,380.1989254665774,0.0,0.0,Summer,0.0,15.228622596829316,0.0,0.0
2020-07-11 22:00:00,0.0,100.0,0.0,106.60035817780522,273.5985672887722,0.0,0.0,Summer,0.0,15.228622596829316,0.0,0.0
2020-07-11 23:00:00,0.0,100.0,0.0,106.60035817780522,166.998209110967,0.0,0.0,Summer,0.0,15.228622596829316,0.0,0.0
2020-07-12 00:00:00,0.0,100.0,0.0,106.60035817780522,60.397850933161784,0.0,0.0,Summer,0.0,15.228622596829316,0.0,0.0
2020-07-12 01:00:00,0.0,96.65820637527366,0.0,60.397850933161784,0.0,40.0,3.3417936247263427,Summer,0.0,8.628264419023111,100.0,3.3417936247263427
2020-07-12 02:00:00,0.0,40.0,0.0,0.0,0.0,40.0,60.0,Summer,0.0,0.0,100.0,60.0
2020-07-12 03:00:00,0.0,40.0,0.0,0.0,0.0,40.0,60.0,Summer,0.0,0.0,100.0,60.0
2020-07-12 04:00:00,0.0,40.0,0.0,0.0,0.0,40.0,60.0,Summer,0.0,0.0,100.0,60.0
2020-07-12 05:00:00,489.618,100.0,200.0,0.0,187.6166303929372,0.0,0.0,Summer,27.200999999999997,0.0,0.0,0.0
2020-07-12 06:00:00,1535.688,100.0,200.0,0.0,375.2332607858744,0.0,0.0,Summer,85.316,0.0,0.0,0.0
2020-07-12 07:00:00,1616.004,100.0,200.0,0.0,562.8498911788115,0.0,0.0,Summer,89.77799999999999,0.0,0.0,0.0
2020-07-12 08:00:00,2546.91,100.0,137.15010882118844,0.0,691.5080975540917,0.0,0.0,Summer,141.495,0.0,0.0,0.0
2020-07-12 09:00:00,2697.12,100.0,8.491902445908286,0.0,699.4742081667259,0.0,0.0,Summer,149.84,0.0,0.0,0.0
2020-07-12 10:00:00,2728.134,100.0,0.5257918332740664,0.0,699.9674446269609,0.0,0.0,Summer,151.56300000000002,0.0,0.0,0.0
2020-07-12 11:00:00,2714.724,100.0,0.03255537303909659,0.0,699.9979842739149,0.0,0.0,Summer,150.818,0.0,0.0,0.0
2020-07-12 12:00:00,2695.698,100.0,0.0020157260851701724,0.0,699.9998751925942,0.0,0.0,Summer,149.761,0.0,0.0,0.0
2020-07-12 13:00:00,2699.208,100.0,0.00012480740575119854,0.0,699.9999922723188,0.0,0.0,Summer,149.956,0.0,0.0,0.0
2020-07-12 14:00:00,2677.68,100.0,7.727681193500757e-06,0.0,699.9999995215264,0.0,0.0,Summer,148.76,0.0,0.0,0.0
2020-07-12 15:00:00,2615.418,100.0,4.784736083820462e-07,0.0,699.9999999703743,0.0,0.0,Summer,145.30100000000002,0.0,0.0,0.0
2020-07-12 16:00:00,2470.896,100.0,2.9625603929162025e-08,0.0,699.9999999981657,0.0,0.0,Summer,137.27200000000002,0.0,0.0,0.0
2020-07-12 17:00:00,1947.762,100.0,1.8343562260270118e-09,0.0,699.9999999998864,0.0,0.0,Summer,108.209,0.0,0.0,0.0
2020-07-12 18:00:00,504.162,100.0,1.1362135410308838e-10,0.0,699.9999999999931,0.0,0.0,Summer,28.009,0.0,0.0,0.0
2020-07-12 19:00:00,0.0,100.0,0.0,106.60035817780522,593.3996418221878,0.0,0.0,Summer,0.0,15.228622596829316,0.0,0.0
2020-07-12 20:00:00,0.0,100.0,0.0,106.60035817780522,486.7992836443826,0.0,0.0,Summer,0.0,15.228622596829316,0.0,0.0
2020-07-12 21:00:00,0.0,100.0,0.0,106.60035817780522,380.1989254665774,0.0,0.0,Summer,0.0,15.228622596829316,0.0,0.0
2020-07-12 22:00:00,0.0,100.0,0.0,106.60035817780522,273.5985672887722,0.0,0.0,Summer,0.0,15.228622596829316,0.0,0.0
2020-07-12 23:00:00,0.0,100.0,0.0,106.60035817780522,166.998209110967,0.0,0.0,Summer,0.0,15.228622596829316,0.0,0.0
2020-07-13 00:00:00,0.0,100.0,0.0,106.60035817780522,60.397850933161784,0.0,0.0,Summer,0.0,15.228622596829316,0.0,0.0
2020-07-13 01:00:00,0.0,96.65820637527366,0.0,60.397850933161784,0.0,40.0,3.3417936247263427,Summer,0.0,8.628264419023111,100.0,3.3417936247263427
2020-07-13 02:00:00,0.0,40.0,0.0,0.0,0.0,40.0,60.0,Summer,0.0,0.0,100.0,60.0
2020-07-13 03:00:00,0.0,40.0,0.0,0.0,0.0,40.0,60.0,Summer,0.0,0.0,100.0,60.0
2020-07-13 04:00:00,0.0,40.0,0.0,0.0,0.0,40.0,60.0,Summer,0.0,0.0,100.0,60.0
2020-07-13 05:00:00,587.214,100.0,200.0,0.0,187.6166303929372,0.0,0.0,Summer,32.623000000000005,0.0,0.0,0.0
2020-07-13 06:00:00,2016.054,100.0,200.0,0.0,375.2332607858744,0.0,0.0,Summer,112.00300000000001,0.0,0.0,0.0
2020-07-13 07:00:00,2541.222,100.0,200.0,0.0,562.8498911788115,0.0,0.0,Summer,141.179,0.0,0.0,0.0
2020-07-13 08:00:00,2683.548,100.0,137.15010882118844,0.0,691.5080975540917,0.0,0.0,Summer,149.08599999999998,0.0,0.0,0.0
2020-07-13 09:00:00,2702.664,100.0,8.491902445908286,0.0,699.4742081667259,0.0,0.0,Summer,150.14800000000002,0.0,0.0,0.0
2020-07-13 10:00:00,2689.272,100.0,0.5257918332740664,0.0,699.9674446269609,0.0,0.0,Summer,149.404,0.0,0.0,0.0
2020-07-13 11:00:00,2665.89,100.0,0.03255537303909659,0.0,699.9979842739149,0.0,0.0,Summer,148.105,0.0,0.0,0.0
2020-07-13 12:00:00,2609.28,100.0,0.0020157260851701724,0.0,699.9998751925942,0.0,0.0,Summer,144.96000000000004,0.0,0.0,0.0
2020-07-13 13:00:00,2591.064,100.0,0.00012480740575119854,0.0,699.9999922723188,0.0,0.0,Summer,143.94799999999998,0.0,0.0,0.0
2020-07-13 14:00:00,2644.812,100.0,7.727681193500757e-06,0.0,699.9999995215264,0.0,0.0,Summer,146.934,0.0,0.0,0.0
2020-07-13 15:00:00,2590.074,100.0,4.784736083820462e-07,0.0,699.9999999703743,0.0,0.0,Summer,143.893,0.0,0.0,0.0
2020-07-13 16:00:00,2452.338,100.0,2.9625603929162025e-08,0.0,699.9999999981657,0.0,0.0,Summer,136.241,0.0,0.0,0.0
2020-07-13 17:00:00,1938.888,100.0,1.8343562260270118e-09,0.0,699.9999999998864,0.0,0.0,Summer,107.716,0.0,0.0,0.0
2020-07-13 18:00:00,511.596,100.0,1.1362135410308838e-10,0.0,699.9999999999931,0.0,0.0,Summer,28.422000000000004,0.0,0.0,0.0
2020-07-13 19:00:00,0.0,100.0,0.0,106.60035817780522,593.3996418221878,0.0,0.0,Summer,0.0,15.228622596829316,0.0,0.0
2020-07-13 20:00:00,0.0,100.0,0.0,106.60035817780522,486.7992836443826,0.0,0.0,Summer,0.0,15.228622596829316,0.0,0.0
2020-07-13 21:00:00,0.0,100.0,0.0,106.60035817780522,380.1989254665774,0.0,0.0,Summer,0.0,15.228622596829316,0.0,0.0
2020-07-13 22:00:00,0.0,100.0,0.0,106.60035817780522,273.5985672887722,0.0,0.0,Summer,0.0,15.228622596829316,0.0,0.0
2020-07-13 23:00:00,0.0,100.0,0.0,106.60035817780522,166.998209110967,0.0,0.0,Summer,0.0,15.228622596829316,0.0,0.0
2020-07-14 00:00:00,0.0,100.0,0.0,106.60035817780522,60.397850933161784,0.0,0.0,Summer,0.0,15.228622596829316,0.0,0.0
2020-07-14 01:00:00,0.0,96.65820637527366,0.0,60.397850933161784,0.0,40.0,3.3417936247263427,Summer,0.0,8.628264419023111,100.0,3.3417936247263427
2020-07-14 02:00:00,0.0,40.0,0.0,0.0,0.0,40.0,60.0,Summer,0.0,0.0,100.0,60.0
2020-07-14 03:00:00,0.0,40.0,0.0,0.0,0.0,40.0,60.0,Summer,0.0,0.0,100.0,60.0
2020-07-14 04:00:00,0.0,40.0,0.0,0.0,0.0,40.0,60.0,Summer,0.0,0.0,100.0,60.0
2020-07-14 05:00:00,137.7,100.0,37.69999999999999,0.0,35.36573482906865,0.0,0.0,Summer,7.6499999999999995,0.0,0.0,0.0
2020-07-14 06:00:00,323.928,100.0,200.0,0.0,222.98236522200585,0.0,0.0,Summer,17.996000000000002,0.0,0.0,0.0
2020-07-14 07:00:00,1168.146,100.0,200.0,0.0,410.598995614943,0.0,0.0,Summer,64.89699999999999,0.0,0.0,0.0
2020-07-14 08:00:00,1139.256,100.0,200.0,0.0,598.2156260078802,0.0,0.0,Summer,63.292,0.0,0.0,0.0
2020-07-14 09:00:00,1246.788,100.0,101.7843739921198,0.0,693.6978323831604,0.0,0.0,Summer,69.266,0.0,0.0,0.0
2020-07-14 10:00:00,1633.23,100.0,6.302167616839637,0.0,699.6097896453751,0.0,0.0,Summer,90.735,0.0,0.0,0.0
2020-07-14 11:00:00,735.588,100.0,0.39021035462489817,0.0,699.9758394047709,0.0,0.0,Summer,40.866,0.0,0.0,0.0
2020-07-14 12:00:00,715.878,100.0,0.024160595229128376,0.0,699.9985040520968,0.0,0.0,Summer,39.771,0.0,0.0,0.0
2020-07-14 13:00:00,528.498,100.0,0.0014959479032550008,0.0,699.999907375621,0.0,0.0,Summer,29.361000000000004,0.0,0.0,0.0
2020-07-14 14:00:00,641.952,100.0,9.262437897268682e-05,0.0,699.9999942649904,0.0,0.0,Summer,35.664,0.0,0.0,0.0
2020-07-14 15:00:00,442.782,100.0,5.735009559430182e-06,0.0,699.9999996449062,0.0,0.0,Summer,24.599,0.0,0.0,0.0
2020-07-14 16:00:00,210.816,100.0,3.5509373992681503e-07,0.0,699.9999999780136,0.0,0.0,Summer,11.712,0.0,0.0,0.0
2020-07-14 17:00:00,236.304,100.0,2.1986314095556735e-08,0.0,699.9999999986386,0.0,0.0,Summer,13.128,0.0,0.0,0.0
2020-07-14 18:00:00,72.94319999999999,100.0,0.0,28.842645711452413,671.1573542871862,0.0,0.0,Summer,4.0524,4.120377958778916,0.0,0.0
2020-07-14 19:00:00,0.0,100.0,0.0,106.60035817780522,564.556996109381,0.0,0.0,Summer,0.0,15.228622596829316,0.0,0.0
2020-07-14 20:00:00,0.0,100.0,0.0,106.60035817780522,457.95663793157576,0.0,0.0,Summer,0.0,15.228622596829316,0.0,0.0
2020-07-14 21:00:00,0.0,100.0,0.0,106.60035817780522,351.35627975377054,0.0,0.0,Summer,0.0,15.228622596829316,0.0,0.0
2020-07-14 22:00:00,0.0,100.0,0.0,106.60035817780522,244.75592157596537,0.0,0.0,Summer,0.0,15.228622596829316,0.0,0.0
2020-07-14 23:00:00,0.0,100.0,0.0,106.60035817780522,138.15556339816015,0.0,0.0,Summer,0.0,15.228622596829316,0.0,0.0
2020-07-15 00:00:00,0.0,100.0,0.0,106.60035817780522,31.55520522035494,0.0,0.0,Summer,0.0,15.228622596829316,0.0,0.0
2020-07-15 01:00:00,0.0,69.60140637400308,0.0,31.55520522035494,0.0,40.0,30.398593625996924,Summer,0.0,4.507886460050706,100.0,30.398593625996924
2020-07-15 02:00:00,0.0,40.0,0.0,0.0,0.0,40.0,60.0,Summer,0.0,0.0,100.0,60.0
2020-07-15 03:00:00,0.0,40.0,0.0,0.0,0.0,40.0,60.0,Summer,0.0,0.0,100.0,60.0
2020-07-15 04:00:00,0.0,40.0,0.0,0.0,0.0,40.0,60.0,Summer,0.0,0.0,100.0,60.0
2020-07-15 05:00:00,461.664,100.0,200.0,0.0,187.6166303929372,0.0,0.0,Summer,25.648,0.0,0.0,0.0
2020-07-15 06:00:00,1210.77,100.0,200.0,0.0,375.2332607858744,0.0,0.0,Summer,67.265,0.0,0.0,0.0
2020-07-15 07:00:00,627.678,100.0,200.0,0.0,562.8498911788115,0.0,0.0,Summer,34.871,0.0,0.0,0.0
2020-07-15 08:00:00,619.686,100.0,137.15010882118844,0.0,691.5080975540917,0.0,0.0,Summer,34.427,0.0,0.0,0.0
2020-07-15 09:00:00,1729.998,100.0,8.491902445908286,0.0,699.4742081667259,0.0,0.0,Summer,96.111,0.0,0.0,0.0
2020-07-15 10:00:00,2409.588,100.0,0.5257918332740664,0.0,699.9674446269609,0.0,0.0,Summer,133.866,0.0,0.0,0.0
2020-07-15 11:00:00,2724.264,100.0,0.03255537303909659,0.0,699.9979842739149,0.0,0.0,Summer,151.348,0.0,0.0,0.0
2020-07-15 12:00:00,2718.72,100.0,0.0020157260851701724,0.0,699.9998751925942,0.0,0.0,Summer,151.04,0.0,0.0,0.0
2020-07-15 13:00:00,2711.772,100.0,0.00012480740575119854,0.0,699.9999922723188,0.0,0.0,Summer,150.654,0.0,0.0,0.0
2020-07-15 14:00:00,2671.83,100.0,7.727681193500757e-06,0.0,699.9999995215264,0.0,0.0,Summer,148.435,0.0,0.0,0.0
2020-07-15 15:00:00,2461.914,100.0,4.784736083820462e-07,0.0,699.9999999703743,0.0,0.0,Summer,136.77300000000002,0.0,0.0,0.0
2020-07-15 16:00:00,1071.81,100.0,2.9625603929162025e-08,0.0,699.9999999981657,0.0,0.0,Summer,59.544999999999995,0.0,0.0,0.0
2020-07-15 17:00:00,401.472,100.0,1.8343562260270118e-09,0.0,699.9999999998864,0.0,0.0,Summer,22.304,0.0,0.0,0.0
2020-07-15 18:00:00,43.0884,100.0,0.0,60.667969444719795,639.3320305551665,0.0,0.0,Summer,2.3938,8.666852777817112,0.0,0.0
2020-07-15 19:00:00,0.0,100.0,0.0,106.60035817780522,532.7316723773613,0.0,0.0,Summer,0.0,15.228622596829316,0.0,0.0
2020-07-15 20:00:00,0.0,100.0,0.0,106.60035817780522,426.13131419955613,0.0,0.0,Summer,0.0,15.228622596829316,0.0,0.0
2020-07-15 21:00:00,0.0,100.0,0.0,106.60035817780522,319.5309560217509,0.0,0.0,Summer,0.0,15.228622596829316,0.0,0.0
2020-07-15 22:00:00,0.0,100.0,0.0,106.60035817780522,212.93059784394572,0.0,0.0,Summer,0.0,15.228622596829316,0.0,0.0
2020-07-15 23:00:00,0.0,100.0,0.0,106.60035817780522,106.33023966614051,0.0,0.0,Summer,0.0,15.228622596829316,0.0,0.0
2020-07-16 00:00:00,0.0,100.0,0.0,106.33023966614051,0.0,0.2533936248264297,0.0,Summer,0.0,15.190034238020072,0.6334840620660742,0.0
2020-07-16 01:00:00,0.0,40.0,0.0,0.0,0.0,40.0,60.0,Summer,0.0,0.0,100.0,60.0
2020-07-16 02:00:00,0.0,40.0,0.0,0.0,0.0,40.0,60.0,Summer,0.0,0.0,100.0,60.0
2020-07-16 03:00:00,0.0,40.0,0.0,0.0,0.0,40.0,60.0,Summer,0.0,0.0,100.0,60.0
2020-07-16 04:00:00,0.0,40.0,0.0,0.0,0.0,40.0,60.0,Summer,0.0,0.0,100.0,60.0
2020-07-16 05:00:00,322.272,100.0,200.0,0.0,187.6166303929372,0.0,0.0,Summer,17.904,0.0,0.0,0.0
2020-07-16 06:00:00,524.574,100.0,200.0,0.0,375.2332607858744,0.0,0.0,Summer,29.142999999999997,0.0,0.0,0.0
2020-07-16 07:00:00,731.448,100.0,200.0,0.0,562.8498911788115,0.0,0.0,Summer,40.636,0.0,0.0,0.0
2020-07-16 08:00:00,1959.336,100.0,137.15010882118844,0.0,691.5080975540917,0.0,0.0,Summer,108.85199999999999,0.0,0.0,0.0
2020-07-16 09:00:00,2722.212,100.0,8.491902445908286,0.0,699.4742081667259,0.0,0.0,Summer,151.234,0.0,0.0,0.0
2020-07-16 10:00:00,2735.532,100.0,0.5257918332740664,0.0,699.9674446269609,0.0,0.0,Summer,151.97400000000002,0.0,0.0,0.0
2020-07-16 11:00:00,2733.912,100.0,0.03255537303909659,0.0,699.9979842739149,0.0,0.0,Summer,151.884,0.0,0.0,0.0
2020-07-16 12:00:00,2724.588,100.0,0.0020157260851701724,0.0,699.9998751925942,0.0,0.0,Summer,151.366,0.0,0.0,0.0
2020-07-16 13:00:00,2716.218,100.0,0.00012480740575119854,0.0,699.9999922723188,0.0,0.0,Summer,150.901,0.0,0.0,0.0
2020-07-16 14:00:00,2593.152,100.0,7.727681193500757e-06,0.0,699.9999995215264,0.0,0.0,Summer,144.064,0.0,0.0,0.0
2020-07-16 15:00:00,904.662,100.0,4.784736083820462e-07,0.0,699.9999999703743,0.0,0.0,Summer,50.259,0.0,0.0,0.0
2020-07-16 16:00:00,806.526,100.0,2.9625603929162025e-08,0.0,699.9999999981657,0.0,0.0,Summer,44.806999999999995,0.0,0.0,0.0
2020-07-16 17:00:00,940.932,100.0,1.8343562260270118e-09,0.0,699.9999999998864,0.0,0.0,Summer,52.274,0.0,0.0,0.0
2020-07-16 18:00:00,43.3836,100.0,0.0,60.35328518737891,639.6467148125075,0.0,0.0,Summer,2.4102,8.621897883911272,0.0,0.0
2020-07-16 19:00:00,0.0,100.0,0.0,106.60035817780522,533.0463566347023,0.0,0.0,Summer,0.0,15.228622596829316,0.0,0.0
2020-07-16 20:00:00,0.0,100.0,0.0,106.60035817780522,426.4459984568971,0.0,0.0,Summer,0.0,15.228622596829316,0.0,0.0
2020-07-16 21:00:00,0.0,100.0,0.0,106.60035817780522,319.84564027909187,0.0,0.0,Summer,0.0,15.228622596829316,0.0,0.0
2020-07-16 22:00:00,0.0,100.0,0.0,106.60035817780522,213.2452821012867,0.0,0.0,Summer,0.0,15.228622596829316,0.0,0.0
2020-07-16 23:00:00,0.0,100.0,0.0,106.60035817780522,106.64492392348147,0.0,0.0,Summer,0.0,15.228622596829316,0.0,0.0
2020-07-17 00:00:00,0.0,100.0,0.0,106.60035817780522,0.044565745676256485,0.0,0.0,Summer,0.0,15.228622596829316,0.0,0.0
2020-07-17 01:00:00,0.0,40.04180637517364,0.0,0.044565745676256485,0.0,40.0,59.958193624826364,Summer,0.0,0.006366535096608069,100.0,59.958193624826364
2020-07-17 02:00:00,0.0,40.0,0.0,0.0,0.0,40.0,60.0,Summer,0.0,0.0,100.0,60.0
2020-07-17 03:00:00,0.0,40.0,0.0,0.0,0.0,40.0,60.0,Summer,0.0,0.0,100.0,60.0
2020-07-17 04:00:00,0.0,40.0,0.0,0.0,0.0,40.0,60.0,Summer,0.0,0.0,100.0,60.0
2020-07-17 05:00:00,487.836,100.0,200.0,0.0,187.6166303929372,0.0,0.0,Summer,27.101999999999997,0.0,0.0,0.0
2020-07-17 06:00:00,1913.688,100.0,200.0,0.0,375.2332607858744,0.0,0.0,Summer,106.31600000000002,0.0,0.0,0.0
2020-07-17 07:00:00,2463.552,100.0,200.0,0.0,562.8498911788115,0.0,0.0,Summer,136.864,0.0,0.0,0.0
2020-07-17 08:00:00,2676.222,100.0,137.15010882118844,0.0,691.5080975540917,0.0,0.0,Summer,148.679,0.0,0.0,0.0
2020-07-17 09:00:00,2716.974,100.0,8.491902445908286,0.0,699.4742081667259,0.0,0.0,Summer,150.943,0.0,0.0,0.0
2020-07-17 10:00:00,2679.192,100.0,0.5257918332740664,0.0,699.9674446269609,0.0,0.0,Summer,148.844,0.0,0.0,0.0
2020-07-17 11:00:00,2600.586,100.0,0.03255537303909659,0.0,699.9979842739149,0.0,0.0,Summer,144.47699999999998,0.0,0.0,0.0
2020-07-17 12:00:00,2511.09,100.0,0.0020157260851701724,0.0,699.9998751925942,0.0,0.0,Summer,139.50500000000002,0.0,0.0,0.0
2020-07-17 13:00:00,2541.852,100.0,0.00012480740575119854,0.0,699.9999922723188,0.0,0.0,Summer,141.214,0.0,0.0,0.0
2020-07-17 14:00:00,2604.96,100.0,7.727681193500757e-06,0.0,699.9999995215264,0.0,0.0,Summer,144.72,0.0,0.0,0.0
2020-07-17 15:00:00,2518.128,100.0,4.784736083820462e-07,0.0,699.9999999703743,0.0,0.0,Summer,139.896,0.0,0.0,0.0
2020-07-17 16:00:00,1957.302,100.0,2.9625603929162025e-08,0.0,699.9999999981657,0.0,0.0,Summer,108.73899999999999,0.0,0.0,0.0
2020-07-17 17:00:00,1411.092,100.0,1.8343562260270118e-09,0.0,699.9999999998864,0.0,0.0,Summer,78.394,0.0,0.0,0.0
2020-07-17 18:00:00,233.1,100.0,1.1362135410308838e-10,0.0,699.9999999999931,0.0,0.0,Summer,12.950000000000001,0.0,0.0,0.0
2020-07-17 19:00:00,0.0,100.0,0.0,106.60035817780522,593.3996418221878,0.0,0.0,Summer,0.0,15.228622596829316,0.0,0.0
2020-07-17 20:00:00,0.0,100.0,0.0,106.60035817780522,486.7992836443826,0.0,0.0,Summer,0.0,15.228622596829316,0.0,0.0
2020-07-17 21:00:00,0.0,100.0,0.0,106.60035817780522,380.1989254665774,0.0,0.0,Summer,0.0,15.228622596829316,0.0,0.0
2020-07-17 22:00:00,0.0,100.0,0.0,106.60035817780522,273.5985672887722,0.0,0.0,Summer,0.0,15.228622596829316,0.0,0.0
2020-07-17 23:00:00,0.0,100.0,0.0,106.60035817780522,166.998209110967,0.0,0.0,Summer,0.0,15.228622596829316,0.0,0.0
2020-07-18 00:00:00,0.0,100.0,0.0,106.60035817780522,60.397850933161784,0.0,0.0,Summer,0.0,15.228622596829316,0.0,0.0
2020-07-18 01:00:00,0.0,96.65820637527366,0.0,60.397850933161784,0.0,40.0,3.3417936247263427,Summer,0.0,8.628264419023111,100.0,3.3417936247263427
2020-07-18 02:00:00,0.0,40.0,0.0,0.0,0.0,40.0,60.0,Summer,0.0,0.0,100.0,60.0
2020-07-18 03:00:00,0.0,40.0,0.0,0.0,0.0,40.0,60.0,Summer,0.0,0.0,100.0,60.0
2020-07-18 04:00:00,0.0,40.0,0.0,0.0,0.0,40.0,60.0,Summer,0.0,0.0,100.0,60.0
2020-07-18 05:00:00,226.044,100.0,126.04400000000001,0.0,118.23975280623688,0.0,0.0,Summer,12.558,0.0,0.0,0.0
2020-07-18 06:00:00,1692.81,100.0,200.0,0.0,305.85638319917405,0.0,0.0,Summer,94.045,0.0,0.0,0.0
2020-07-18 07:00:00,2476.998,100.0,200.0,0.0,493.4730135921113,0.0,0.0,Summer,137.611,0.0,0.0,0.0
2020-07-18 08:00:00,2660.598,100.0,200.0,0.0,681.0896439850485,0.0,0.0,Summer,147.811,0.0,0.0,0.0
2020-07-18 09:00:00,2593.332,100.0,18.910356014951482,0.0,698.8291303603286,0.0,0.0,Summer,144.07399999999998,0.0,0.0,0.0
2020-07-18 10:00:00,2631.924,100.0,1.1708696396714076,0.0,699.9275034424513,0.0,0.0,Summer,146.21800000000002,0.0,0.0,0.0
2020-07-18 11:00:00,2661.552,100.0,0.07249655754864216,0.0,699.9955112416632,0.0,0.0,Summer,147.864,0.0,0.0,0.0
2020-07-18 12:00:00,2619.954,100.0,0.004488758336869068,0.0,699.9997220702321,0.0,0.0,Summer,145.553,0.0,0.0,0.0
2020-07-18 13:00:00,2642.04,100.0,0.0002779297678498551,0.0,699.9999827914647,0.0,0.0,Summer,146.78,0.0,0.0,0.0
2020-07-18 14:00:00,2621.772,100.0,1.7208535224199296e-05,0.0,699.9999989345018,0.0,0.0,Summer,145.654,0.0,0.0,0.0
2020-07-18 15:00:00,2539.314,100.0,1.0654982179403304e-06,0.0,699.9999999340276,0.0,0.0,Summer,141.07299999999998,0.0,0.0,0.0
2020-07-18 16:00:00,2367.522,100.0,6.59723300486803e-08,0.0,699.9999999959152,0.0,0.0,Summer,131.529,0.0,0.0,0.0
2020-07-18 17:00:00,1658.394,100.0,4.084780812263489e-09,0.0,699.999999999747,0.0,0.0,Summer,92.133,0.0,0.0,0.0
2020-07-18 18:00:00,316.314,100.0,2.5297049432992936e-10,0.0,699.9999999999843,0.0,0.0,Summer,17.573000000000004,0.0,0.0,0.0
2020-07-18 19:00:00,0.0,100.0,0.0,106.60035817780522,593.3996418221791,0.0,0.0,Summer,0.0,15.228622596829316,0.0,0.0
2020-07-18 20:00:00,0.0,100.0,0.0,106.60035817780522,486.7992836443739,0.0,0.0,Summer,0.0,15.228622596829316,0.0,0.0
2020-07-18 21:00:00,0.0,100.0,0.0,106.60035817780522,380.19892546656865,0.0,0.0,Summer,0.0,15.228622596829316,0.0,0.0
2020-07-18 22:00:00,0.0,100.0,0.0,106.60035817780522,273.5985672887635,0.0,0.0,Summer,0.0,15.228622596829316,0.0,0.0
2020-07-18 23:00:00,0.0,100.0,0.0,106.60035817780522,166.99820911095827,0.0,0.0,Summer,0.0,15.228622596829316,0.0,0.0
2020-07-19 00:00:00,0.0,100.0,0.0,106.60035817780522,60.39785093315305,0.0,0.0,Summer,0.0,15.228622596829316,0.0,0.0
2020-07-19 01:00:00,0.0,96.65820637526546,0.0,60.39785093315305,0.0,40.0,3.3417936247345352,Summer,0.0,8.628264419021866,100.0,3.3417936247345357
2020-07-19 02:00:00,0.0,40.0,0.0,0.0,0.0,40.0,60.0,Summer,0.0,0.0,100.0,60.0
2020-07-19 03:00:00,0.0,40.0,0.0,0.0,0.0,40.0,60.0,Summer,0.0,0.0,100.0,60.0
2020-07-19 04:00:00,0.0,40.0,0.0,0.0,0.0,40.0,60.0,Summer,0.0,0.0,100.0,60.0
2020-07-19 05:00:00,167.5674,100.0,67.56739999999999,0.0,63.38383956205871,0.0,0.0,Summer,9.3093,0.0,0.0,0.0
2020-07-19 06:00:00,789.282,100.0,200.0,0.0,251.0004699549959,0.0,0.0,Summer,43.849000000000004,0.0,0.0,0.0
2020-07-19 07:00:00,1252.89,100.0,200.0,0.0,438.6171003479331,0.0,0.0,Summer,69.605,0.0,0.0,0.0
2020-07-19 08:00:00,1562.994,100.0,200.0,0.0,626.2337307408703,0.0,0.0,Summer,86.833,0.0,0.0,0.0
2020-07-19 09:00:00,2018.898,100.0,73.76626925912966,0.0,695.4326251161503,0.0,0.0,Summer,112.161,0.0,0.0,0.0
2020-07-19 10:00:00,2645.856,100.0,4.56737488384964,0.0,699.7172025433964,0.0,0.0,Summer,146.99200000000002,0.0,0.0,0.0
2020-07-19 11:00:00,2653.326,100.0,0.28279745660361366,0.0,699.9824900728547,0.0,0.0,Summer,147.407,0.0,0.0,0.0
2020-07-19 12:00:00,2622.222,100.0,0.017509927145321853,0.0,699.9989158405018,0.0,0.0,Summer,145.679,0.0,0.0,0.0
2020-07-19 13:00:00,2635.56,100.0,0.0010841594982193782,0.0,699.9999328722612,0.0,0.0,Summer,146.42,0.0,0.0,0.0
2020-07-19 14:00:00,2571.534,100.0,6.712773884646595e-05,0.0,699.999995843662,0.0,0.0,Summer,142.863,0.0,0.0,0.0
2020-07-19 15:00:00,2508.12,100.0,4.156338050961494e-06,0.0,699.9999997426527,0.0,0.0,Summer,139.34,0.0,0.0,0.0
2020-07-19 16:00:00,1492.128,100.0,2.5734736118465664e-07,0.0,699.9999999840659,0.0,0.0,Summer,82.89599999999999,0.0,0.0,0.0
2020-07-19 17:00:00,1473.786,100.0,1.5934114344418048e-08,0.0,699.9999999990134,0.0,0.0,Summer,81.877,0.0,0.0,0.0
2020-07-19 18:00:00,239.13,100.0,9.866198524832725e-10,0.0,699.9999999999388,0.0,0.0,Summer,13.285,0.0,0.0,0.0
2020-07-19 19:00:00,0.0,100.0,0.0,106.60035817780522,593.3996418221337,0.0,0.0,Summer,0.0,15.228622596829316,0.0,0.0
2020-07-19 20:00:00,0.0,100.0,0.0,106.60035817780522,486.79928364432845,0.0,0.0,Summer,0.0,15.228622596829316,0.0,0.0
2020-07-19 21:00:00,0.0,100.0,0.0,106.60035817780522,380.1989254665233,0.0,0.0,Summer,0.0,15.228622596829316,0.0,0.0
2020-07-19 22:00:00,0.0,100.0,0.0,106.60035817780522,273.5985672887181,0.0,0.0,Summer,0.0,15.228622596829316,0.0,0.0
2020-07-19 23:00:00,0.0,100.0,0.0,106.60035817780522,166.99820911091285,0.0,0.0,Summer,0.0,15.228622596829316,0.0,0.0
2020-07-20 00:00:00,0.0,100.0,0.0,106.60035817780522,60.39785093310765,0.0,0.0,Summer,0.0,15.228622596829316,0.0,0.0
2020-07-20 01:00:00,0.0,96.65820637522287,0.0,60.39785093310765,0.0,40.0,3.3417936247771323,Summer,0.0,8.628264419015379,100.0,3.341793624777132
2020-07-20 02:00:00,0.0,40.0,0.0,0.0,0.0,40.0,60.0,Summer,0.0,0.0,100.0,60.0
2020-07-20 03:00:00,0.0,40.0,0.0,0.0,0.0,40.0,60.0,Summer,0.0,0.0,100.0,60.0
2020-07-20 04:00:00,0.0,40.0,0.0,0.0,0.0,40.0,60.0,Summer,0.0,0.0,100.0,60.0
2020-07-20 05:00:00,149.9976,100.0,49.997600000000006,0.0,46.901906198669586,0.0,0.0,Summer,8.3332,0.0,0.0,0.0
2020-07-20 06:00:00,1421.64,100.0,200.0,0.0,234.5185365916068,0.0,0.0,Summer,78.98,0.0,0.0,0.0
2020-07-20 07:00:00,2412.378,100.0,200.0,0.0,422.135166984544,0.0,0.0,Summer,134.02100000000002,0.0,0.0,0.0
2020-07-20 08:00:00,2622.258,100.0,200.0,0.0,609.7517973774812,0.0,0.0,Summer,145.68099999999998,0.0,0.0,0.0
2020-07-20 09:00:00,2645.802,100.0,90.24820262251876,0.0,694.4121157527612,0.0,0.0,Summer,146.989,0.0,0.0,0.0
2020-07-20 10:00:00,2631.798,100.0,5.5878842472387475,0.0,699.6540158202248,0.0,0.0,Summer,146.21099999999998,0.0,0.0,0.0
2020-07-20 11:00:00,2572.92,100.0,0.3459841797752306,0.0,699.9785777501182,0.0,0.0,Summer,142.94,0.0,0.0,0.0
2020-07-20 12:00:00,2458.854,100.0,0.0214222498817835,0.0,699.9986736018095,0.0,0.0,Summer,136.60299999999998,0.0,0.0,0.0
2020-07-20 13:00:00,2422.8,100.0,0.0013263981904601677,0.0,699.9999178736048,0.0,0.0,Summer,134.60000000000002,0.0,0.0,0.0
2020-07-20 14:00:00,1282.23,100.0,8.212639519479126e-05,0.0,699.9999949149925,0.0,0.0,Summer,71.235,0.0,0.0,0.0
2020-07-20 15:00:00,314.658,100.0,5.085007520392537e-06,0.0,699.9999996851523,0.0,0.0,Summer,17.481,0.0,0.0,0.0
2020-07-20 16:00:00,262.854,100.0,3.148476826027036e-07,0.0,699.9999999805057,0.0,0.0,Summer,14.603,0.0,0.0,0.0
2020-07-20 17:00:00,109.0242,100.0,1.949432771652937e-08,0.0,699.999999998793,0.0,0.0,Summer,6.0569,0.0,0.0,0.0
2020-07-20 18:00:00,35.965799999999994,100.0,0.0,68.26068655629214,631.7393134425009,0.0,0.0,Summer,1.9980999999999995,9.751526650898876,0.0,0.0
2020-07-20 19:00:00,0.0,100.0,0.0,106.60035817780522,525.1389552646957,0.0,0.0,Summer,0.0,15.228622596829316,0.0,0.0
2020-07-20 20:00:00,0.0,100.0,0.0,106.60035817780522,418.5385970868905,0.0,0.0,Summer,0.0,15.228622596829316,0.0,0.0
2020-07-20 21:00:00,0.0,100.0,0.0,106.60035817780522,311.93823890908527,0.0,0.0,Summer,0.0,15.228622596829316,0.0,0.0
2020-07-20 22:00:00,0.0,100.0,0.0,106.60035817780522,205.33788073128008,0.0,0.0,Summer,0.0,15.228622596829316,0.0,0.0
2020-07-20 23:00:00,0.0,100.0,0.0,106.60035817780522,98.73752255347486,0.0,0.0,Summer,0.0,15.228622596829316,0.0,0.0
2020-07-21 00:00:00,0.0,100.0,0.0,98.73752255347486,0.0,7.375993625852033,0.0,Summer,0.0,14.105360364782124,18.43998406463008,0.0
2020-07-21 01:00:00,0.0,40.0,0.0,0.0,0.0,40.0,60.0,Summer,0.0,0.0,100.0,60.0
2020-07-21 02:00:00,0.0,40.0,0.0,0.0,0.0,40.0,60.0,Summer,0.0,0.0,100.0,60.0
2020-07-21 03:00:00,0.0,40.0,0.0,0.0,0.0,40.0,60.0,Summer,0.0,0.0,100.0,60.0
2020-07-21 04:00:00,0.0,40.0,0.0,0.0,0.0,40.0,60.0,Summer,0.0,0.0,100.0,60.0
2020-07-21 05:00:00,301.032,100.0,200.0,0.0,187.6166303929372,0.0,0.0,Summer,16.724,0.0,0.0,0.0
2020-07-21 06:00:00,1507.392,100.0,200.0,0.0,375.2332607858744,0.0,0.0,Summer,83.74400000000001,0.0,0.0,0.0
2020-07-21 07:00:00,1523.466,100.0,200.0,0.0,562.8498911788115,0.0,0.0,Summer,84.637,0.0,0.0,0.0
2020-07-21 08:00:00,691.38,100.0,137.15010882118844,0.0,691.5080975540917,0.0,0.0,Summer,38.41,0.0,0.0,0.0
2020-07-21 09:00:00,1673.28,100.0,8.491902445908286,0.0,699.4742081667259,0.0,0.0,Summer,92.96,0.0,0.0,0.0
2020-07-21 10:00:00,2326.194,100.0,0.5257918332740664,0.0,699.9674446269609,0.0,0.0,Summer,129.233,0.0,0.0,0.0
2020-07-21 11:00:00,2504.25,100.0,0.03255537303909659,0.0,699.9979842739149,0.0,0.0,Summer,139.125,0.0,0.0,0.0
2020-07-21 12:00:00,2517.048,100.0,0.0020157260851701724,0.0,699.9998751925942,0.0,0.0,Summer,139.83599999999998,0.0,0.0,0.0
2020-07-21 13:00:00,2376.522,100.0,0.00012480740575119854,0.0,699.9999922723188,0.0,0.0,Summer,132.029,0.0,0.0,0.0
2020-07-21 14:00:00,2506.014,100.0,7.727681193500757e-06,0.0,699.9999995215264,0.0,0.0,Summer,139.223,0.0,0.0,0.0
2020-07-21 15:00:00,667.944,100.0,4.784736083820462e-07,0.0,699.9999999703743,0.0,0.0,Summer,37.108,0.0,0.0,0.0
2020-07-21 16:00:00,235.53,100.0,2.9625603929162025e-08,0.0,699.9999999981657,0.0,0.0,Summer,13.084999999999999,0.0,0.0,0.0
2020-07-21 17:00:00,590.904,100.0,1.8343562260270118e-09,0.0,699.9999999998864,0.0,0.0,Summer,32.828,0.0,0.0,0.0
2020-07-21 18:00:00,304.218,100.0,1.1362135410308838e-10,0.0,699.9999999999931,0.0,0.0,Summer,16.901000000000003,0.0,0.0,0.0
2020-07-21 19:00:00,0.0,100.0,0.0,106.60035817780522,593.3996418221878,0.0,0.0,Summer,0.0,15.228622596829316,0.0,0.0
2020-07-21 20:00:00,0.0,100.0,0.0,106.60035817780522,486.7992836443826,0.0,0.0,Summer,0.0,15.228622596829316,0.0,0.0
2020-07-21 21:00:00,0.0,100.0,0.0,106.60035817780522,380.1989254665774,0.0,0.0,Summer,0.0,15.228622596829316,0.0,0.0
2020-07-21 22:00:00,0.0,100.0,0.0,106.60035817780522,273.5985672887722,0.0,0.0,Summer,0.0,15.228622596829316,0.0,0.0
2020-07-21 23:00:00,0.0,100.0,0.0,106.60035817780522,166.998209110967,0.0,0.0,Summer,0.0,15.228622596829316,0.0,0.0
2020-07-22 00:00:00,0.0,100.0,0.0,106.60035817780522,60.397850933161784,0.0,0.0,Summer,0.0,15.228622596829316,0.0,0.0
2020-07-22 01:00:00,0.0,96.65820637527366,0.0,60.397850933161784,0.0,40.0,3.3417936247263427,Summer,0.0,8.628264419023111,100.0,3.3417936247263427
2020-07-22 02:00:00,0.0,40.0,0.0,0.0,0.0,40.0,60.0,Summer,0.0,0.0,100.0,60.0
2020-07-22 03:00:00,0.0,40.0,0.0,0.0,0.0,40.0,60.0,Summer,0.0,0.0,100.0,60.0
2020-07-22 04:00:00,0.0,40.0,0.0,0.0,0.0,40.0,60.0,Summer,0.0,0.0,100.0,60.0
2020-07-22 05:00:00,122.5548,100.0,22.5548,0.0,21.1582778759331,0.0,0.0,Summer,6.808599999999999,0.0,0.0,0.0
2020-07-22 06:00:00,756.72,100.0,200.0,0.0,208.7749082688703,0.0,0.0,Summer,42.04,0.0,0.0,0.0
2020-07-22 07:00:00,821.502,100.0,200.0,0.0,396.3915386618075,0.0,0.0,Summer,45.638999999999996,0.0,0.0,0.0
2020-07-22 08:00:00,308.016,100.0,200.0,0.0,584.0081690547446,0.0,0.0,Summer,17.112000000000002,0.0,0.0,0.0
2020-07-22 09:00:00,397.404,100.0,115.99183094525534,0.0,692.8181514300247,0.0,0.0,Summer,22.078,0.0,0.0,0.0
2020-07-22 10:00:00,676.08,100.0,7.181848569975235,0.0,699.5553225734802,0.0,0.0,Summer,37.56,0.0,0.0,0.0
2020-07-22 11:00:00,1410.192,100.0,0.4446774265198037,0.0,699.9724669753574,0.0,0.0,Summer,78.34400000000001,0.0,0.0,0.0
2020-07-22 12:00:00,2338.884,100.0,0.027533024642616512,0.0,699.9982952418973,0.0,0.0,Summer,129.938,0.0,0.0,0.0
2020-07-22 13:00:00,2328.282,100.0,0.0017047581027727573,0.0,699.9998944467516,0.0,0.0,Summer,129.349,0.0,0.0,0.0
2020-07-22 14:00:00,1692.45,100.0,0.00010555324843153358,0.0,699.9999934644757,0.0,0.0,Summer,94.025,0.0,0.0,0.0
2020-07-22 15:00:00,305.388,100.0,6.535524385981262e-06,0.0,699.9999995953409,0.0,0.0,Summer,16.965999999999998,0.0,0.0,0.0
2020-07-22 16:00:00,176.38739999999999,100.0,4.0465907659381627e-07,0.0,699.9999999749448,0.0,0.0,Summer,9.799299999999999,0.0,0.0,0.0
2020-07-22 17:00:00,98.60759999999999,100.0,0.0,1.4843033872677696,698.515696587677,0.0,0.0,Summer,5.478199999999999,0.2120433410382528,0.0,0.0
2020-07-22 18:00:00,37.0854,100.0,0.0,67.06718894613344,631.4485076415435,0.0,0.0,Summer,2.0603,9.581026992304778,0.0,0.0
2020-07-22 19:00:00,0.0,100.0,0.0,106.60035817780522,524.8481494637383,0.0,0.0,Summer,0.0,15.228622596829316,0.0,0.0
2020-07-22 20:00:00,0.0,100.0,0.0,106.60035817780522,418.2477912859331,0.0,0.0,Summer,0.0,15.228622596829316,0.0,0.0
2020-07-22 21:00:00,0.0,100.0,0.0,106.60035817780522,311.6474331081279,0.0,0.0,Summer,0.0,15.228622596829316,0.0,0.0
2020-07-22 22:00:00,0.0,100.0,0.0,106.60035817780522,205.0470749303227,0.0,0.0,Summer,0.0,15.228622596829316,0.0,0.0
2020-07-22 23:00:00,0.0,100.0,0.0,106.60035817780522,98.44671675251749,0.0,0.0,Summer,0.0,15.228622596829316,0.0,0.0
2020-07-23 00:00:00,0.0,100.0,0.0,98.44671675251749,0.0,7.648793648223744,0.0,Summer,0.0,14.06381667893107,19.12198412055936,0.0
2020-07-23 01:00:00,0.0,40.0,0.0,0.0,0.0,40.0,60.0,Summer,0.0,0.0,100.0,60.0
2020-07-23 02:00:00,0.0,40.0,0.0,0.0,0.0,40.0,60.0,Summer,0.0,0.0,100.0,60.0
2020-07-23 03:00:00,0.0,40.0,0.0,0.0,0.0,40.0,60.0,Summer,0.0,0.0,100.0,60.0
2020-07-23 04:00:00,0.0,40.0,0.0,0.0,0.0,40.0,60.0,Summer,0.0,0.0,100.0,60.0
2020-07-23 05:00:00,44.6724,84.67240000000001,0.0,0.0,0.0,40.0,15.327599999999997,Summer,2.4818000000000002,0.0,100.0,15.327599999999997
2020-07-23 06:00:00,222.642,100.0,122.642,0.0,115.04839392325302,0.0,0.0,Summer,12.369,0.0,0.0,0.0
2020-07-23 07:00:00,393.012,100.0,200.0,0.0,302.6650243161902,0.0,0.0,Summer,21.834,0.0,0.0,0.0
2020-07-23 08:00:00,847.116,100.0,200.0,0.0,490.2816547091274,0.0,0.0,Summer,47.062,0.0,0.0,0.0
2020-07-23 09:00:00,2443.95,100.0,200.0,0.0,677.8982851020646,0.0,0.0,Summer,135.77499999999998,0.0,0.0,0.0
2020-07-23 10:00:00,2721.33,100.0,22.101714897935395,0.0,698.6315314773447,0.0,0.0,Summer,151.185,0.0,0.0,0.0
2020-07-23 11:00:00,2721.06,100.0,1.368468522655312,0.0,699.9152687424416,0.0,0.0,Summer,151.17000000000002,0.0,0.0,0.0
2020-07-23 12:00:00,2686.32,100.0,0.08473125755833462,0.0,699.994753707602,0.0,0.0,Summer,149.24,0.0,0.0,0.0
2020-07-23 13:00:00,2680.92,100.0,0.005246292398078367,0.0,699.9996751661108,0.0,0.0,Summer,148.94,0.0,0.0,0.0
2020-07-23 14:00:00,2588.346,100.0,0.00032483388914261014,0.0,699.9999798873095,0.0,0.0,Summer,143.797,0.0,0.0,0.0
2020-07-23 15:00:00,1495.368,100.0,2.011269051581621e-05,0.0,699.9999987546856,0.0,0.0,Summer,83.076,0.0,0.0,0.0
2020-07-23 16:00:00,2133.18,100.0,1.2453143717721104e-06,0.0,699.9999999228941,0.0,0.0,Summer,118.50999999999998,0.0,0.0,0.0
2020-07-23 17:00:00,1097.622,100.0,7.710594218224287e-08,0.0,699.9999999952258,0.0,0.0,Summer,60.979000000000006,0.0,0.0,0.0
2020-07-23 18:00:00,132.72660000000002,100.0,4.7741923481225965e-09,0.0,699.9999999997044,0.0,0.0,Summer,7.373700000000001,0.0,0.0,0.0
2020-07-23 19:00:00,0.0,100.0,0.0,106.60035817780522,593.3996418218992,0.0,0.0,Summer,0.0,15.228622596829316,0.0,0.0
2020-07-23 20:00:00,0.0,100.0,0.0,106.60035817780522,486.79928364409403,0.0,0.0,Summer,0.0,15.228622596829316,0.0,0.0
2020-07-23 21:00:00,0.0,100.0,0.0,106.60035817780522,380.1989254662888,0.0,0.0,Summer,0.0,15.228622596829316,0.0,0.0
2020-07-23 22:00:00,0.0,100.0,0.0,106.60035817780522,273.5985672884836,0.0,0.0,Summer,0.0,15.228622596829316,0.0,0.0
2020-07-23 23:00:00,0.0,100.0,0.0,106.60035817780522,166.9982091106784,0.0,0.0,Summer,0.0,15.228622596829316,0.0,0.0
2020-07-24 00:00:00,0.0,100.0,0.0,106.60035817780522,60.39785093287319,0.0,0.0,Summer,0.0,15.228622596829316,0.0,0.0
2020-07-24 01:00:00,0.0,96.65820637500292,0.0,60.39785093287319,0.0,40.0,3.3417936249970737,Summer,0.0,8.628264418981885,100.0,3.341793624997073
2020-07-24 02:00:00,0.0,40.0,0.0,0.0,0.0,40.0,60.0,Summer,0.0,0.0,100.0,60.0
2020-07-24 03:00:00,0.0,40.0,0.0,0.0,0.0,40.0,60.0,Summer,0.0,0.0,100.0,60.0
2020-07-24 04:00:00,0.0,40.0,0.0,0.0,0.0,40.0,60.0,Summer,0.0,0.0,100.0,60.0
2020-07-24 05:00:00,498.744,100.0,200.0,0.0,187.6166303929372,0.0,0.0,Summer,27.708,0.0,0.0,0.0
2020-07-24 06:00:00,1957.392,100.0,200.0,0.0,375.2332607858744,0.0,0.0,Summer,108.744,0.0,0.0,0.0
2020-07-24 07:00:00,2205.63,100.0,200.0,0.0,562.8498911788115,0.0,0.0,Summer,122.53500000000001,0.0,0.0,0.0
2020-07-24 08:00:00,844.776,100.0,137.15010882118844,0.0,691.5080975540917,0.0,0.0,Summer,46.931999999999995,0.0,0.0,0.0
2020-07-24 09:00:00,522.216,100.0,8.491902445908286,0.0,699.4742081667259,0.0,0.0,Summer,29.012,0.0,0.0,0.0
2020-07-24 10:00:00,1591.578,100.0,0.5257918332740664,0.0,699.9674446269609,0.0,0.0,Summer,88.42099999999999,0.0,0.0,0.0
2020-07-24 11:00:00,2545.236,100.0,0.03255537303909659,0.0,699.9979842739149,0.0,0.0,Summer,141.402,0.0,0.0,0.0
2020-07-24 12:00:00,2626.956,100.0,0.0020157260851701724,0.0,699.9998751925942,0.0,0.0,Summer,145.942,0.0,0.0,0.0
2020-07-24 13:00:00,2188.908,100.0,0.00012480740575119854,0.0,699.9999922723188,0.0,0.0,Summer,121.606,0.0,0.0,0.0
2020-07-24 14:00:00,1886.472,100.0,7.727681193500757e-06,0.0,699.9999995215264,0.0,0.0,Summer,104.804,0.0,0.0,0.0
2020-07-24 15:00:00,619.308,100.0,4.784736083820462e-07,0.0,699.9999999703743,0.0,0.0,Summer,34.406,0.0,0.0,0.0
2020-07-24 16:00:00,283.356,100.0,2.9625603929162025e-08,0.0,699.9999999981657,0.0,0.0,Summer,15.742,0.0,0.0,0.0
2020-07-24 17:00:00,100.68480000000001,100.0,1.8343562260270118e-09,0.0,699.9999999998864,0.0,0.0,Summer,5.5936,0.0,0.0,0.0
2020-07-24 18:00:00,34.659,100.0,0.0,69.65374003695972,630.3462599629266,0.0,0.0,Summer,1.9254999999999998,9.950534290994245,0.0,0.0
2020-07-24 19:00:00,0.0,100.0,0.0,106.60035817780522,523.7459017851214,0.0,0.0,Summer,0.0,15.228622596829316,0.0,0.0
2020-07-24 20:00:00,0.0,100.0,0.0,106.60035817780522,417.1455436073162,0.0,0.0,Summer,0.0,15.228622596829316,0.0,0.0
2020-07-24 21:00:00,0.0,100.0,0.0,106.60035817780522,310.54518542951104,0.0,0.0,Summer,0.0,15.228622596829316,0.0,0.0
2020-07-24 22:00:00,0.0,100.0,0.0,106.60035817780522,203.94482725170582,0.0,0.0,Summer,0.0,15.228622596829316,0.0,0.0
2020-07-24 23:00:00,0.0,100.0,0.0,106.60035817780522,97.34446907390058,0.0,0.0,Summer,0.0,15.228622596829316,0.0,0.0
2020-07-25 00:00:00,0.0,100.0,0.0,97.34446907390058,0.0,8.682793624826445,0.0,Summer,0.0,13.906352724842941,21.706984062066113,0.0
2020-07-25 01:00:00,0.0,40.0,0.0,0.0,0.0,40.0,60.0,Summer,0.0,0.0,100.0,60.0
2020-07-25 02:00:00,0.0,40.0,0.0,0.0,0.0,40.0,60.0,Summer,0.0,0.0,100.0,60.0
2020-07-25 03:00:00,0.0,40.0,0.0,0.0,0.0,40.0,60.0,Summer,0.0,0.0,100.0,60.0
2020-07-25 04:00:00,0.0,40.0,0.0,0.0,0.0,40.0,60.0,Summer,0.0,0.0,100.0,60.0
2020-07-25 05:00:00,381.582,100.0,200.0,0.0,187.6166303929372,0.0,0.0,Summer,21.198999999999998,0.0,0.0,0.0
2020-07-25 06:00:00,1864.332,100.0,200.0,0.0,375.2332607858744,0.0,0.0,Summer,103.57400000000001,0.0,0.0,0.0
2020-07-25 07:00:00,2439.702,100.0,200.0,0.0,562.8498911788115,0.0,0.0,Summer,135.53900000000002,0.0,0.0,0.0
2020-07-25 08:00:00,2653.596,100.0,137.15010882118844,0.0,691.5080975540917,0.0,0.0,Summer,147.422,0.0,0.0,0.0
2020-07-25 09:00:00,2713.59,100.0,8.491902445908286,0.0,699.4742081667259,0.0,0.0,Summer,150.75500000000002,0.0,0.0,0.0
2020-07-25 10:00:00,2720.52,100.0,0.5257918332740664,0.0,699.9674446269609,0.0,0.0,Summer,151.14000000000001,0.0,0.0,0.0
2020-07-25 11:00:00,2687.274,100.0,0.03255537303909659,0.0,699.9979842739149,0.0,0.0,Summer,149.29299999999998,0.0,0.0,0.0
2020-07-25 12:00:00,2685.798,100.0,0.0020157260851701724,0.0,699.9998751925942,0.0,0.0,Summer,149.21099999999998,0.0,0.0,0.0
2020-07-25 13:00:00,2671.758,100.0,0.00012480740575119854,0.0,699.9999922723188,0.0,0.0,Summer,148.43099999999998,0.0,0.0,0.0
2020-07-25 14:00:00,2273.148,100.0,7.727681193500757e-06,0.0,699.9999995215264,0.0,0.0,Summer,126.28600000000002,0.0,0.0,0.0
2020-07-25 15:00:00,2506.626,100.0,4.784736083820462e-07,0.0,699.9999999703743,0.0,0.0,Summer,139.257,0.0,0.0,0.0
2020-07-25 16:00:00,2391.354,100.0,2.9625603929162025e-08,0.0,699.9999999981657,0.0,0.0,Summer,132.853,0.0,0.0,0.0
2020-07-25 17:00:00,1744.434,100.0,1.8343562260270118e-09,0.0,699.9999999998864,0.0,0.0,Summer,96.913,0.0,0.0,0.0
2020-07-25 18:00:00,104.8554,100.0,1.1362135410308838e-10,0.0,699.9999999999931,0.0,0.0,Summer,5.8253,0.0,0.0,0.0
2020-07-25 19:00:00,0.0,100.0,0.0,106.60035817780522,593.3996418221878,0.0,0.0,Summer,0.0,15.228622596829316,0.0,0.0
2020-07-25 20:00:00,0.0,100.0,0.0,106.60035817780522,486.7992836443826,0.0,0.0,Summer,0.0,15.228622596829316,0.0,0.0
2020-07-25 21:00:00,0.0,100.0,0.0,106.60035817780522,380.1989254665774,0.0,0.0,Summer,0.0,15.228622596829316,0.0,0.0
2020-07-25 22:00:00,0.0,100.0,0.0,106.60035817780522,273.5985672887722,0.0,0.0,Summer,0.0,15.228622596829316,0.0,0.0
2020-07-25 23:00:00,0.0,100.0,0.0,106.60035817780522,166.998209110967,0.0,0.0,Summer,0.0,15.228622596829316,0.0,0.0
2020-07-26 00:00:00,0.0,100.0,0.0,106.60035817780522,60.397850933161784,0.0,0.0,Summer,0.0,15.228622596829316,0.0,0.0
2020-07-26 01:00:00,0.0,96.65820637527366,0.0,60.397850933161784,0.0,40.0,3.3417936247263427,Summer,0.0,8.628264419023111,100.0,3.3417936247263427
2020-07-26 02:00:00,0.0,40.0,0.0,0.0,0.0,40.0,60.0,Summer,0.0,0.0,100.0,60.0
2020-07-26 03:00:00,0.0,40.0,0.0,0.0,0.0,40.0,60.0,Summer,0.0,0.0,100.0,60.0
2020-07-26 04:00:00,0.0,40.0,0.0,0.0,0.0,40.0,60.0,Summer,0.0,0.0,100.0,60.0
2020-07-26 05:00:00,254.466,100.0,154.466,0.0,144.90195215137717,0.0,0.0,Summer,14.137,0.0,0.0,0.0
2020-07-26 06:00:00,1431.936,100.0,200.0,0.0,332.5185825443143,0.0,0.0,Summer,79.552,0.0,0.0,0.0
2020-07-26 07:00:00,1375.542,100.0,200.0,0.0,520.1352129372516,0.0,0.0,Summer,76.419,0.0,0.0,0.0
2020-07-26 08:00:00,1544.274,100.0,179.86478706274846,0.0,688.8633393125317,0.0,0.0,Summer,85.79299999999999,0.0,0.0,0.0
2020-07-26 09:00:00,1609.758,100.0,11.136660687468247,0.0,699.3104530725932,0.0,0.0,Summer,89.43100000000001,0.0,0.0,0.0
2020-07-26 10:00:00,2558.304,100.0,0.6895469274068018,0.0,699.9573054276826,0.0,0.0,Summer,142.12800000000001,0.0,0.0,0.0
2020-07-26 11:00:00,2573.784,100.0,0.042694572317413984,0.0,699.9973564866539,0.0,0.0,Summer,142.988,0.0,0.0,0.0
2020-07-26 12:00:00,2415.816,100.0,0.002643513346090913,0.0,699.9998363219859,0.0,0.0,Summer,134.212,0.0,0.0,0.0
2020-07-26 13:00:00,1964.034,100.0,0.0001636780141852796,0.0,699.9999898655732,0.0,0.0,Summer,109.11300000000001,0.0,0.0,0.0
2020-07-26 14:00:00,633.474,100.0,1.0134426760487258e-05,0.0,699.9999993725082,0.0,0.0,Summer,35.193000000000005,0.0,0.0,0.0
2020-07-26 15:00:00,2139.372,100.0,6.274917395785451e-07,0.0,699.9999999611476,0.0,0.0,Summer,118.854,0.0,0.0,0.0
2020-07-26 16:00:00,1398.546,100.0,3.8852333091199395e-08,0.0,699.9999999975944,0.0,0.0,Summer,77.697,0.0,0.0,0.0
2020-07-26 17:00:00,1048.986,100.0,2.405606210231781e-09,0.0,699.9999999998511,0.0,0.0,Summer,58.277,0.0,0.0,0.0
2020-07-26 18:00:00,132.29819999999998,100.0,1.4889519661664962e-10,0.0,699.9999999999908,0.0,0.0,Summer,7.3499,0.0,0.0,0.0
2020-07-26 19:00:00,0.0,100.0,0.0,106.60035817780522,593.3996418221856,0.0,0.0,Summer,0.0,15.228622596829316,0.0,0.0
2020-07-26 20:00:00,0.0,100.0,0.0,106.60035817780522,486.7992836443804,0.0,0.0,Summer,0.0,15.228622596829316,0.0,0.0
2020-07-26 21:00:00,0.0,100.0,0.0,106.60035817780522,380.1989254665752,0.0,0.0,Summer,0.0,15.228622596829316,0.0,0.0
2020-07-26 22:00:00,0.0,100.0,0.0,106.60035817780522,273.59856728876997,0.0,0.0,Summer,0.0,15.228622596829316,0.0,0.0
2020-07-26 23:00:00,0.0,100.0,0.0,106.60035817780522,166.99820911096478,0.0,0.0,Summer,0.0,15.228622596829316,0.0,0.0
2020-07-27 00:00:00,0.0,100.0,0.0,106.60035817780522,60.39785093315957,0.0,0.0,Summer,0.0,15.228622596829316,0.0,0.0
2020-07-27 01:00:00,0.0,96.65820637527158,0.0,60.39785093315957,0.0,40.0,3.3417936247284246,Summer,0.0,8.628264419022795,100.0,3.3417936247284246
2020-07-27 02:00:00,0.0,40.0,0.0,0.0,0.0,40.0,60.0,Summer,0.0,0.0,100.0,60.0
2020-07-27 03:00:00,0.0,40.0,0.0,0.0,0.0,40.0,60.0,Summer,0.0,0.0,100.0,60.0
2020-07-27 04:00:00,0.0,40.0,0.0,0.0,0.0,40.0,60.0,Summer,0.0,0.0,100.0,60.0
2020-07-27 05:00:00,70.98840000000001,100.0,0.0,0.0,0.0,29.011599999999987,0.0,Summer,3.943800000000001,0.0,72.52899999999997,0.0
2020-07-27 06:00:00,296.964,100.0,196.964,0.0,184.76860994357241,0.0,0.0,Summer,16.497999999999998,0.0,0.0,0.0
2020-07-27 07:00:00,346.77,100.0,200.0,0.0,372.3852403365096,0.0,0.0,Summer,19.265,0.0,0.0,0.0
2020-07-27 08:00:00,445.644,100.0,200.0,0.0,560.0018707294468,0.0,0.0,Summer,24.758,0.0,0.0,0.0
2020-07-27 09:00:00,860.778,100.0,139.99812927055325,0.0,691.331757104727,0.0,0.0,Summer,47.821000000000005,0.0,0.0,0.0
2020-07-27 10:00:00,1211.652,100.0,8.668242895273027,0.0,699.4632897219202,0.0,0.0,Summer,67.31400000000001,0.0,0.0,0.0
2020-07-27 11:00:00,957.546,100.0,0.5367102780798451,0.0,699.9667685912731,0.0,0.0,Summer,53.197,0.0,0.0,0.0
2020-07-27 12:00:00,834.138,100.0,0.03323140872688964,0.0,699.9979424159159,0.0,0.0,Summer,46.341,0.0,0.0,0.0
2020-07-27 13:00:00,2350.08,100.0,0.0020575840841047465,0.0,699.9998726008789,0.0,0.0,Summer,130.55999999999997,0.0,0.0,0.0
2020-07-27 14:00:00,900.432,100.0,0.00012739912106189878,0.0,699.999992111848,0.0,0.0,Summer,50.024,0.0,0.0,0.0
2020-07-27 15:00:00,557.478,100.0,7.888152031227947e-06,0.0,699.9999995115904,0.0,0.0,Summer,30.971,0.0,0.0,0.0
2020-07-27 16:00:00,329.562,100.0,4.884095396846533e-07,0.0,699.9999999697593,0.0,0.0,Summer,18.309,0.0,0.0,0.0
2020-07-27 17:00:00,90.05040000000001,100.0,0.0,10.606309237258897,689.3936907325004,0.0,0.0,Summer,5.002800000000001,1.515187033894128,0.0,0.0
2020-07-27 18:00:00,34.891200000000005,100.0,0.0,69.40621400527084,619.9874767272296,0.0,0.0,Summer,1.9384000000000001,9.915173429324406,0.0,0.0
2020-07-27 19:00:00,0.0,100.0,0.0,106.60035817780522,513.3871185494244,0.0,0.0,Summer,0.0,15.228622596829316,0.0,0.0
2020-07-27 20:00:00,0.0,100.0,0.0,106.60035817780522,406.78676037161915,0.0,0.0,Summer,0.0,15.228622596829316,0.0,0.0
2020-07-27 21:00:00,0.0,100.0,0.0,106.60035817780522,300.18640219381393,0.0,0.0,Summer,0.0,15.228622596829316,0.0,0.0
2020-07-27 22:00:00,0.0,100.0,0.0,106.60035817780522,193.58604401600874,0.0,0.0,Summer,0.0,15.228622596829316,0.0,0.0
2020-07-27 23:00:00,0.0,100.0,0.0,106.60035817780522,86.98568583820351,0.0,0.0,Summer,0.0,15.228622596829316,0.0,0.0
2020-07-28 00:00:00,0.0,100.0,0.0,86.98568583820351,0.0,18.40019365308811,0.0,Summer,0.0,12.426526548314786,46.000484132720274,0.0
2020-07-28 01:00:00,0.0,40.0,0.0,0.0,0.0,40.0,60.0,Summer,0.0,0.0,100.0,60.0
2020-07-28 02:00:00,0.0,40.0,0.0,0.0,0.0,40.0,60.0,Summer,0.0,0.0,100.0,60.0
2020-07-28 03:00:00,0.0,40.0,0.0,0.0,0.0,40.0,60.0,Summer,0.0,0.0,100.0,60.0
2020-07-28 04:00:00,0.0,40.0,0.0,0.0,0.0,40.0,60.0,Summer,0.0,0.0,100.0,60.0
2020-07-28 05:00:00,29.664,69.664,0.0,0.0,0.0,40.0,30.336,Summer,1.6480000000000001,0.0,100.0,30.335999999999995
2020-07-28 06:00:00,226.764,100.0,126.76400000000001,0.0,118.91517267565146,0.0,0.0,Summer,12.598,0.0,0.0,0.0
2020-07-28 07:00:00,701.658,100.0,200.0,0.0,306.53180306858866,0.0,0.0,Summer,38.981,0.0,0.0,0.0
2020-07-28 08:00:00,655.578,100.0,200.0,0.0,494.1484334615258,0.0,0.0,Summer,36.421,0.0,0.0,0.0
2020-07-28 09:00:00,993.528,100.0,200.0,0.0,681.765063854463,0.0,0.0,Summer,55.196,0.0,0.0,0.0
2020-07-28 10:00:00,1855.602,100.0,18.234936145536953,0.0,698.8709502297431,0.0,0.0,Summer,103.08900000000001,0.0,0.0,0.0
2020-07-28 11:00:00,2532.654,100.0,1.1290497702568536,0.0,699.9300927969507,0.0,0.0,Summer,140.703,0.0,0.0,0.0
2020-07-28 12:00:00,2445.534,100.0,0.06990720304928254,0.0,699.9956715663322,0.0,0.0,Summer,135.863,0.0,0.0,0.0
2020-07-28 13:00:00,2341.782,100.0,0.0043284336677752435,0.0,699.9997319970303,0.0,0.0,Summer,130.09900000000002,0.0,0.0,0.0
2020-07-28 14:00:00,2099.412,100.0,0.00026800296967849135,0.0,699.9999834061009,0.0,0.0,Summer,116.63399999999999,0.0,0.0,0.0
2020-07-28 15:00:00,1857.474,100.0,1.6593899112194777e-05,0.0,699.999998972558,0.0,0.0,Summer,103.193,0.0,0.0,0.0
2020-07-28 16:00:00,874.782,100.0,1.0274419328197836e-06,0.0,699.999999936384,0.0,0.0,Summer,48.599000000000004,0.0,0.0,0.0
2020-07-28 17:00:00,954.216,100.0,6.361596751958132e-08,0.0,699.9999999960611,0.0,0.0,Summer,53.012,0.0,0.0,0.0
2020-07-28 18:00:00,54.824400000000004,100.0,0.0,48.157351408972566,651.8426485870885,0.0,0.0,Summer,3.0458000000000003,6.879621629853223,0.0,0.0
2020-07-28 19:00:00,0.0,100.0,0.0,106.60035817780522,545.2422904092833,0.0,0.0,Summer,0.0,15.228622596829316,0.0,0.0
2020-07-28 20:00:00,0.0,100.0,0.0,106.60035817780522,438.64193223147817,0.0,0.0,Summer,0.0,15.228622596829316,0.0,0.0
2020-07-28 21:00:00,0.0,100.0,0.0,106.60035817780522,332.04157405367295,0.0,0.0,Summer,0.0,15.228622596829316,0.0,0.0
2020-07-28 22:00:00,0.0,100.0,0.0,106.60035817780522,225.44121587586775,0.0,0.0,Summer,0.0,15.228622596829316,0.0,0.0
2020-07-28 23:00:00,0.0,100.0,0.0,106.60035817780522,118.84085769806254,0.0,0.0,Summer,0.0,15.228622596829316,0.0,0.0
2020-07-29 00:00:00,0.0,100.0,0.0,106.60035817780522,12.24049952025732,0.0,0.0,Summer,0.0,15.228622596829316,0.0,0.0
2020-07-29 01:00:00,0.0,51.48260637158521,0.0,12.24049952025732,0.0,40.0,48.517393628414794,Summer,0.0,1.7486427886081883,100.0,48.517393628414794
2020-07-29 02:00:00,0.0,40.0,0.0,0.0,0.0,40.0,60.0,Summer,0.0,0.0,100.0,60.0
2020-07-29 03:00:00,0.0,40.0,0.0,0.0,0.0,40.0,60.0,Summer,0.0,0.0,100.0,60.0
2020-07-29 04:00:00,0.0,40.0,0.0,0.0,0.0,40.0,60.0,Summer,0.0,0.0,100.0,60.0
2020-07-29 05:00:00,271.818,100.0,171.81799999999998,0.0,161.17957100426838,0.0,0.0,Summer,15.100999999999997,0.0,0.0,0.0
2020-07-29 06:00:00,1732.59,100.0,200.0,0.0,348.7962013972056,0.0,0.0,Summer,96.255,0.0,0.0,0.0
2020-07-29 07:00:00,2446.992,100.0,200.0,0.0,536.4128317901428,0.0,0.0,Summer,135.94400000000002,0.0,0.0,0.0
2020-07-29 08:00:00,2693.25,100.0,163.5871682098572,0.0,689.8711981654229,0.0,0.0,Summer,149.625,0.0,0.0,0.0
2020-07-29 09:00:00,2744.802,100.0,10.128801834577112,0.0,699.3728565160286,0.0,0.0,Summer,152.489,0.0,0.0,0.0
2020-07-29 10:00:00,2579.634,100.0,0.627143483971362,0.0,699.9611692522066,0.0,0.0,Summer,143.313,0.0,0.0,0.0
2020-07-29 11:00:00,2538.738,100.0,0.0388307477934286,0.0,699.9975957224898,0.0,0.0,Summer,141.041,0.0,0.0,0.0
2020-07-29 12:00:00,2466.918,100.0,0.002404277510242537,0.0,699.9998511347147,0.0,0.0,Summer,137.05100000000002,0.0,0.0,0.0
2020-07-29 13:00:00,2622.438,100.0,0.0001488652852131054,0.0,699.9999907827307,0.0,0.0,Summer,145.691,0.0,0.0,0.0
2020-07-29 14:00:00,2701.872,100.0,9.217269252985716e-06,0.0,699.9999994292958,0.0,0.0,Summer,150.10399999999998,0.0,0.0,0.0
2020-07-29 15:00:00,2653.326,100.0,5.707042291760445e-07,0.0,699.9999999646637,0.0,0.0,Summer,147.407,0.0,0.0,0.0
2020-07-29 16:00:00,2489.202,100.0,3.5336241126060486e-08,0.0,699.9999999978121,0.0,0.0,Summer,138.28900000000002,0.0,0.0,0.0
2020-07-29 17:00:00,2010.996,100.0,2.187909558415413e-09,0.0,699.9999999998645,0.0,0.0,Summer,111.72200000000001,0.0,0.0,0.0
2020-07-29 18:00:00,368.676,100.0,1.3550743460655212e-10,0.0,699.9999999999916,0.0,0.0,Summer,20.482,0.0,0.0,0.0
2020-07-29 19:00:00,0.0,100.0,0.0,106.60035817780522,593.3996418221864,0.0,0.0,Summer,0.0,15.228622596829316,0.0,0.0
2020-07-29 20:00:00,0.0,100.0,0.0,106.60035817780522,486.7992836443812,0.0,0.0,Summer,0.0,15.228622596829316,0.0,0.0
2020-07-29 21:00:00,0.0,100.0,0.0,106.60035817780522,380.198925466576,0.0,0.0,Summer,0.0,15.228622596829316,0.0,0.0
2020-07-29 22:00:00,0.0,100.0,0.0,106.60035817780522,273.5985672887708,0.0,0.0,Summer,0.0,15.228622596829316,0.0,0.0
2020-07-29 23:00:00,0.0,100.0,0.0,106.60035817780522,166.9982091109656,0.0,0.0,Summer,0.0,15.228622596829316,0.0,0.0
2020-07-30 00:00:00,0.0,100.0,0.0,106.60035817780522,60.397850933160385,0.0,0.0,Summer,0.0,15.228622596829316,0.0,0.0
2020-07-30 01:00:00,0.0,96.65820637527234,0.0,60.397850933160385,0.0,40.0,3.341793624727657,Summer,0.0,8.628264419022912,100.0,3.341793624727657
2020-07-30 02:00:00,0.0,40.0,0.0,0.0,0.0,40.0,60.0,Summer,0.0,0.0,100.0,60.0
2020-07-30 03:00:00,0.0,40.0,0.0,0.0,0.0,40.0,60.0,Summer,0.0,0.0,100.0,60.0
2020-07-30 04:00:00,0.0,40.0,0.0,0.0,0.0,40.0,60.0,Summer,0.0,0.0,100.0,60.0
2020-07-30 05:00:00,311.49,100.0,200.0,0.0,187.6166303929372,0.0,0.0,Summer,17.305,0.0,0.0,0.0
2020-07-30 06:00:00,2002.986,100.0,200.0,0.0,375.2332607858744,0.0,0.0,Summer,111.277,0.0,0.0,0.0
2020-07-30 07:00:00,2562.948,100.0,200.0,0.0,562.8498911788115,0.0,0.0,Summer,142.386,0.0,0.0,0.0
2020-07-30 08:00:00,2727.288,100.0,137.15010882118844,0.0,691.5080975540917,0.0,0.0,Summer,151.51600000000002,0.0,0.0,0.0
2020-07-30 09:00:00,2760.21,100.0,8.491902445908286,0.0,699.4742081667259,0.0,0.0,Summer,153.345,0.0,0.0,0.0
2020-07-30 10:00:00,2739.492,100.0,0.5257918332740664,0.0,699.9674446269609,0.0,0.0,Summer,152.19400000000002,0.0,0.0,0.0
2020-07-30 11:00:00,2700.342,100.0,0.03255537303909659,0.0,699.9979842739149,0.0,0.0,Summer,150.019,0.0,0.0,0.0
2020-07-30 12:00:00,2676.24,100.0,0.0020157260851701724,0.0,699.9998751925942,0.0,0.0,Summer,148.67999999999998,0.0,0.0,0.0
2020-07-30 13:00:00,2670.066,100.0,0.00012480740575119854,0.0,699.9999922723188,0.0,0.0,Summer,148.337,0.0,0.0,0.0
2020-07-30 14:00:00,2656.314,100.0,7.727681193500757e-06,0.0,699.9999995215264,0.0,0.0,Summer,147.573,0.0,0.0,0.0
2020-07-30 15:00:00,2589.768,100.0,4.784736083820462e-07,0.0,699.9999999703743,0.0,0.0,Summer,143.876,0.0,0.0,0.0
2020-07-30 16:00:00,2431.98,100.0,2.9625603929162025e-08,0.0,699.9999999981657,0.0,0.0,Summer,135.10999999999999,0.0,0.0,0.0
2020-07-30 17:00:00,2003.292,100.0,1.8343562260270118e-09,0.0,699.9999999998864,0.0,0.0,Summer,111.29400000000001,0.0,0.0,0.0
2020-07-30 18:00:00,409.644,100.0,1.1362135410308838e-10,0.0,699.9999999999931,0.0,0.0,Summer,22.758,0.0,0.0,0.0
2020-07-30 19:00:00,0.0,100.0,0.0,106.60035817780522,593.3996418221878,0.0,0.0,Summer,0.0,15.228622596829316,0.0,0.0
2020-07-30 20:00:00,0.0,100.0,0.0,106.60035817780522,486.7992836443826,0.0,0.0,Summer,0.0,15.228622596829316,0.0,0.0
2020-07-30 21:00:00,0.0,100.0,0.0,106.60035817780522,380.1989254665774,0.0,0.0,Summer,0.0,15.228622596829316,0.0,0.0
2020-07-30 22:00:00,0.0,100.0,0.0,106.60035817780522,273.5985672887722,0.0,0.0,Summer,0.0,15.228622596829316,0.0,0.0
2020-07-30 23:00:00,0.0,100.0,0.0,106.60035817780522,166.998209110967,0.0,0.0,Summer,0.0,15.228622596829316,0.0,0.0
2020-07-31 00:00:00,0.0,100.0,0.0,106.60035817780522,60.397850933161784,0.0,0.0,Summer,0.0,15.228622596829316,0.0,0.0
2020-07-31 01:00:00,0.0,96.65820637527366,0.0,60.397850933161784,0.0,40.0,3.3417936247263427,Summer,0.0,8.628264419023111,100.0,3.3417936247263427
2020-07-31 02:00:00,0.0,40.0,0.0,0.0,0.0,40.0,60.0,Summer,0.0,0.0,100.0,60.0
2020-07-31 03:00:00,0.0,40.0,0.0,0.0,0.0,40.0,60.0,Summer,0.0,0.0,100.0,60.0
2020-07-31 04:00:00,0.0,40.0,0.0,0.0,0.0,40.0,60.0,Summer,0.0,0.0,100.0,60.0
2020-07-31 05:00:00,246.654,100.0,146.654,0.0,137.57364656822904,0.0,0.0,Summer,13.703,0.0,0.0,0.0
2020-07-31 06:00:00,1895.382,100.0,200.0,0.0,325.19027696116626,0.0,0.0,Summer,105.299,0.0,0.0,0.0
2020-07-31 07:00:00,2495.934,100.0,200.0,0.0,512.8069073541034,0.0,0.0,Summer,138.663,0.0,0.0,0.0
2020-07-31 08:00:00,2655.612,100.0,187.1930926458966,0.0,688.4095937293836,0.0,0.0,Summer,147.53400000000002,0.0,0.0,0.0
2020-07-31 09:00:00,2691.846,100.0,11.590406270616455,0.0,699.2823585762748,0.0,0.0,Summer,149.547,0.0,0.0,0.0
2020-07-31 10:00:00,2660.418,100.0,0.7176414237252903,0.0,699.9555659050234,0.0,0.0,Summer,147.80100000000002,0.0,0.0,0.0
2020-07-31 11:00:00,2629.062,100.0,0.04443409497663379,0.0,699.9972487808938,0.0,0.0,Summer,146.05899999999997,0.0,0.0,0.0
2020-07-31 12:00:00,2615.148,100.0,0.0027512191062560305,0.0,699.9998296531846,0.0,0.0,Summer,145.286,0.0,0.0,0.0
2020-07-31 13:00:00,2615.292,100.0,0.0001703468153718859,0.0,699.999989452662,0.0,0.0,Summer,145.29399999999998,0.0,0.0,0.0
2020-07-31 14:00:00,2625.21,100.0,1.0547337937168777e-05,0.0,699.9999993469421,0.0,0.0,Summer,145.845,0.0,0.0,0.0
2020-07-31 15:00:00,2354.274,100.0,6.530579412356019e-07,0.0,699.9999999595648,0.0,0.0,Summer,130.793,0.0,0.0,0.0
2020-07-31 16:00:00,1575.882,100.0,4.043523222208023e-08,0.0,699.9999999974964,0.0,0.0,Summer,87.54899999999999,0.0,0.0,0.0
2020-07-31 17:00:00,343.782,100.0,2.50362791121006e-09,0.0,699.9999999998449,0.0,0.0,Summer,19.099,0.0,0.0,0.0
2020-07-31 18:00:00,34.93620000000001,100.0,0.0,69.35824384409081,630.6417561557541,0.0,0.0,Summer,1.9409000000000003,9.90832054915583,0.0,0.0
2020-07-31 19:00:00,0.0,100.0,0.0,106.60035817780522,524.0413979779489,0.0,0.0,Summer,0.0,15.228622596829316,0.0,0.0
2020-07-31 20:00:00,0.0,100.0,0.0,106.60035817780522,417.4410398001437,0.0,0.0,Summer,0.0,15.228622596829316,0.0,0.0
2020-07-31 21:00:00,0.0,100.0,0.0,106.60035817780522,310.8406816223385,0.0,0.0,Summer,0.0,15.228622596829316,0.0,0.0
2020-07-31 22:00:00,0.0,100.0,0.0,106.60035817780522,204.2403234445333,0.0,0.0,Summer,0.0,15.228622596829316,0.0,0.0
2020-07-31 23:00:00,0.0,100.0,0.0,106.60035817780522,97.63996526672805,0.0,0.0,Summer,0.0,15.228622596829316,0.0,0.0
2020-08-01 00:00:00,0.0,100.0,0.0,97.63996526672805,0.0,8.40559362486529,0.0,Summer,0.0,13.948566466675436,21.013984062163225,0.0
2020-08-01 01:00:00,0.0,40.0,0.0,0.0,0.0,40.0,60.0,Summer,0.0,0.0,100.0,60.0
2020-08-01 02:00:00,0.0,40.0,0.0,0.0,0.0,40.0,60.0,Summer,0.0,0.0,100.0,60.0
2020-08-01 03:00:00,0.0,40.0,0.0,0.0,0.0,40.0,60.0,Summer,0.0,0.0,100.0,60.0
2020-08-01 04:00:00,0.0,40.0,0.0,0.0,0.0,40.0,60.0,Summer,0.0,0.0,100.0,60.0
2020-08-01 05:00:00,289.674,100.0,189.67399999999998,0.0,177.92998376574982,0.0,0.0,Summer,16.093,0.0,0.0,0.0
2020-08-01 06:00:00,1103.742,100.0,200.0,0.0,365.546614158687,0.0,0.0,Summer,61.319,0.0,0.0,0.0
2020-08-01 07:00:00,2323.206,100.0,200.0,0.0,553.1632445516242,0.0,0.0,Summer,129.067,0.0,0.0,0.0
2020-08-01 08:00:00,2653.614,100.0,146.83675544837584,0.0,690.9083309269043,0.0,0.0,Summer,147.423,0.0,0.0,0.0
2020-08-01 09:00:00,2672.136,100.0,9.091669073095662,0.0,699.4370725076138,0.0,0.0,Summer,148.452,0.0,0.0,0.0
2020-08-01 10:00:00,2657.988,100.0,0.5629274923861958,0.0,699.9651453039991,0.0,0.0,Summer,147.666,0.0,0.0,0.0
2020-08-01 11:00:00,2614.032,100.0,0.034854696000926194,0.0,699.9978419070843,0.0,0.0,Summer,145.224,0.0,0.0,0.0
2020-08-01 12:00:00,2609.748,100.0,0.0021580929156625643,0.0,699.9998663776889,0.0,0.0,Summer,144.986,0.0,0.0,0.0
2020-08-01 13:00:00,2495.412,100.0,0.00013362231105566025,0.0,699.9999917265277,0.0,0.0,Summer,138.634,0.0,0.0,0.0
2020-08-01 14:00:00,1833.408,100.0,8.273472310975193e-06,0.0,699.9999994877327,0.0,0.0,Summer,101.856,0.0,0.0,0.0
2020-08-01 15:00:00,1328.256,100.0,5.122673464938998e-07,0.0,699.999999968282,0.0,0.0,Summer,73.792,0.0,0.0,0.0
2020-08-01 16:00:00,445.68,100.0,3.171793650835752e-08,0.0,699.9999999980361,0.0,0.0,Summer,24.76,0.0,0.0,0.0
2020-08-01 17:00:00,92.0142,100.0,0.0,8.512891403363167,691.4871085946729,0.0,0.0,Summer,5.1119,1.2161273433375952,0.0,0.0
2020-08-01 18:00:00,23.153399999999998,100.0,0.0,81.91875084746526,609.5683577472076,0.0,0.0,Summer,1.2863,11.702678692495038,0.0,0.0
2020-08-01 19:00:00,0.0,100.0,0.0,106.60035817780522,502.9679995694024,0.0,0.0,Summer,0.0,15.228622596829316,0.0,0.0
2020-08-01 20:00:00,0.0,100.0,0.0,106.60035817780522,396.3676413915972,0.0,0.0,Summer,0.0,15.228622596829316,0.0,0.0
2020-08-01 21:00:00,0.0,100.0,0.0,106.60035817780522,289.76728321379204,0.0,0.0,Summer,0.0,15.228622596829316,0.0,0.0
2020-08-01 22:00:00,0.0,100.0,0.0,106.60035817780522,183.16692503598682,0.0,0.0,Summer,0.0,15.228622596829316,0.0,0.0
2020-08-01 23:00:00,0.0,100.0,0.0,106.60035817780522,76.5665668581816,0.0,0.0,Summer,0.0,15.228622596829316,0.0,0.0
2020-08-02 00:00:00,0.0,100.0,0.0,76.5665668581816,0.0,28.174193626562143,0.0,Summer,0.0,10.93808097974023,70.43548406640537,0.0
2020-08-02 01:00:00,0.0,40.0,0.0,0.0,0.0,40.0,60.0,Summer,0.0,0.0,100.0,60.0
2020-08-02 02:00:00,0.0,40.0,0.0,0.0,0.0,40.0,60.0,Summer,0.0,0.0,100.0,60.0
2020-08-02 03:00:00,0.0,40.0,0.0,0.0,0.0,40.0,60.0,Summer,0.0,0.0,100.0,60.0
2020-08-02 04:00:00,0.0,40.0,0.0,0.0,0.0,40.0,60.0,Summer,0.0,0.0,100.0,60.0
2020-08-02 05:00:00,50.4684,90.4684,0.0,0.0,0.0,40.0,9.531599999999997,Summer,2.8038,0.0,100.0,9.531599999999997
2020-08-02 06:00:00,527.328,100.0,200.0,0.0,187.6166303929372,0.0,0.0,Summer,29.296,0.0,0.0,0.0
2020-08-02 07:00:00,404.298,100.0,200.0,0.0,375.2332607858744,0.0,0.0,Summer,22.461000000000002,0.0,0.0,0.0
2020-08-02 08:00:00,364.77,100.0,200.0,0.0,562.8498911788115,0.0,0.0,Summer,20.265,0.0,0.0,0.0
2020-08-02 09:00:00,1181.394,100.0,137.15010882118844,0.0,691.5080975540917,0.0,0.0,Summer,65.633,0.0,0.0,0.0
2020-08-02 10:00:00,2597.724,100.0,8.491902445908286,0.0,699.4742081667259,0.0,0.0,Summer,144.318,0.0,0.0,0.0
2020-08-02 11:00:00,2440.134,100.0,0.5257918332740664,0.0,699.9674446269609,0.0,0.0,Summer,135.56300000000002,0.0,0.0,0.0
2020-08-02 12:00:00,2238.084,100.0,0.03255537303909659,0.0,699.9979842739149,0.0,0.0,Summer,124.338,0.0,0.0,0.0
2020-08-02 13:00:00,2616.642,100.0,0.0020157260851701724,0.0,699.9998751925942,0.0,0.0,Summer,145.369,0.0,0.0,0.0
2020-08-02 14:00:00,2386.728,100.0,0.00012480740575119854,0.0,699.9999922723188,0.0,0.0,Summer,132.596,0.0,0.0,0.0
2020-08-02 15:00:00,2572.668,100.0,7.727681193500757e-06,0.0,699.9999995215264,0.0,0.0,Summer,142.926,0.0,0.0,0.0
2020-08-02 16:00:00,2419.776,100.0,4.784736083820462e-07,0.0,699.9999999703743,0.0,0.0,Summer,134.432,0.0,0.0,0.0
2020-08-02 17:00:00,1815.642,100.0,2.9625603929162025e-08,0.0,699.9999999981657,0.0,0.0,Summer,100.86900000000001,0.0,0.0,0.0
2020-08-02 18:00:00,226.242,100.0,1.8343562260270118e-09,0.0,699.9999999998864,0.0,0.0,Summer,12.568999999999999,0.0,0.0,0.0
2020-08-02 19:00:00,0.0,100.0,0.0,106.60035817780522,593.3996418220812,0.0,0.0,Summer,0.0,15.228622596829316,0.0,0.0
2020-08-02 20:00:00,0.0,100.0,0.0,106.60035817780522,486.799283644276,0.0,0.0,Summer,0.0,15.228622596829316,0.0,0.0
2020-08-02 21:00:00,0.0,100.0,0.0,106.60035817780522,380.19892546647077,0.0,0.0,Summer,0.0,15.228622596829316,0.0,0.0
2020-08-02 22:00:00,0.0,100.0,0.0,106.60035817780522,273.59856728866555,0.0,0.0,Summer,0.0,15.228622596829316,0.0,0.0
2020-08-02 23:00:00,0.0,100.0,0.0,106.60035817780522,166.99820911086036,0.0,0.0,Summer,0.0,15.228622596829316,0.0,0.0
2020-08-03 00:00:00,0.0,100.0,0.0,106.60035817780522,60.397850933055146,0.0,0.0,Summer,0.0,15.228622596829316,0.0,0.0
2020-08-03 01:00:00,0.0,96.65820637517362,0.0,60.397850933055146,0.0,40.0,3.34179362482638,Summer,0.0,8.628264419007877,100.0,3.34179362482638
2020-08-03 02:00:00,0.0,40.0,0.0,0.0,0.0,40.0,60.0,Summer,0.0,0.0,100.0,60.0
2020-08-03 03:00:00,0.0,40.0,0.0,0.0,0.0,40.0,60.0,Summer,0.0,0.0,100.0,60.0
2020-08-03 04:00:00,0.0,40.0,0.0,0.0,0.0,40.0,60.0,Summer,0.0,0.0,100.0,60.0
2020-08-03 05:00:00,63.99720000000001,100.0,0.0,0.0,0.0,36.00279999999999,0.0,Summer,3.5554,0.0,90.00699999999998,0.0
2020-08-03 06:00:00,470.826,100.0,200.0,0.0,187.6166303929372,0.0,0.0,Summer,26.157000000000004,0.0,0.0,0.0
2020-08-03 07:00:00,810.432,100.0,200.0,0.0,375.2332607858744,0.0,0.0,Summer,45.024,0.0,0.0,0.0
2020-08-03 08:00:00,2141.406,100.0,200.0,0.0,562.8498911788115,0.0,0.0,Summer,118.967,0.0,0.0,0.0
2020-08-03 09:00:00,2730.816,100.0,137.15010882118844,0.0,691.5080975540917,0.0,0.0,Summer,151.712,0.0,0.0,0.0
2020-08-03 10:00:00,2707.56,100.0,8.491902445908286,0.0,699.4742081667259,0.0,0.0,Summer,150.42,0.0,0.0,0.0
2020-08-03 11:00:00,2684.538,100.0,0.5257918332740664,0.0,699.9674446269609,0.0,0.0,Summer,149.141,0.0,0.0,0.0
2020-08-03 12:00:00,2671.092,100.0,0.03255537303909659,0.0,699.9979842739149,0.0,0.0,Summer,148.394,0.0,0.0,0.0
2020-08-03 13:00:00,2675.124,100.0,0.0020157260851701724,0.0,699.9998751925942,0.0,0.0,Summer,148.618,0.0,0.0,0.0
2020-08-03 14:00:00,2671.11,100.0,0.00012480740575119854,0.0,699.9999922723188,0.0,0.0,Summer,148.395,0.0,0.0,0.0
2020-08-03 15:00:00,2614.482,100.0,7.727681193500757e-06,0.0,699.9999995215264,0.0,0.0,Summer,145.249,0.0,0.0,0.0
2020-08-03 16:00:00,2400.318,100.0,4.784736083820462e-07,0.0,699.9999999703743,0.0,0.0,Summer,133.35100000000003,0.0,0.0,0.0
2020-08-03 17:00:00,1659.834,100.0,2.9625603929162025e-08,0.0,699.9999999981657,0.0,0.0,Summer,92.213,0.0,0.0,0.0
2020-08-03 18:00:00,294.408,100.0,1.8343562260270118e-09,0.0,699.9999999998864,0.0,0.0,Summer,16.356,0.0,0.0,0.0
2020-08-03 19:00:00,0.0,100.0,0.0,106.60035817780522,593.3996418220812,0.0,0.0,Summer,0.0,15.228622596829316,0.0,0.0
2020-08-03 20:00:00,0.0,100.0,0.0,106.60035817780522,486.799283644276,0.0,0.0,Summer,0.0,15.228622596829316,0.0,0.0
2020-08-03 21:00:00,0.0,100.0,0.0,106.60035817780522,380.19892546647077,0.0,0.0,Summer,0.0,15.228622596829316,0.0,0.0
2020-08-03 22:00:00,0.0,100.0,0.0,106.60035817780522,273.59856728866555,0.0,0.0,Summer,0.0,15.228622596829316,0.0,0.0
2020-08-03 23:00:00,0.0,100.0,0.0,106.60035817780522,166.99820911086036,0.0,0.0,Summer,0.0,15.228622596829316,0.0,0.0
2020-08-04 00:00:00,0.0,100.0,0.0,106.60035817780522,60.397850933055146,0.0,0.0,Summer,0.0,15.228622596829316,0.0,0.0
2020-08-04 01:00:00,0.0,96.65820637517362,0.0,60.397850933055146,0.0,40.0,3.34179362482638,Summer,0.0,8.628264419007877,100.0,3.34179362482638
2020-08-04 02:00:00,0.0,40.0,0.0,0.0,0.0,40.0,60.0,Summer,0.0,0.0,100.0,60.0
2020-08-04 03:00:00,0.0,40.0,0.0,0.0,0.0,40.0,60.0,Summer,0.0,0.0,100.0,60.0
2020-08-04 04:00:00,0.0,40.0,0.0,0.0,0.0,40.0,60.0,Summer,0.0,0.0,100.0,60.0
2020-08-04 05:00:00,82.8648,100.0,0.0,0.0,0.0,17.135199999999998,0.0,Summer,4.6036,0.0,42.837999999999994,0.0
2020-08-04 06:00:00,492.588,100.0,200.0,0.0,187.6166303929372,0.0,0.0,Summer,27.366,0.0,0.0,0.0
2020-08-04 07:00:00,2080.224,100.0,200.0,0.0,375.2332607858744,0.0,0.0,Summer,115.568,0.0,0.0,0.0
2020-08-04 08:00:00,2179.008,100.0,200.0,0.0,562.8498911788115,0.0,0.0,Summer,121.05599999999998,0.0,0.0,0.0
2020-08-04 09:00:00,2123.514,100.0,137.15010882118844,0.0,691.5080975540917,0.0,0.0,Summer,117.97300000000001,0.0,0.0,0.0
2020-08-04 10:00:00,2542.86,100.0,8.491902445908286,0.0,699.4742081667259,0.0,0.0,Summer,141.27,0.0,0.0,0.0
2020-08-04 11:00:00,2438.874,100.0,0.5257918332740664,0.0,699.9674446269609,0.0,0.0,Summer,135.493,0.0,0.0,0.0
2020-08-04 12:00:00,2544.138,100.0,0.03255537303909659,0.0,699.9979842739149,0.0,0.0,Summer,141.341,0.0,0.0,0.0
2020-08-04 13:00:00,2212.542,100.0,0.0020157260851701724,0.0,699.9998751925942,0.0,0.0,Summer,122.919,0.0,0.0,0.0
2020-08-04 14:00:00,879.318,100.0,0.00012480740575119854,0.0,699.9999922723188,0.0,0.0,Summer,48.851,0.0,0.0,0.0
2020-08-04 15:00:00,239.49,100.0,7.727681193500757e-06,0.0,699.9999995215264,0.0,0.0,Summer,13.305,0.0,0.0,0.0
2020-08-04 16:00:00,196.2,100.0,4.784736083820462e-07,0.0,699.9999999703743,0.0,0.0,Summer,10.9,0.0,0.0,0.0
2020-08-04 17:00:00,69.1326,100.0,0.0,32.90475896017585,667.0952410101986,3.552713678800501e-15,0.0,Summer,3.8406999999999996,4.7006798514536925,8.881784197001252e-15,0.0
2020-08-04 18:00:00,14.286420000000001,100.0,0.0,91.37098328701961,575.724257723179,0.0,0.0,Summer,0.79369,13.052997612431374,0.0,0.0
2020-08-04 19:00:00,0.0,100.0,0.0,106.60035817780522,469.1238995453737,0.0,0.0,Summer,0.0,15.228622596829316,0.0,0.0
2020-08-04 20:00:00,0.0,100.0,0.0,106.60035817780522,362.52354136756855,0.0,0.0,Summer,0.0,15.228622596829316,0.0,0.0
2020-08-04 21:00:00,0.0,100.0,0.0,106.60035817780522,255.92318318976334,0.0,0.0,Summer,0.0,15.228622596829316,0.0,0.0
2020-08-04 22:00:00,0.0,100.0,0.0,106.60035817780522,149.32282501195814,0.0,0.0,Summer,0.0,15.228622596829316,0.0,0.0
2020-08-04 23:00:00,0.0,100.0,0.0,106.60035817780522,42.72246683415292,0.0,0.0,Summer,0.0,15.228622596829316,0.0,0.0
2020-08-05 00:00:00,0.0,80.07722634748893,0.0,42.72246683415292,0.0,40.0,19.922773652511076,Summer,0.0,6.103209547736131,100.0,19.922773652511076
2020-08-05 01:00:00,0.0,40.0,0.0,0.0,0.0,40.0,60.0,Summer,0.0,0.0,100.0,60.0
2020-08-05 02:00:00,0.0,40.0,0.0,0.0,0.0,40.0,60.0,Summer,0.0,0.0,100.0,60.0
2020-08-05 03:00:00,0.0,40.0,0.0,0.0,0.0,40.0,60.0,Summer,0.0,0.0,100.0,60.0
2020-08-05 04:00:00,0.0,40.0,0.0,0.0,0.0,40.0,60.0,Summer,0.0,0.0,100.0,60.0
2020-08-05 05:00:00,199.152,100.0,99.15199999999999,0.0,93.01282068360253,0.0,0.0,Summer,11.063999999999998,0.0,0.0,0.0
2020-08-05 06:00:00,1678.05,100.0,200.0,0.0,280.6294510765397,0.0,0.0,Summer,93.22500000000001,0.0,0.0,0.0
2020-08-05 07:00:00,2455.776,100.0,200.0,0.0,468.2460814694769,0.0,0.0,Summer,136.432,0.0,0.0,0.0
2020-08-05 08:00:00,2679.48,100.0,200.0,0.0,655.8627118624141,0.0,0.0,Summer,148.85999999999999,0.0,0.0,0.0
2020-08-05 09:00:00,2713.122,100.0,44.137288137585855,0.0,697.2671582376942,0.0,0.0,Summer,150.729,0.0,0.0,0.0
2020-08-05 10:00:00,2703.456,100.0,2.7328417623058194,0.0,699.8307910518987,0.0,0.0,Summer,150.192,0.0,0.0,0.0
2020-08-05 11:00:00,2672.262,100.0,0.1692089481012663,0.0,699.9895231152741,0.0,0.0,Summer,148.459,0.0,0.0,0.0
2020-08-05 12:00:00,2659.32,100.0,0.01047688472585287,0.0,699.9993513043205,0.0,0.0,Summer,147.74,0.0,0.0,0.0
2020-08-05 13:00:00,2669.814,100.0,0.0006486956794979051,0.0,699.9999598348081,0.0,0.0,Summer,148.32299999999998,0.0,0.0,0.0
2020-08-05 14:00:00,2008.8,100.0,4.016519186552614e-05,0.0,699.9999975130979,0.0,0.0,Summer,111.6,0.0,0.0,0.0
2020-08-05 15:00:00,1623.834,100.0,2.486902056261897e-06,0.0,699.9999998460188,0.0,0.0,Summer,90.213,0.0,0.0,0.0
2020-08-05 16:00:00,1324.134,100.0,1.5398114919662477e-07,0.0,699.9999999904659,0.0,0.0,Summer,73.563,0.0,0.0,0.0
2020-08-05 17:00:00,75.312,100.0,0.0,26.317496426936554,673.6825035635294,0.0,0.0,Summer,4.183999999999999,3.7596423467052222,0.0,0.0
2020-08-05 18:00:00,16.559639999999998,100.0,0.0,88.9477226248501,584.7347809386793,0.0,0.0,Summer,0.9199799999999999,12.706817517835727,0.0,0.0
2020-08-05 19:00:00,0.0,100.0,0.0,106.60035817780522,478.13442276087403,0.0,0.0,Summer,0.0,15.228622596829316,0.0,0.0
2020-08-05 20:00:00,0.0,100.0,0.0,106.60035817780522,371.5340645830688,0.0,0.0,Summer,0.0,15.228622596829316,0.0,0.0
2020-08-05 21:00:00,0.0,100.0,0.0,106.60035817780522,264.93370640526365,0.0,0.0,Summer,0.0,15.228622596829316,0.0,0.0
2020-08-05 22:00:00,0.0,100.0,0.0,106.60035817780522,158.33334822745843,0.0,0.0,Summer,0.0,15.228622596829316,0.0,0.0
2020-08-05 23:00:00,0.0,100.0,0.0,106.60035817780522,51.7329900496532,0.0,0.0,Summer,0.0,15.228622596829316,0.0,0.0
2020-08-06 00:00:00,0.0,88.52984636633641,0.0,51.7329900496532,0.0,40.0,11.470153633663585,Summer,0.0,7.390427149950457,100.0,11.470153633663585
2020-08-06 01:00:00,0.0,40.0,0.0,0.0,0.0,40.0,60.0,Summer,0.0,0.0,100.0,60.0
2020-08-06 02:00:00,0.0,40.0,0.0,0.0,0.0,40.0,60.0,Summer,0.0,0.0,100.0,60.0
2020-08-06 03:00:00,0.0,40.0,0.0,0.0,0.0,40.0,60.0,Summer,0.0,0.0,100.0,60.0
2020-08-06 04:00:00,0.0,40.0,0.0,0.0,0.0,40.0,60.0,Summer,0.0,0.0,100.0,60.0
2020-08-06 05:00:00,150.79319999999998,100.0,50.793199999999985,0.0,47.648245154372674,0.0,0.0,Summer,8.377399999999998,0.0,0.0,0.0
2020-08-06 06:00:00,1694.268,100.0,200.0,0.0,235.26487554730988,0.0,0.0,Summer,94.126,0.0,0.0,0.0
2020-08-06 07:00:00,2493.9,100.0,200.0,0.0,422.8815059402471,0.0,0.0,Summer,138.54999999999998,0.0,0.0,0.0
2020-08-06 08:00:00,2541.546,100.0,200.0,0.0,610.4981363331843,0.0,0.0,Summer,141.197,0.0,0.0,0.0
2020-08-06 09:00:00,1613.538,100.0,89.50186366681568,0.0,694.4583267084644,0.0,0.0,Summer,89.641,0.0,0.0,0.0
2020-08-06 10:00:00,2286.198,100.0,5.541673291535583,0.0,699.6568770569467,0.0,0.0,Summer,127.01099999999998,0.0,0.0,0.0
2020-08-06 11:00:00,2352.366,100.0,0.34312294305337127,0.0,699.9787549088776,0.0,0.0,Summer,130.687,0.0,0.0,0.0
2020-08-06 12:00:00,2553.732,100.0,0.02124509112245869,0.0,699.9986845709215,0.0,0.0,Summer,141.874,0.0,0.0,0.0
2020-08-06 13:00:00,2387.988,100.0,0.0013154290785314514,0.0,699.9999185527776,0.0,0.0,Summer,132.666,0.0,0.0,0.0
2020-08-06 14:00:00,1068.102,100.0,8.144722238648682e-05,0.0,699.9999949570447,0.0,0.0,Summer,59.339000000000006,0.0,0.0,0.0
2020-08-06 15:00:00,2250.702,100.0,5.042955279350281e-06,0.0,699.999999687756,0.0,0.0,Summer,125.03900000000002,0.0,0.0,0.0
2020-08-06 16:00:00,1310.904,100.0,3.1224393751472237e-07,0.0,699.9999999806668,0.0,0.0,Summer,72.828,0.0,0.0,0.0
2020-08-06 17:00:00,1396.62,100.0,1.933320891112089e-08,0.0,699.9999999988029,0.0,0.0,Summer,77.58999999999999,0.0,0.0,0.0
2020-08-06 18:00:00,241.002,100.0,1.1970987543463706e-09,0.0,699.9999999999259,0.0,0.0,Summer,13.389000000000001,0.0,0.0,0.0
2020-08-06 19:00:00,0.0,100.0,0.0,106.60035817780522,593.3996418221207,0.0,0.0,Summer,0.0,15.228622596829316,0.0,0.0
2020-08-06 20:00:00,0.0,100.0,0.0,106.60035817780522,486.79928364431544,0.0,0.0,Summer,0.0,15.228622596829316,0.0,0.0
2020-08-06 21:00:00,0.0,100.0,0.0,106.60035817780522,380.1989254665102,0.0,0.0,Summer,0.0,15.228622596829316,0.0,0.0
2020-08-06 22:00:00,0.0,100.0,0.0,106.60035817780522,273.59856728870506,0.0,0.0,Summer,0.0,15.228622596829316,0.0,0.0
2020-08-06 23:00:00,0.0,100.0,0.0,106.60035817780522,166.99820911089984,0.0,0.0,Summer,0.0,15.228622596829316,0.0,0.0
2020-08-07 00:00:00,0.0,100.0,0.0,106.60035817780522,60.39785093309461,0.0,0.0,Summer,0.0,15.228622596829316,0.0,0.0
2020-08-07 01:00:00,0.0,96.65820637521064,0.0,60.39785093309461,0.0,40.0,3.3417936247893607,Summer,0.0,8.628264419013517,100.0,3.3417936247893603
2020-08-07 02:00:00,0.0,40.0,0.0,0.0,0.0,40.0,60.0,Summer,0.0,0.0,100.0,60.0
2020-08-07 03:00:00,0.0,40.0,0.0,0.0,0.0,40.0,60.0,Summer,0.0,0.0,100.0,60.0
2020-08-07 04:00:00,0.0,40.0,0.0,0.0,0.0,40.0,60.0,Summer,0.0,0.0,100.0,60.0
2020-08-07 05:00:00,208.656,100.0,108.656,0.0,101.92836295987492,0.0,0.0,Summer,11.592,0.0,0.0,0.0
2020-08-07 06:00:00,1866.24,100.0,200.0,0.0,289.5449933528121,0.0,0.0,Summer,103.67999999999999,0.0,0.0,0.0
2020-08-07 07:00:00,2505.384,100.0,200.0,0.0,477.16162374574935,0.0,0.0,Summer,139.188,0.0,0.0,0.0
2020-08-07 08:00:00,2651.274,100.0,200.0,0.0,664.7782541386866,0.0,0.0,Summer,147.29299999999998,0.0,0.0,0.0
2020-08-07 09:00:00,2723.688,100.0,35.22174586131342,0.0,697.8191805139666,0.0,0.0,Summer,151.316,0.0,0.0,0.0
2020-08-07 10:00:00,2514.096,100.0,2.1808194860334043,0.0,699.8649705312909,0.0,0.0,Summer,139.672,0.0,0.0,0.0
2020-08-07 11:00:00,2351.412,100.0,0.1350294687091373,0.0,699.9916394009057,0.0,0.0,Summer,130.634,0.0,0.0,0.0
2020-08-07 12:00:00,2571.102,100.0,0.008360599094303325,0.0,699.9994823380564,0.0,0.0,Summer,142.83899999999997,0.0,0.0,0.0
2020-08-07 13:00:00,2639.196,100.0,0.0005176619435660541,0.0,699.9999679480042,0.0,0.0,Summer,146.62199999999999,0.0,0.0,0.0
2020-08-07 14:00:00,2680.362,100.0,3.205199586227536e-05,0.0,699.9999980154415,0.0,0.0,Summer,148.909,0.0,0.0,0.0
2020-08-07 15:00:00,2637.99,100.0,1.9845585338771342e-06,0.0,699.9999998771224,0.0,0.0,Summer,146.55499999999998,0.0,0.0,0.0
2020-08-07 16:00:00,2440.836,100.0,1.228776527568698e-07,0.0,699.9999999923918,0.0,0.0,Summer,135.60199999999998,0.0,0.0,0.0
2020-08-07 17:00:00,1686.294,100.0,7.608206942677498e-09,0.0,699.9999999995289,0.0,0.0,Summer,93.683,0.0,0.0,0.0
2020-08-07 18:00:00,188.226,100.0,4.711328074336052e-10,0.0,699.9999999999708,0.0,0.0,Summer,10.456999999999999,0.0,0.0,0.0
2020-08-07 19:00:00,0.0,100.0,0.0,106.60035817780522,593.3996418221656,0.0,0.0,Summer,0.0,15.228622596829316,0.0,0.0
2020-08-07 20:00:00,0.0,100.0,0.0,106.60035817780522,486.7992836443604,0.0,0.0,Summer,0.0,15.228622596829316,0.0,0.0
2020-08-07 21:00:00,0.0,100.0,0.0,106.60035817780522,380.1989254665552,0.0,0.0,Summer,0.0,15.228622596829316,0.0,0.0
2020-08-07 22:00:00,0.0,100.0,0.0,106.60035817780522,273.59856728874996,0.0,0.0,Summer,0.0,15.228622596829316,0.0,0.0
2020-08-07 23:00:00,0.0,100.0,0.0,106.60035817780522,166.99820911094477,0.0,0.0,Summer,0.0,15.228622596829316,0.0,0.0
2020-08-08 00:00:00,0.0,100.0,0.0,106.60035817780522,60.397850933139544,0.0,0.0,Summer,0.0,15.228622596829316,0.0,0.0
2020-08-08 01:00:00,0.0,96.65820637525279,0.0,60.397850933139544,0.0,40.0,3.3417936247472113,Summer,0.0,8.628264419019935,100.0,3.3417936247472113
2020-08-08 02:00:00,0.0,40.0,0.0,0.0,0.0,40.0,60.0,Summer,0.0,0.0,100.0,60.0
2020-08-08 03:00:00,0.0,40.0,0.0,0.0,0.0,40.0,60.0,Summer,0.0,0.0,100.0,60.0
2020-08-08 04:00:00,0.0,40.0,0.0,0.0,0.0,40.0,60.0,Summer,0.0,0.0,100.0,60.0
2020-08-08 05:00:00,64.7118,100.0,0.0,0.0,0.0,35.2882,0.0,Summer,3.5950999999999995,0.0,88.22050000000002,0.0
2020-08-08 06:00:00,1170.36,100.0,200.0,0.0,187.6166303929372,0.0,0.0,Summer,65.01999999999998,0.0,0.0,0.0
2020-08-08 07:00:00,2282.166,100.0,200.0,0.0,375.2332607858744,0.0,0.0,Summer,126.787,0.0,0.0,0.0
2020-08-08 08:00:00,2343.762,100.0,200.0,0.0,562.8498911788115,0.0,0.0,Summer,130.20900000000003,0.0,0.0,0.0
2020-08-08 09:00:00,2453.994,100.0,137.15010882118844,0.0,691.5080975540917,0.0,0.0,Summer,136.33300000000003,0.0,0.0,0.0
2020-08-08 10:00:00,2202.876,100.0,8.491902445908286,0.0,699.4742081667259,0.0,0.0,Summer,122.38200000000002,0.0,0.0,0.0
2020-08-08 11:00:00,2123.208,100.0,0.5257918332740664,0.0,699.9674446269609,0.0,0.0,Summer,117.95599999999999,0.0,0.0,0.0
2020-08-08 12:00:00,2621.754,100.0,0.03255537303909659,0.0,699.9979842739149,0.0,0.0,Summer,145.653,0.0,0.0,0.0
2020-08-08 13:00:00,2663.19,100.0,0.0020157260851701724,0.0,699.9998751925942,0.0,0.0,Summer,147.95499999999998,0.0,0.0,0.0
2020-08-08 14:00:00,2574.702,100.0,0.00012480740575119854,0.0,699.9999922723188,0.0,0.0,Summer,143.03900000000002,0.0,0.0,0.0
2020-08-08 15:00:00,2492.856,100.0,7.727681193500757e-06,0.0,699.9999995215264,0.0,0.0,Summer,138.49200000000002,0.0,0.0,0.0
2020-08-08 16:00:00,1486.134,100.0,4.784736083820462e-07,0.0,699.9999999703743,0.0,0.0,Summer,82.563,0.0,0.0,0.0
2020-08-08 17:00:00,921.78,100.0,2.9625603929162025e-08,0.0,699.9999999981657,0.0,0.0,Summer,51.21,0.0,0.0,0.0
2020-08-08 18:00:00,27.1512,100.0,0.0,77.65708172823297,622.3429182699327,0.0,0.0,Summer,1.5084,11.093868818318995,0.0,0.0
2020-08-08 19:00:00,0.0,100.0,0.0,106.60035817780522,515.7425600921275,0.0,0.0,Summer,0.0,15.228622596829316,0.0,0.0
2020-08-08 20:00:00,0.0,100.0,0.0,106.60035817780522,409.14220191432236,0.0,0.0,Summer,0.0,15.228622596829316,0.0,0.0
2020-08-08 21:00:00,0.0,100.0,0.0,106.60035817780522,302.54184373651714,0.0,0.0,Summer,0.0,15.228622596829316,0.0,0.0
2020-08-08 22:00:00,0.0,100.0,0.0,106.60035817780522,195.94148555871192,0.0,0.0,Summer,0.0,15.228622596829316,0.0,0.0
2020-08-08 23:00:00,0.0,100.0,0.0,106.60035817780522,89.34112738090671,0.0,0.0,Summer,0.0,15.228622596829316,0.0,0.0
2020-08-09 00:00:00,0.0,100.0,0.0,89.34112738090671,0.0,16.190593626440517,0.0,Summer,0.0,12.763018197272388,40.47648406610129,0.0
2020-08-09 01:00:00,0.0,40.0,0.0,0.0,0.0,40.0,60.0,Summer,0.0,0.0,100.0,60.0
2020-08-09 02:00:00,0.0,40.0,0.0,0.0,0.0,40.0,60.0,Summer,0.0,0.0,100.0,60.0
2020-08-09 03:00:00,0.0,40.0,0.0,0.0,0.0,40.0,60.0,Summer,0.0,0.0,100.0,60.0
2020-08-09 04:00:00,0.0,40.0,0.0,0.0,0.0,40.0,60.0,Summer,0.0,0.0,100.0,60.0
2020-08-09 05:00:00,129.9978,100.0,29.997800000000012,0.0,28.14043077600627,0.0,0.0,Summer,7.222100000000001,0.0,0.0,0.0
2020-08-09 06:00:00,1469.214,100.0,200.0,0.0,215.75706116894347,0.0,0.0,Summer,81.623,0.0,0.0,0.0
2020-08-09 07:00:00,2395.944,100.0,200.0,0.0,403.37369156188066,0.0,0.0,Summer,133.108,0.0,0.0,0.0
2020-08-09 08:00:00,2642.274,100.0,200.0,0.0,590.9903219548179,0.0,0.0,Summer,146.793,0.0,0.0,0.0
2020-08-09 09:00:00,2693.232,100.0,109.00967804518214,0.0,693.2504643300979,0.0,0.0,Summer,149.624,0.0,0.0,0.0
2020-08-09 10:00:00,2688.102,100.0,6.749535669902107,0.0,699.5820900256177,0.0,0.0,Summer,149.339,0.0,0.0,0.0
2020-08-09 11:00:00,2681.784,100.0,0.41790997438225896,0.0,699.9741243316238,0.0,0.0,Summer,148.988,0.0,0.0,0.0
2020-08-09 12:00:00,2670.066,100.0,0.025875668376218526,0.0,699.9983978601733,0.0,0.0,Summer,148.337,0.0,0.0,0.0
2020-08-09 13:00:00,2681.478,100.0,0.0016021398266311735,0.0,699.9999008005518,0.0,0.0,Summer,148.971,0.0,0.0,0.0
2020-08-09 14:00:00,2064.312,100.0,9.919944813009351e-05,0.0,699.9999938578828,0.0,0.0,Summer,114.68399999999998,0.0,0.0,0.0
2020-08-09 15:00:00,319.734,100.0,6.142117199487984e-06,0.0,699.9999996196995,0.0,0.0,Summer,17.762999999999998,0.0,0.0,0.0
2020-08-09 16:00:00,157.887,100.0,3.803005674853921e-07,0.0,699.9999999764531,0.0,0.0,Summer,8.7715,0.0,0.0,0.0
2020-08-09 17:00:00,72.1296,100.0,0.0,29.70994622558703,670.2900537508659,0.0,0.0,Summer,4.007199999999999,4.244278032226719,0.0,0.0
2020-08-09 18:00:00,14.84874,100.0,0.0,90.77154815291419,579.5185055979518,0.0,0.0,Summer,0.8249299999999999,12.967364021844885,0.0,0.0
2020-08-09 19:00:00,0.0,100.0,0.0,106.60035817780522,472.9181474201466,0.0,0.0,Summer,0.0,15.228622596829316,0.0,0.0
2020-08-09 20:00:00,0.0,100.0,0.0,106.60035817780522,366.3177892423414,0.0,0.0,Summer,0.0,15.228622596829316,0.0,0.0
2020-08-09 21:00:00,0.0,100.0,0.0,106.60035817780522,259.7174310645362,0.0,0.0,Summer,0.0,15.228622596829316,0.0,0.0
2020-08-09 22:00:00,0.0,100.0,0.0,106.60035817780522,153.11707288673102,0.0,0.0,Summer,0.0,15.228622596829316,0.0,0.0
2020-08-09 23:00:00,0.0,100.0,0.0,106.60035817780522,46.51671470892579,0.0,0.0,Summer,0.0,15.228622596829316,0.0,0.0
2020-08-10 00:00:00,0.0,83.63654635319116,0.0,46.51671470892579,0.0,40.0,16.36345364680883,Summer,0.0,6.64524495841797,100.0,16.36345364680883
2020-08-10 01:00:00,0.0,40.0,0.0,0.0,0.0,40.0,60.0,Summer,0.0,0.0,100.0,60.0
2020-08-10 02:00:00,0.0,40.0,0.0,0.0,0.0,40.0,60.0,Summer,0.0,0.0,100.0,60.0
2020-08-10 03:00:00,0.0,40.0,0.0,0.0,0.0,40.0,60.0,Summer,0.0,0.0,100.0,60.0
2020-08-10 04:00:00,0.0,40.0,0.0,0.0,0.0,40.0,60.0,Summer,0.0,0.0,100.0,60.0
2020-08-10 05:00:00,133.713,100.0,33.712999999999994,0.0,31.62559730218545,0.0,0.0,Summer,7.428499999999999,0.0,0.0,0.0
2020-08-10 06:00:00,1242.324,100.0,200.0,0.0,219.24222769512266,0.0,0.0,Summer,69.018,0.0,0.0,0.0
2020-08-10 07:00:00,1411.524,100.0,200.0,0.0,406.85885808805983,0.0,0.0,Summer,78.41799999999999,0.0,0.0,0.0
2020-08-10 08:00:00,2451.852,100.0,200.0,0.0,594.475488480997,0.0,0.0,Summer,136.214,0.0,0.0,0.0
2020-08-10 09:00:00,2257.956,100.0,105.52451151900296,0.0,693.4662548562771,0.0,0.0,Summer,125.44200000000001,0.0,0.0,0.0
2020-08-10 10:00:00,2073.528,100.0,6.533745143722859,0.0,699.5954510948346,0.0,0.0,Summer,115.19599999999998,0.0,0.0,0.0
2020-08-10 11:00:00,2602.476,100.0,0.4045489051654004,0.0,699.9749516069161,0.0,0.0,Summer,144.58200000000002,0.0,0.0,0.0
2020-08-10 12:00:00,2645.766,100.0,0.025048393083969132,0.0,699.9984490824519,0.0,0.0,Summer,146.987,0.0,0.0,0.0
2020-08-10 13:00:00,2699.46,100.0,0.0015509175481274724,0.0,699.9999039720738,0.0,0.0,Summer,149.97,0.0,0.0,0.0
2020-08-10 14:00:00,2310.39,100.0,9.60279261926189e-05,0.0,699.9999940542534,0.0,0.0,Summer,128.355,0.0,0.0,0.0
2020-08-10 15:00:00,1619.802,100.0,5.9457465540617705e-06,0.0,699.999999631858,0.0,0.0,Summer,89.98899999999999,0.0,0.0,0.0
2020-08-10 16:00:00,2221.38,100.0,3.681419184431434e-07,0.0,699.9999999772058,0.0,0.0,Summer,123.41,0.0,0.0,0.0
2020-08-10 17:00:00,1808.28,100.0,2.2794236429035662e-08,0.0,699.9999999985887,0.0,0.0,Summer,100.46,0.0,0.0,0.0
2020-08-10 18:00:00,179.0514,100.0,1.4113029465079307e-09,0.0,699.9999999999126,0.0,0.0,Summer,9.9473,0.0,0.0,0.0
2020-08-10 19:00:00,0.0,100.0,0.0,106.60035817780522,593.3996418221074,0.0,0.0,Summer,0.0,15.228622596829316,0.0,0.0
2020-08-10 20:00:00,0.0,100.0,0.0,106.60035817780522,486.7992836443022,0.0,0.0,Summer,0.0,15.228622596829316,0.0,0.0
2020-08-10 21:00:00,0.0,100.0,0.0,106.60035817780522,380.198925466497,0.0,0.0,Summer,0.0,15.228622596829316,0.0,0.0
2020-08-10 22:00:00,0.0,100.0,0.0,106.60035817780522,273.59856728869175,0.0,0.0,Summer,0.0,15.228622596829316,0.0,0.0
2020-08-10 23:00:00,0.0,100.0,0.0,106.60035817780522,166.99820911088656,0.0,0.0,Summer,0.0,15.228622596829316,0.0,0.0
2020-08-11 00:00:00,0.0,100.0,0.0,106.60035817780522,60.39785093308134,0.0,0.0,Summer,0.0,15.228622596829316,0.0,0.0
2020-08-11 01:00:00,0.0,96.65820637519819,0.0,60.39785093308134,0.0,40.0,3.3417936248018094,Summer,0.0,8.62826441901162,100.0,3.3417936248018094
2020-08-11 02:00:00,0.0,40.0,0.0,0.0,0.0,40.0,60.0,Summer,0.0,0.0,100.0,60.0
2020-08-11 03:00:00,0.0,40.0,0.0,0.0,0.0,40.0,60.0,Summer,0.0,0.0,100.0,60.0
2020-08-11 04:00:00,0.0,40.0,0.0,0.0,0.0,40.0,60.0,Summer,0.0,0.0,100.0,60.0
2020-08-11 05:00:00,198.108,100.0,98.108,0.0,92.0334618729514,0.0,0.0,Summer,11.006,0.0,0.0,0.0
2020-08-11 06:00:00,1727.604,100.0,200.0,0.0,279.6500922658886,0.0,0.0,Summer,95.97800000000001,0.0,0.0,0.0
2020-08-11 07:00:00,2529.198,100.0,200.0,0.0,467.2667226588258,0.0,0.0,Summer,140.511,0.0,0.0,0.0
2020-08-11 08:00:00,2723.49,100.0,200.0,0.0,654.883353051763,0.0,0.0,Summer,151.30499999999998,0.0,0.0,0.0
2020-08-11 09:00:00,2752.236,100.0,45.11664694823697,0.0,697.2065194270432,0.0,0.0,Summer,152.902,0.0,0.0,0.0
2020-08-11 10:00:00,2715.588,100.0,2.793480572956847,0.0,699.8270364878746,0.0,0.0,Summer,150.866,0.0,0.0,0.0
2020-08-11 11:00:00,2677.266,100.0,0.17296351212542505,0.0,699.9892906445041,0.0,0.0,Summer,148.737,0.0,0.0,0.0
2020-08-11 12:00:00,2679.48,100.0,0.010709355495870113,0.0,699.9993369104632,0.0,0.0,Summer,148.85999999999999,0.0,0.0,0.0
2020-08-11 13:00:00,2690.37,100.0,0.0006630895368289202,0.0,699.9999589435859,0.0,0.0,Summer,149.465,0.0,0.0,0.0
2020-08-11 14:00:00,2693.304,100.0,4.1056414134800435e-05,0.0,699.9999974579163,0.0,0.0,Summer,149.62800000000001,0.0,0.0,0.0
2020-08-11 15:00:00,2615.58,100.0,2.542083733715117e-06,0.0,699.9999998426022,0.0,0.0,Summer,145.31,0.0,0.0,0.0
2020-08-11 16:00:00,2286.36,100.0,1.5739782247692347e-07,0.0,699.9999999902544,0.0,0.0,Summer,127.02,0.0,0.0,0.0
2020-08-11 17:00:00,952.434,100.0,9.745592251420021e-09,0.0,699.9999999993967,0.0,0.0,Summer,52.913,0.0,0.0,0.0
2020-08-11 18:00:00,0.0,100.0,0.0,106.60035817780522,593.3996418215914,0.0,0.0,Summer,0.0,15.228622596829316,0.0,0.0
2020-08-11 19:00:00,0.0,100.0,0.0,106.60035817780522,486.7992836437862,0.0,0.0,Summer,0.0,15.228622596829316,0.0,0.0
2020-08-11 20:00:00,0.0,100.0,0.0,106.60035817780522,380.198925465981,0.0,0.0,Summer,0.0,15.228622596829316,0.0,0.0
2020-08-11 21:00:00,0.0,100.0,0.0,106.60035817780522,273.5985672881758,0.0,0.0,Summer,0.0,15.228622596829316,0.0,0.0
2020-08-11 22:00:00,0.0,100.0,0.0,106.60035817780522,166.9982091103706,0.0,0.0,Summer,0.0,15.228622596829316,0.0,0.0
2020-08-11 23:00:00,0.0,100.0,0.0,106.60035817780522,60.39785093256539,0.0,0.0,Summer,0.0,15.228622596829316,0.0,0.0
2020-08-12 00:00:00,0.0,96.65820637471418,0.0,60.39785093256539,0.0,40.0,3.34179362528581,Summer,0.0,8.628264418937913,100.0,3.34179362528581
2020-08-12 01:00:00,0.0,40.0,0.0,0.0,0.0,40.0,60.0,Summer,0.0,0.0,100.0,60.0
2020-08-12 02:00:00,0.0,40.0,0.0,0.0,0.0,40.0,60.0,Summer,0.0,0.0,100.0,60.0
2020-08-12 03:00:00,0.0,40.0,0.0,0.0,0.0,40.0,60.0,Summer,0.0,0.0,100.0,60.0
2020-08-12 04:00:00,0.0,40.0,0.0,0.0,0.0,40.0,60.0,Summer,0.0,0.0,100.0,60.0
2020-08-12 05:00:00,155.7846,100.0,55.78460000000001,0.0,52.33059339908923,0.0,0.0,Summer,8.654700000000002,0.0,0.0,0.0
2020-08-12 06:00:00,1673.64,100.0,200.0,0.0,239.94722379202642,0.0,0.0,Summer,92.98,0.0,0.0,0.0
2020-08-12 07:00:00,2490.192,100.0,200.0,0.0,427.56385418496365,0.0,0.0,Summer,138.344,0.0,0.0,0.0
2020-08-12 08:00:00,2700.108,100.0,200.0,0.0,615.1804845779009,0.0,0.0,Summer,150.00600000000003,0.0,0.0,0.0
2020-08-12 09:00:00,2730.51,100.0,84.81951542209916,0.0,694.7482429531809,0.0,0.0,Summer,151.695,0.0,0.0,0.0
2020-08-12 10:00:00,2705.148,100.0,5.251757046819082,0.0,699.6748277570138,0.0,0.0,Summer,150.286,0.0,0.0,0.0
2020-08-12 11:00:00,2677.176,100.0,0.3251722429862712,0.0,699.9798663596457,0.0,0.0,Summer,148.732,0.0,0.0,0.0
2020-08-12 12:00:00,2664.396,100.0,0.020133640354266392,0.0,699.9987533884498,0.0,0.0,Summer,148.02200000000002,0.0,0.0,0.0
2020-08-12 13:00:00,2673.828,100.0,0.0012466115502174943,0.0,699.999922813742,0.0,0.0,Summer,148.546,0.0,0.0,0.0
2020-08-12 14:00:00,2668.032,100.0,7.718625792767853e-05,0.0,699.9999952208702,0.0,0.0,Summer,148.224,0.0,0.0,0.0
2020-08-12 15:00:00,2606.904,100.0,4.77912975475192e-06,0.0,699.9999997040914,0.0,0.0,Summer,144.828,0.0,0.0,0.0
2020-08-12 16:00:00,2287.656,100.0,2.9590865597128866e-07,0.0,699.9999999816783,0.0,0.0,Summer,127.092,0.0,0.0,0.0
2020-08-12 17:00:00,1124.658,100.0,1.8321676179766656e-08,0.0,699.9999999988655,0.0,0.0,Summer,62.480999999999995,0.0,0.0,0.0
2020-08-12 18:00:00,117.0198,100.0,1.1344673112034797e-09,0.0,699.9999999999299,0.0,0.0,Summer,6.5011,0.0,0.0,0.0
2020-08-12 19:00:00,0.0,100.0,0.0,106.60035817780522,593.3996418221246,0.0,0.0,Summer,0.0,15.228622596829316,0.0,0.0
2020-08-12 20:00:00,0.0,100.0,0.0,106.60035817780522,486.7992836443194,0.0,0.0,Summer,0.0,15.228622596829316,0.0,0.0
2020-08-12 21:00:00,0.0,100.0,0.0,106.60035817780522,380.1989254665142,0.0,0.0,Summer,0.0,15.228622596829316,0.0,0.0
2020-08-12 22:00:00,0.0,100.0,0.0,106.60035817780522,273.598567288709,0.0,0.0,Summer,0.0,15.228622596829316,0.0,0.0
2020-08-12 23:00:00,0.0,100.0,0.0,106.60035817780522,166.9982091109038,0.0,0.0,Summer,0.0,15.228622596829316,0.0,0.0
2020-08-13 00:00:00,0.0,100.0,0.0,106.60035817780522,60.39785093309857,0.0,0.0,Summer,0.0,15.228622596829316,0.0,0.0
2020-08-13 01:00:00,0.0,96.65820637521435,0.0,60.39785093309857,0.0,40.0,3.3417936247856446,Summer,0.0,8.628264419014082,100.0,3.3417936247856446
2020-08-13 02:00:00,0.0,40.0,0.0,0.0,0.0,40.0,60.0,Summer,0.0,0.0,100.0,60.0
2020-08-13 03:00:00,0.0,40.0,0.0,0.0,0.0,40.0,60.0,Summer,0.0,0.0,100.0,60.0
2020-08-13 04:00:00,0.0,40.0,0.0,0.0,0.0,40.0,60.0,Summer,0.0,0.0,100.0,60.0
2020-08-13 05:00:00,129.71880000000002,100.0,29.718800000000016,0.0,27.878705576608123,0.0,0.0,Summer,7.206600000000001,0.0,0.0,0.0
2020-08-13 06:00:00,1415.484,100.0,200.0,0.0,215.49533596954532,0.0,0.0,Summer,78.63799999999999,0.0,0.0,0.0
2020-08-13 07:00:00,2438.784,100.0,200.0,0.0,403.1119663624825,0.0,0.0,Summer,135.488,0.0,0.0,0.0
2020-08-13 08:00:00,2692.656,100.0,200.0,0.0,590.7285967554197,0.0,0.0,Summer,149.59199999999998,0.0,0.0,0.0
2020-08-13 09:00:00,2703.636,100.0,109.27140324458026,0.0,693.2342591306998,0.0,0.0,Summer,150.202,0.0,0.0,0.0
2020-08-13 10:00:00,2640.6,100.0,6.765740869300207,0.0,699.5810866507492,0.0,0.0,Summer,146.7,0.0,0.0,0.0
2020-08-13 11:00:00,2547.756,100.0,0.4189133492507972,0.0,699.9740622058146,0.0,0.0,Summer,141.542,0.0,0.0,0.0
2020-08-13 12:00:00,2589.966,100.0,0.025937794185476377,0.0,699.998394013539,0.0,0.0,Summer,143.887,0.0,0.0,0.0
2020-08-13 13:00:00,2542.194,100.0,0.0016059864609269424,0.0,699.9999005623803,0.0,0.0,Summer,141.233,0.0,0.0,0.0
2020-08-13 14:00:00,2589.48,100.0,9.943761967588216e-05,0.0,699.999993843136,0.0,0.0,Summer,143.86,0.0,0.0,0.0
2020-08-13 15:00:00,2549.43,100.0,6.1568639939650894e-06,0.0,699.9999996187864,0.0,0.0,Summer,141.635,0.0,0.0,0.0
2020-08-13 16:00:00,2387.88,100.0,3.8121361285448073e-07,0.0,699.9999999763965,0.0,0.0,Summer,132.66,0.0,0.0,0.0
2020-08-13 17:00:00,1658.196,100.0,2.3603555746376513e-08,0.0,699.9999999985386,0.0,0.0,Summer,92.12199999999999,0.0,0.0,0.0
2020-08-13 18:00:00,104.724,100.0,1.4614779502153397e-09,0.0,699.9999999999095,0.0,0.0,Summer,5.8180000000000005,0.0,0.0,0.0
2020-08-13 19:00:00,0.0,100.0,0.0,106.60035817780522,593.3996418221043,0.0,0.0,Summer,0.0,15.228622596829316,0.0,0.0
2020-08-13 20:00:00,0.0,100.0,0.0,106.60035817780522,486.7992836442991,0.0,0.0,Summer,0.0,15.228622596829316,0.0,0.0
2020-08-13 21:00:00,0.0,100.0,0.0,106.60035817780522,380.19892546649396,0.0,0.0,Summer,0.0,15.228622596829316,0.0,0.0
2020-08-13 22:00:00,0.0,100.0,0.0,106.60035817780522,273.59856728868874,0.0,0.0,Summer,0.0,15.228622596829316,0.0,0.0
2020-08-13 23:00:00,0.0,100.0,0.0,106.60035817780522,166.99820911088352,0.0,0.0,Summer,0.0,15.228622596829316,0.0,0.0
2020-08-14 00:00:00,0.0,100.0,0.0,106.60035817780522,60.39785093307831,0.0,0.0,Summer,0.0,15.228622596829316,0.0,0.0
2020-08-14 01:00:00,0.0,96.65820637519535,0.0,60.39785093307831,0.0,40.0,3.3417936248046516,Summer,0.0,8.628264419011188,100.0,3.3417936248046516
2020-08-14 02:00:00,0.0,40.0,0.0,0.0,0.0,40.0,60.0,Summer,0.0,0.0,100.0,60.0
2020-08-14 03:00:00,0.0,40.0,0.0,0.0,0.0,40.0,60.0,Summer,0.0,0.0,100.0,60.0
2020-08-14 04:00:00,0.0,40.0,0.0,0.0,0.0,40.0,60.0,Summer,0.0,0.0,100.0,60.0
2020-08-14 05:00:00,162.4626,100.0,62.46260000000001,0.0,58.5951126879094,0.0,0.0,Summer,9.0257,0.0,0.0,0.0
2020-08-14 06:00:00,1622.358,100.0,200.0,0.0,246.2117430808466,0.0,0.0,Summer,90.131,0.0,0.0,0.0
2020-08-14 07:00:00,2388.528,100.0,200.0,0.0,433.82837347378376,0.0,0.0,Summer,132.696,0.0,0.0,0.0
2020-08-14 08:00:00,2654.442,100.0,200.0,0.0,621.445003866721,0.0,0.0,Summer,147.469,0.0,0.0,0.0
2020-08-14 09:00:00,2644.92,100.0,78.55499613327906,0.0,695.1361222420011,0.0,0.0,Summer,146.94,0.0,0.0,0.0
2020-08-14 10:00:00,2626.632,100.0,4.863877757998882,0.0,699.6988440199957,0.0,0.0,Summer,145.924,0.0,0.0,0.0
2020-08-14 11:00:00,2636.154,100.0,0.30115598000434696,0.0,699.9813533709512,0.0,0.0,Summer,146.45299999999997,0.0,0.0,0.0
2020-08-14 12:00:00,2629.44,100.0,0.018646629048860632,0.0,699.9988454595027,0.0,0.0,Summer,146.08,0.0,0.0,0.0
2020-08-14 13:00:00,2597.562,100.0,0.001154540497227572,0.0,699.9999285144916,0.0,0.0,Summer,144.309,0.0,0.0,0.0
2020-08-14 14:00:00,2613.42,100.0,7.148550846613943e-05,0.0,699.9999955738426,0.0,0.0,Summer,145.19,0.0,0.0,0.0
2020-08-14 15:00:00,2448.36,100.0,4.426157334819436e-06,0.0,699.9999997259464,0.0,0.0,Summer,136.02,0.0,0.0,0.0
2020-08-14 16:00:00,946.008,100.0,2.7405365835875274e-07,0.0,699.9999999830314,0.0,0.0,Summer,52.556000000000004,0.0,0.0,0.0
2020-08-14 17:00:00,131.88060000000002,100.0,1.696858089417219e-08,0.0,699.9999999989493,0.0,0.0,Summer,7.3267000000000015,0.0,0.0,0.0
2020-08-14 18:00:00,67.7484,100.0,0.0,34.38032111807302,665.6196788808763,0.0,0.0,Summer,3.7638000000000007,4.911474445439003,0.0,0.0
2020-08-14 19:00:00,0.0,100.0,0.0,106.60035817780522,559.0193207030711,0.0,0.0,Summer,0.0,15.228622596829316,0.0,0.0
2020-08-14 20:00:00,0.0,100.0,0.0,106.60035817780522,452.4189625252659,0.0,0.0,Summer,0.0,15.228622596829316,0.0,0.0
2020-08-14 21:00:00,0.0,100.0,0.0,106.60035817780522,345.8186043474607,0.0,0.0,Summer,0.0,15.228622596829316,0.0,0.0
2020-08-14 22:00:00,0.0,100.0,0.0,106.60035817780522,239.21824616965546,0.0,0.0,Summer,0.0,15.228622596829316,0.0,0.0
2020-08-14 23:00:00,0.0,100.0,0.0,106.60035817780522,132.61788799185027,0.0,0.0,Summer,0.0,15.228622596829316,0.0,0.0
2020-08-15 00:00:00,0.0,100.0,0.0,106.60035817780522,26.017529814045048,0.0,0.0,Summer,0.0,15.228622596829316,0.0,0.0
2020-08-15 01:00:00,0.0,64.40660637429457,0.0,26.017529814045048,0.0,40.0,35.59339362570543,Summer,0.0,3.716789973435007,100.0,35.59339362570543
2020-08-15 02:00:00,0.0,40.0,0.0,0.0,0.0,40.0,60.0,Summer,0.0,0.0,100.0,60.0
2020-08-15 03:00:00,0.0,40.0,0.0,0.0,0.0,40.0,60.0,Summer,0.0,0.0,100.0,60.0
2020-08-15 04:00:00,0.0,40.0,0.0,0.0,0.0,40.0,60.0,Summer,0.0,0.0,100.0,60.0
2020-08-15 05:00:00,59.9796,99.9796,0.0,0.0,0.0,40.0,0.020400000000002194,Summer,3.3322,0.0,100.0,0.020400000000002194
2020-08-15 06:00:00,1094.67,100.0,200.0,0.0,187.6166303929372,0.0,0.0,Summer,60.815000000000005,0.0,0.0,0.0
2020-08-15 07:00:00,463.77,100.0,200.0,0.0,375.2332607858744,0.0,0.0,Summer,25.765,0.0,0.0,0.0
2020-08-15 08:00:00,1558.152,100.0,200.0,0.0,562.8498911788115,0.0,0.0,Summer,86.56400000000001,0.0,0.0,0.0
2020-08-15 09:00:00,2631.222,100.0,137.15010882118844,0.0,691.5080975540917,0.0,0.0,Summer,146.179,0.0,0.0,0.0
2020-08-15 10:00:00,2628.792,100.0,8.491902445908286,0.0,699.4742081667259,0.0,0.0,Summer,146.04399999999998,0.0,0.0,0.0
2020-08-15 11:00:00,2597.076,100.0,0.5257918332740664,0.0,699.9674446269609,0.0,0.0,Summer,144.282,0.0,0.0,0.0
2020-08-15 12:00:00,2506.5,100.0,0.03255537303909659,0.0,699.9979842739149,0.0,0.0,Summer,139.25,0.0,0.0,0.0
2020-08-15 13:00:00,2369.214,100.0,0.0020157260851701724,0.0,699.9998751925942,0.0,0.0,Summer,131.623,0.0,0.0,0.0
2020-08-15 14:00:00,2598.678,100.0,0.00012480740575119854,0.0,699.9999922723188,0.0,0.0,Summer,144.37099999999998,0.0,0.0,0.0
2020-08-15 15:00:00,2527.092,100.0,7.727681193500757e-06,0.0,699.9999995215264,0.0,0.0,Summer,140.394,0.0,0.0,0.0
2020-08-15 16:00:00,2154.042,100.0,4.784736083820462e-07,0.0,699.9999999703743,0.0,0.0,Summer,119.669,0.0,0.0,0.0
2020-08-15 17:00:00,985.806,100.0,2.9625603929162025e-08,0.0,699.9999999981657,0.0,0.0,Summer,54.766999999999996,0.0,0.0,0.0
2020-08-15 18:00:00,27.811799999999998,100.0,0.0,76.95287976211037,623.0471202360552,0.0,0.0,Summer,1.5451,10.993268537444338,0.0,0.0
2020-08-15 19:00:00,0.0,100.0,0.0,106.60035817780522,516.44676205825,0.0,0.0,Summer,0.0,15.228622596829316,0.0,0.0
2020-08-15 20:00:00,0.0,100.0,0.0,106.60035817780522,409.8464038804448,0.0,0.0,Summer,0.0,15.228622596829316,0.0,0.0
2020-08-15 21:00:00,0.0,100.0,0.0,106.60035817780522,303.2460457026396,0.0,0.0,Summer,0.0,15.228622596829316,0.0,0.0
2020-08-15 22:00:00,0.0,100.0,0.0,106.60035817780522,196.64568752483441,0.0,0.0,Summer,0.0,15.228622596829316,0.0,0.0
2020-08-15 23:00:00,0.0,100.0,0.0,106.60035817780522,90.0453293470292,0.0,0.0,Summer,0.0,15.228622596829316,0.0,0.0
2020-08-16 00:00:00,0.0,100.0,0.0,90.0453293470292,0.0,15.529993626440614,0.0,Summer,0.0,12.863618478147028,38.824984066101536,0.0
2020-08-16 01:00:00,0.0,40.0,0.0,0.0,0.0,40.0,60.0,Summer,0.0,0.0,100.0,60.0
2020-08-16 02:00:00,0.0,40.0,0.0,0.0,0.0,40.0,60.0,Summer,0.0,0.0,100.0,60.0
2020-08-16 03:00:00,0.0,40.0,0.0,0.0,0.0,40.0,60.0,Summer,0.0,0.0,100.0,60.0
2020-08-16 04:00:00,0.0,40.0,0.0,0.0,0.0,40.0,60.0,Summer,0.0,0.0,100.0,60.0
2020-08-16 05:00:00,141.3504,100.0,41.35040000000001,0.0,38.79011356700056,0.0,0.0,Summer,7.8528,0.0,0.0,0.0
2020-08-16 06:00:00,1539.45,100.0,200.0,0.0,226.40674395993776,0.0,0.0,Summer,85.525,0.0,0.0,0.0
2020-08-16 07:00:00,2349.522,100.0,200.0,0.0,414.02337435287495,0.0,0.0,Summer,130.529,0.0,0.0,0.0
2020-08-16 08:00:00,2523.798,100.0,200.0,0.0,601.6400047458121,0.0,0.0,Summer,140.21099999999998,0.0,0.0,0.0
2020-08-16 09:00:00,2592.162,100.0,98.35999525418785,0.0,693.9098591210923,0.0,0.0,Summer,144.009,0.0,0.0,0.0
2020-08-16 10:00:00,2564.334,100.0,6.0901408789077545,0.0,699.622917672687,0.0,0.0,Summer,142.463,0.0,0.0,0.0
2020-08-16 11:00:00,2516.688,100.0,0.3770823273130227,0.0,699.976652250843,0.0,0.0,Summer,139.816,0.0,0.0,0.0
2020-08-16 12:00:00,2053.242,100.0,0.023347749156993815,0.0,699.9985543809635,0.0,0.0,Summer,114.06900000000002,0.0,0.0,0.0
2020-08-16 13:00:00,1869.57,100.0,0.001445619036559947,0.0,699.9999104918257,0.0,0.0,Summer,103.86500000000001,0.0,0.0,0.0
2020-08-16 14:00:00,2393.406,100.0,8.950817422010004e-05,0.0,699.999994457936,0.0,0.0,Summer,132.96699999999998,0.0,0.0,0.0
2020-08-16 15:00:00,608.94,100.0,5.542063969187438e-06,0.0,699.9999996568529,0.0,0.0,Summer,33.830000000000005,0.0,0.0,0.0
2020-08-16 16:00:00,393.3,100.0,3.4314708318561314e-07,0.0,699.9999999787534,0.0,0.0,Summer,21.85,0.0,0.0,0.0
2020-08-16 17:00:00,105.0822,100.0,2.1246611140668393e-08,0.0,699.9999999986845,0.0,0.0,Summer,5.8379,0.0,0.0,0.0
2020-08-16 18:00:00,0.0,100.0,0.0,106.60035817780522,593.3996418208793,0.0,0.0,Summer,0.0,15.228622596829316,0.0,0.0
2020-08-16 19:00:00,0.0,100.0,0.0,106.60035817780522,486.7992836430741,0.0,0.0,Summer,0.0,15.228622596829316,0.0,0.0
2020-08-16 20:00:00,0.0,100.0,0.0,106.60035817780522,380.19892546526887,0.0,0.0,Summer,0.0,15.228622596829316,0.0,0.0
2020-08-16 21:00:00,0.0,100.0,0.0,106.60035817780522,273.5985672874637,0.0,0.0,Summer,0.0,15.228622596829316,0.0,0.0
2020-08-16 22:00:00,0.0,100.0,0.0,106.60035817780522,166.9982091096585,0.0,0.0,Summer,0.0,15.228622596829316,0.0,0.0
2020-08-16 23:00:00,0.0,100.0,0.0,106.60035817780522,60.39785093185328,0.0,0.0,Summer,0.0,15.228622596829316,0.0,0.0
2020-08-17 00:00:00,0.0,96.65820637404616,0.0,60.39785093185328,0.0,40.0,3.3417936259538337,Summer,0.0,8.628264418836181,100.0,3.3417936259538337
2020-08-17 01:00:00,0.0,40.0,0.0,0.0,0.0,40.0,60.0,Summer,0.0,0.0,100.0,60.0
2020-08-17 02:00:00,0.0,40.0,0.0,0.0,0.0,40.0,60.0,Summer,0.0,0.0,100.0,60.0
2020-08-17 03:00:00,0.0,40.0,0.0,0.0,0.0,40.0,60.0,Summer,0.0,0.0,100.0,60.0
2020-08-17 04:00:00,0.0,40.0,0.0,0.0,0.0,40.0,60.0,Summer,0.0,0.0,100.0,60.0
2020-08-17 05:00:00,29.739600000000003,69.7396,0.0,0.0,0.0,40.0,30.260400000000004,Summer,1.6522000000000001,0.0,100.0,30.260400000000004
2020-08-17 06:00:00,620.676,100.0,200.0,0.0,187.6166303929372,0.0,0.0,Summer,34.482,0.0,0.0,0.0
2020-08-17 07:00:00,629.208,100.0,200.0,0.0,375.2332607858744,0.0,0.0,Summer,34.955999999999996,0.0,0.0,0.0
2020-08-17 08:00:00,725.454,100.0,200.0,0.0,562.8498911788115,0.0,0.0,Summer,40.303,0.0,0.0,0.0
2020-08-17 09:00:00,625.878,100.0,137.15010882118844,0.0,691.5080975540917,0.0,0.0,Summer,34.771,0.0,0.0,0.0
2020-08-17 10:00:00,1254.834,100.0,8.491902445908286,0.0,699.4742081667259,0.0,0.0,Summer,69.71300000000001,0.0,0.0,0.0
2020-08-17 11:00:00,2166.174,100.0,0.5257918332740664,0.0,699.9674446269609,0.0,0.0,Summer,120.343,0.0,0.0,0.0
2020-08-17 12:00:00,2389.77,100.0,0.03255537303909659,0.0,699.9979842739149,0.0,0.0,Summer,132.765,0.0,0.0,0.0
2020-08-17 13:00:00,1946.304,100.0,0.0020157260851701724,0.0,699.9998751925942,0.0,0.0,Summer,108.128,0.0,0.0,0.0
2020-08-17 14:00:00,1748.358,100.0,0.00012480740575119854,0.0,699.9999922723188,0.0,0.0,Summer,97.131,0.0,0.0,0.0
2020-08-17 15:00:00,713.142,100.0,7.727681193500757e-06,0.0,699.9999995215264,0.0,0.0,Summer,39.61900000000001,0.0,0.0,0.0
2020-08-17 16:00:00,246.978,100.0,4.784736083820462e-07,0.0,699.9999999703743,0.0,0.0,Summer,13.721,0.0,0.0,0.0
2020-08-17 17:00:00,64.53,100.0,0.0,37.81114704566751,662.1888529247069,0.0,0.0,Summer,3.585,5.401592435095359,0.0,0.0
2020-08-17 18:00:00,0.0,100.0,0.0,106.60035817780522,555.5884947469017,0.0,0.0,Summer,0.0,15.228622596829316,0.0,0.0
2020-08-17 19:00:00,0.0,100.0,0.0,106.60035817780522,448.98813656909647,0.0,0.0,Summer,0.0,15.228622596829316,0.0,0.0
2020-08-17 20:00:00,0.0,100.0,0.0,106.60035817780522,342.38777839129125,0.0,0.0,Summer,0.0,15.228622596829316,0.0,0.0
2020-08-17 21:00:00,0.0,100.0,0.0,106.60035817780522,235.78742021348606,0.0,0.0,Summer,0.0,15.228622596829316,0.0,0.0
2020-08-17 22:00:00,0.0,100.0,0.0,106.60035817780522,129.18706203568084,0.0,0.0,Summer,0.0,15.228622596829316,0.0,0.0
2020-08-17 23:00:00,0.0,100.0,0.0,106.60035817780522,22.586703857875634,0.0,0.0,Summer,0.0,15.228622596829316,0.0,0.0
2020-08-18 00:00:00,0.0,61.18820634748891,0.0,22.586703857875634,0.0,40.0,38.811793652511085,Summer,0.0,3.2266719796965186,100.0,38.811793652511085
2020-08-18 01:00:00,0.0,40.0,0.0,0.0,0.0,40.0,60.0,Summer,0.0,0.0,100.0,60.0
2020-08-18 02:00:00,0.0,40.0,0.0,0.0,0.0,40.0,60.0,Summer,0.0,0.0,100.0,60.0
2020-08-18 03:00:00,0.0,40.0,0.0,0.0,0.0,40.0,60.0,Summer,0.0,0.0,100.0,60.0
2020-08-18 04:00:00,0.0,40.0,0.0,0.0,0.0,40.0,60.0,Summer,0.0,0.0,100.0,60.0
2020-08-18 05:00:00,0.0,40.0,0.0,0.0,0.0,40.0,60.0,Summer,0.0,0.0,100.0,60.0
2020-08-18 06:00:00,185.778,100.0,85.77799999999999,0.0,80.46689660922682,0.0,0.0,Summer,10.321,0.0,0.0,0.0
2020-08-18 07:00:00,394.344,100.0,200.0,0.0,268.08352700216403,0.0,0.0,Summer,21.908,0.0,0.0,0.0
2020-08-18 08:00:00,299.448,100.0,199.44799999999998,0.0,455.1823354952167,0.0,0.0,Summer,16.636,0.0,0.0,0.0
2020-08-18 09:00:00,462.276,100.0,200.0,0.0,642.7989658881539,0.0,0.0,Summer,25.682,0.0,0.0,0.0
2020-08-18 10:00:00,672.138,100.0,57.20103411184612,0.0,696.458292263434,0.0,0.0,Summer,37.341,0.0,0.0,0.0
2020-08-18 11:00:00,1336.482,100.0,3.5417077365659644,0.0,699.7807086202896,0.0,0.0,Summer,74.249,0.0,0.0,0.0
2020-08-18 12:00:00,2134.458,100.0,0.21929137971042656,0.0,699.986422168967,0.0,0.0,Summer,118.581,0.0,0.0,0.0
2020-08-18 13:00:00,2571.174,100.0,0.01357783103303518,0.0,699.9991593034993,0.0,0.0,Summer,142.84300000000002,0.0,0.0,0.0
2020-08-18 14:00:00,2682.612,100.0,0.0008406965007307008,0.0,699.9999479467225,0.0,0.0,Summer,149.034,0.0,0.0,0.0
2020-08-18 15:00:00,2570.976,100.0,5.205327749717981e-05,0.0,699.9999967770252,0.0,0.0,Summer,142.832,0.0,0.0,0.0
2020-08-18 16:00:00,1464.03,100.0,3.2229748321697116e-06,0.0,699.9999998004436,0.0,0.0,Summer,81.33500000000001,0.0,0.0,0.0
2020-08-18 17:00:00,856.35,100.0,1.9955646712332963e-07,0.0,699.9999999876442,0.0,0.0,Summer,47.575,0.0,0.0,0.0
2020-08-18 18:00:00,32.9526,100.0,0.0,71.47276854890579,628.5272314387383,0.0,0.0,Summer,1.8306999999999998,10.210395506986542,0.0,0.0
2020-08-18 19:00:00,0.0,100.0,0.0,106.60035817780522,521.9268732609331,0.0,0.0,Summer,0.0,15.228622596829316,0.0,0.0
2020-08-18 20:00:00,0.0,100.0,0.0,106.60035817780522,415.3265150831279,0.0,0.0,Summer,0.0,15.228622596829316,0.0,0.0
2020-08-18 21:00:00,0.0,100.0,0.0,106.60035817780522,308.7261569053227,0.0,0.0,Summer,0.0,15.228622596829316,0.0,0.0
2020-08-18 22:00:00,0.0,100.0,0.0,106.60035817780522,202.1257987275175,0.0,0.0,Summer,0.0,15.228622596829316,0.0,0.0
2020-08-18 23:00:00,0.0,100.0,0.0,106.60035817780522,95.52544054971226,0.0,0.0,Summer,0.0,15.228622596829316,0.0,0.0
2020-08-19 00:00:00,0.0,100.0,0.0,95.52544054971226,0.0,10.389193636310708,0.0,Summer,0.0,13.646491507101752,25.97298409077677,0.0
2020-08-19 01:00:00,0.0,40.0,0.0,0.0,0.0,40.0,60.0,Summer,0.0,0.0,100.0,60.0
2020-08-19 02:00:00,0.0,40.0,0.0,0.0,0.0,40.0,60.0,Summer,0.0,0.0,100.0,60.0
2020-08-19 03:00:00,0.0,40.0,0.0,0.0,0.0,40.0,60.0,Summer,0.0,0.0,100.0,60.0
2020-08-19 04:00:00,0.0,40.0,0.0,0.0,0.0,40.0,60.0,Summer,0.0,0.0,100.0,60.0
2020-08-19 05:00:00,74.1528,100.0,0.0,0.0,0.0,25.8472,0.0,Summer,4.119599999999999,0.0,64.618,0.0
2020-08-19 06:00:00,1406.52,100.0,200.0,0.0,187.6166303929372,0.0,0.0,Summer,78.14,0.0,0.0,0.0
2020-08-19 07:00:00,2468.664,100.0,200.0,0.0,375.2332607858744,0.0,0.0,Summer,137.148,0.0,0.0,0.0
2020-08-19 08:00:00,2693.664,100.0,200.0,0.0,562.8498911788115,0.0,0.0,Summer,149.648,0.0,0.0,0.0
2020-08-19 09:00:00,2681.64,100.0,137.15010882118844,0.0,691.5080975540917,0.0,0.0,Summer,148.98,0.0,0.0,0.0
2020-08-19 10:00:00,2643.282,100.0,8.491902445908286,0.0,699.4742081667259,0.0,0.0,Summer,146.84900000000002,0.0,0.0,0.0
2020-08-19 11:00:00,2605.284,100.0,0.5257918332740664,0.0,699.9674446269609,0.0,0.0,Summer,144.738,0.0,0.0,0.0
2020-08-19 12:00:00,2599.56,100.0,0.03255537303909659,0.0,699.9979842739149,0.0,0.0,Summer,144.42,0.0,0.0,0.0
2020-08-19 13:00:00,2618.118,100.0,0.0020157260851701724,0.0,699.9998751925942,0.0,0.0,Summer,145.451,0.0,0.0,0.0
2020-08-19 14:00:00,2228.562,100.0,0.00012480740575119854,0.0,699.9999922723188,0.0,0.0,Summer,123.809,0.0,0.0,0.0
2020-08-19 15:00:00,918.54,100.0,7.727681193500757e-06,0.0,699.9999995215264,0.0,0.0,Summer,51.03,0.0,0.0,0.0
2020-08-19 16:00:00,1104.588,100.0,4.784736083820462e-07,0.0,699.9999999703743,0.0,0.0,Summer,61.366,0.0,0.0,0.0
2020-08-19 17:00:00,825.156,100.0,2.9625603929162025e-08,0.0,699.9999999981657,0.0,0.0,Summer,45.842,0.0,0.0,0.0
2020-08-19 18:00:00,0.0,100.0,0.0,106.60035817780522,593.3996418203604,0.0,0.0,Summer,0.0,15.228622596829316,0.0,0.0
2020-08-19 19:00:00,0.0,100.0,0.0,106.60035817780522,486.7992836425552,0.0,0.0,Summer,0.0,15.228622596829316,0.0,0.0
2020-08-19 20:00:00,0.0,100.0,0.0,106.60035817780522,380.19892546475006,0.0,0.0,Summer,0.0,15.228622596829316,0.0,0.0
2020-08-19 21:00:00,0.0,100.0,0.0,106.60035817780522,273.59856728694484,0.0,0.0,Summer,0.0,15.228622596829316,0.0,0.0
2020-08-19 22:00:00,0.0,100.0,0.0,106.60035817780522,166.99820910913962,0.0,0.0,Summer,0.0,15.228622596829316,0.0,0.0
2020-08-19 23:00:00,0.0,100.0,0.0,106.60035817780522,60.39785093133441,0.0,0.0,Summer,0.0,15.228622596829316,0.0,0.0
2020-08-20 00:00:00,0.0,96.65820637355942,0.0,60.39785093133441,0.0,40.0,3.3417936264405768,Summer,0.0,8.62826441876206,100.0,3.341793626440577
2020-08-20 01:00:00,0.0,40.0,0.0,0.0,0.0,40.0,60.0,Summer,0.0,0.0,100.0,60.0
2020-08-20 02:00:00,0.0,40.0,0.0,0.0,0.0,40.0,60.0,Summer,0.0,0.0,100.0,60.0
2020-08-20 03:00:00,0.0,40.0,0.0,0.0,0.0,40.0,60.0,Summer,0.0,0.0,100.0,60.0
2020-08-20 04:00:00,0.0,40.0,0.0,0.0,0.0,40.0,60.0,Summer,0.0,0.0,100.0,60.0
2020-08-20 05:00:00,83.98259999999999,100.0,0.0,0.0,0.0,16.01740000000001,0.0,Summer,4.665699999999999,0.0,40.04350000000002,0.0
2020-08-20 06:00:00,1352.844,100.0,200.0,0.0,187.6166303929372,0.0,0.0,Summer,75.158,0.0,0.0,0.0
2020-08-20 07:00:00,2389.266,100.0,200.0,0.0,375.2332607858744,0.0,0.0,Summer,132.737,0.0,0.0,0.0
2020-08-20 08:00:00,2639.232,100.0,200.0,0.0,562.8498911788115,0.0,0.0,Summer,146.624,0.0,0.0,0.0
2020-08-20 09:00:00,2621.484,100.0,137.15010882118844,0.0,691.5080975540917,0.0,0.0,Summer,145.638,0.0,0.0,0.0
2020-08-20 10:00:00,2605.122,100.0,8.491902445908286,0.0,699.4742081667259,0.0,0.0,Summer,144.72899999999998,0.0,0.0,0.0
2020-08-20 11:00:00,2562.372,100.0,0.5257918332740664,0.0,699.9674446269609,0.0,0.0,Summer,142.35399999999998,0.0,0.0,0.0
2020-08-20 12:00:00,2552.472,100.0,0.03255537303909659,0.0,699.9979842739149,0.0,0.0,Summer,141.80400000000003,0.0,0.0,0.0
2020-08-20 13:00:00,2520.396,100.0,0.0020157260851701724,0.0,699.9998751925942,0.0,0.0,Summer,140.022,0.0,0.0,0.0
2020-08-20 14:00:00,2476.44,100.0,0.00012480740575119854,0.0,699.9999922723188,0.0,0.0,Summer,137.58,0.0,0.0,0.0
2020-08-20 15:00:00,1609.074,100.0,7.727681193500757e-06,0.0,699.9999995215264,0.0,0.0,Summer,89.393,0.0,0.0,0.0
2020-08-20 16:00:00,312.516,100.0,4.784736083820462e-07,0.0,699.9999999703743,0.0,0.0,Summer,17.362000000000002,0.0,0.0,0.0
2020-08-20 17:00:00,422.802,100.0,2.9625603929162025e-08,0.0,699.9999999981657,0.0,0.0,Summer,23.489,0.0,0.0,0.0
2020-08-20 18:00:00,65.65859999999999,100.0,0.0,36.60805540327281,663.3919445948928,0.0,0.0,Summer,3.6476999999999995,5.229722200467544,0.0,0.0
2020-08-20 19:00:00,0.0,100.0,0.0,106.60035817780522,556.7915864170876,0.0,0.0,Summer,0.0,15.228622596829316,0.0,0.0
2020-08-20 20:00:00,0.0,100.0,0.0,106.60035817780522,450.1912282392824,0.0,0.0,Summer,0.0,15.228622596829316,0.0,0.0
2020-08-20 21:00:00,0.0,100.0,0.0,106.60035817780522,343.5908700614772,0.0,0.0,Summer,0.0,15.228622596829316,0.0,0.0
2020-08-20 22:00:00,0.0,100.0,0.0,106.60035817780522,236.99051188367199,0.0,0.0,Summer,0.0,15.228622596829316,0.0,0.0
2020-08-20 23:00:00,0.0,100.0,0.0,106.60035817780522,130.39015370586677,0.0,0.0,Summer,0.0,15.228622596829316,0.0,0.0
2020-08-21 00:00:00,0.0,100.0,0.0,106.60035817780522,23.789795528061543,0.0,0.0,Summer,0.0,15.228622596829316,0.0,0.0
2020-08-21 01:00:00,0.0,62.31680637355936,0.0,23.789795528061543,0.0,40.0,37.68319362644064,Summer,0.0,3.3985422182945064,100.0,37.68319362644064
2020-08-21 02:00:00,0.0,40.0,0.0,0.0,0.0,40.0,60.0,Summer,0.0,0.0,100.0,60.0
2020-08-21 03:00:00,0.0,40.0,0.0,0.0,0.0,40.0,60.0,Summer,0.0,0.0,100.0,60.0
2020-08-21 04:00:00,0.0,40.0,0.0,0.0,0.0,40.0,60.0,Summer,0.0,0.0,100.0,60.0
2020-08-21 05:00:00,103.554,100.0,3.554000000000002,0.0,3.3339475220824957,0.0,0.0,Summer,5.753,0.0,0.0,0.0
2020-08-21 06:00:00,1461.024,100.0,200.0,0.0,190.95057791501966,0.0,0.0,Summer,81.16799999999999,0.0,0.0,0.0
2020-08-21 07:00:00,2431.746,100.0,200.0,0.0,378.5672083079569,0.0,0.0,Summer,135.097,0.0,0.0,0.0
2020-08-21 08:00:00,2537.334,100.0,200.0,0.0,566.1838387008941,0.0,0.0,Summer,140.963,0.0,0.0,0.0
2020-08-21 09:00:00,2505.978,100.0,133.81616129910597,0.0,691.7145250761741,0.0,0.0,Summer,139.221,0.0,0.0,0.0
2020-08-21 10:00:00,2559.474,100.0,8.285474923825824,0.0,699.4869895082411,0.0,0.0,Summer,142.193,0.0,0.0,0.0
2020-08-21 11:00:00,1733.166,100.0,0.5130104917589342,0.0,699.9682360073411,0.0,0.0,Summer,96.287,0.0,0.0,0.0
2020-08-21 12:00:00,2104.164,100.0,0.03176399265881628,0.0,699.9980332736935,0.0,0.0,Summer,116.89800000000001,0.0,0.0,0.0
2020-08-21 13:00:00,2209.068,100.0,0.0019667263064766303,0.0,699.9998782265062,0.0,0.0,Summer,122.726,0.0,0.0,0.0
2020-08-21 14:00:00,1473.75,100.0,0.00012177349382545798,0.0,699.9999924601691,0.0,0.0,Summer,81.875,0.0,0.0,0.0
2020-08-21 15:00:00,1338.768,100.0,7.539830869063735e-06,0.0,699.9999995331574,0.0,0.0,Summer,74.376,0.0,0.0,0.0
2020-08-21 16:00:00,492.642,100.0,4.6684255357831716e-07,0.0,699.9999999710946,0.0,0.0,Summer,27.369,0.0,0.0,0.0
2020-08-21 17:00:00,70.6626,100.0,0.0,31.27377348005543,668.7262264910391,0.0,0.0,Summer,3.9257,4.4676819257222045,0.0,0.0
2020-08-21 18:00:00,0.0,100.0,0.0,106.60035817780522,562.1258683132339,0.0,0.0,Summer,0.0,15.228622596829316,0.0,0.0
2020-08-21 19:00:00,0.0,100.0,0.0,106.60035817780522,455.52551013542876,0.0,0.0,Summer,0.0,15.228622596829316,0.0,0.0
2020-08-21 20:00:00,0.0,100.0,0.0,106.60035817780522,348.92515195762354,0.0,0.0,Summer,0.0,15.228622596829316,0.0,0.0
2020-08-21 21:00:00,0.0,100.0,0.0,106.60035817780522,242.32479377981835,0.0,0.0,Summer,0.0,15.228622596829316,0.0,0.0
2020-08-21 22:00:00,0.0,100.0,0.0,106.60035817780522,135.72443560201313,0.0,0.0,Summer,0.0,15.228622596829316,0.0,0.0
2020-08-21 23:00:00,0.0,100.0,0.0,106.60035817780522,29.124077424207922,0.0,0.0,Summer,0.0,15.228622596829316,0.0,0.0
2020-08-22 00:00:00,0.0,67.32080634816452,0.0,29.124077424207922,0.0,40.0,32.679193651835476,Summer,0.0,4.16058248917256,100.0,32.679193651835476
2020-08-22 01:00:00,0.0,40.0,0.0,0.0,0.0,40.0,60.0,Summer,0.0,0.0,100.0,60.0
2020-08-22 02:00:00,0.0,40.0,0.0,0.0,0.0,40.0,60.0,Summer,0.0,0.0,100.0,60.0
2020-08-22 03:00:00,0.0,40.0,0.0,0.0,0.0,40.0,60.0,Summer,0.0,0.0,100.0,60.0
2020-08-22 04:00:00,0.0,40.0,0.0,0.0,0.0,40.0,60.0,Summer,0.0,0.0,100.0,60.0
2020-08-22 05:00:00,47.5884,87.58840000000001,0.0,0.0,0.0,40.0,12.4116,Summer,2.6438,0.0,100.0,12.4116
2020-08-22 06:00:00,621.45,100.0,200.0,0.0,187.6166303929372,0.0,0.0,Summer,34.525,0.0,0.0,0.0
2020-08-22 07:00:00,2051.334,100.0,200.0,0.0,375.2332607858744,0.0,0.0,Summer,113.963,0.0,0.0,0.0
2020-08-22 08:00:00,2285.622,100.0,200.0,0.0,562.8498911788115,0.0,0.0,Summer,126.979,0.0,0.0,0.0
2020-08-22 09:00:00,2577.96,100.0,137.15010882118844,0.0,691.5080975540917,0.0,0.0,Summer,143.22,0.0,0.0,0.0
2020-08-22 10:00:00,2372.58,100.0,8.491902445908286,0.0,699.4742081667259,0.0,0.0,Summer,131.81,0.0,0.0,0.0
2020-08-22 11:00:00,2433.312,100.0,0.5257918332740664,0.0,699.9674446269609,0.0,0.0,Summer,135.184,0.0,0.0,0.0
2020-08-22 12:00:00,1968.354,100.0,0.03255537303909659,0.0,699.9979842739149,0.0,0.0,Summer,109.35300000000001,0.0,0.0,0.0
2020-08-22 13:00:00,2365.02,100.0,0.0020157260851701724,0.0,699.9998751925942,0.0,0.0,Summer,131.39000000000001,0.0,0.0,0.0
2020-08-22 14:00:00,2574.882,100.0,0.00012480740575119854,0.0,699.9999922723188,0.0,0.0,Summer,143.049,0.0,0.0,0.0
2020-08-22 15:00:00,2312.928,100.0,7.727681193500757e-06,0.0,699.9999995215264,0.0,0.0,Summer,128.49599999999998,0.0,0.0,0.0
2020-08-22 16:00:00,1539.594,100.0,4.784736083820462e-07,0.0,699.9999999703743,0.0,0.0,Summer,85.533,0.0,0.0,0.0
2020-08-22 17:00:00,1247.4,100.0,2.9625603929162025e-08,0.0,699.9999999981657,0.0,0.0,Summer,69.30000000000001,0.0,0.0,0.0
2020-08-22 18:00:00,96.20459999999999,100.0,0.0,4.045909994280435,695.9540900038852,0.0,0.0,Summer,5.3447,0.5779871420400621,0.0,0.0
2020-08-22 19:00:00,0.0,100.0,0.0,106.60035817780522,589.35373182608,0.0,0.0,Summer,0.0,15.228622596829316,0.0,0.0
2020-08-22 20:00:00,0.0,100.0,0.0,106.60035817780522,482.7533736482748,0.0,0.0,Summer,0.0,15.228622596829316,0.0,0.0
2020-08-22 21:00:00,0.0,100.0,0.0,106.60035817780522,376.1530154704696,0.0,0.0,Summer,0.0,15.228622596829316,0.0,0.0
2020-08-22 22:00:00,0.0,100.0,0.0,106.60035817780522,269.5526572926644,0.0,0.0,Summer,0.0,15.228622596829316,0.0,0.0
2020-08-22 23:00:00,0.0,100.0,0.0,106.60035817780522,162.9522991148592,0.0,0.0,Summer,0.0,15.228622596829316,0.0,0.0
2020-08-23 00:00:00,0.0,100.0,0.0,106.60035817780522,56.35194093705398,0.0,0.0,Summer,0.0,15.228622596829316,0.0,0.0
2020-08-23 01:00:00,0.0,92.86280637355941,0.0,56.35194093705398,0.0,40.0,7.137193626440585,Summer,0.0,8.050277276721998,100.0,7.137193626440584
2020-08-23 02:00:00,0.0,40.0,0.0,0.0,0.0,40.0,60.0,Summer,0.0,0.0,100.0,60.0
2020-08-23 03:00:00,0.0,40.0,0.0,0.0,0.0,40.0,60.0,Summer,0.0,0.0,100.0,60.0
2020-08-23 04:00:00,0.0,40.0,0.0,0.0,0.0,40.0,60.0,Summer,0.0,0.0,100.0,60.0
2020-08-23 05:00:00,25.212600000000002,65.21260000000001,0.0,0.0,0.0,40.0,34.78739999999999,Summer,1.4007,0.0,100.0,34.78739999999999
2020-08-23 06:00:00,246.168,100.0,146.168,0.0,137.11773815637423,0.0,0.0,Summer,13.675999999999998,0.0,0.0,0.0
2020-08-23 07:00:00,1624.59,100.0,200.0,0.0,324.7343685493114,0.0,0.0,Summer,90.255,0.0,0.0,0.0
2020-08-23 08:00:00,2100.78,100.0,200.0,0.0,512.3509989422487,0.0,0.0,Summer,116.71000000000001,0.0,0.0,0.0
2020-08-23 09:00:00,2421.468,100.0,187.64900105775135,0.0,688.3813653175287,0.0,0.0,Summer,134.52599999999998,0.0,0.0,0.0
2020-08-23 10:00:00,2621.142,100.0,11.618634682471281,0.0,699.2806107619876,0.0,0.0,Summer,145.619,0.0,0.0,0.0
2020-08-23 11:00:00,2535.156,100.0,0.7193892380123725,0.0,699.9554576858717,0.0,0.0,Summer,140.842,0.0,0.0,0.0
2020-08-23 12:00:00,2336.922,100.0,0.04454231412825175,0.0,699.997242080305,0.0,0.0,Summer,129.829,0.0,0.0,0.0
2020-08-23 13:00:00,2159.37,100.0,0.0027579196949955075,0.0,699.9998292383053,0.0,0.0,Summer,119.96499999999999,0.0,0.0,0.0
2020-08-23 14:00:00,1237.446,100.0,0.00017076169466599821,0.0,699.9999894269741,0.0,0.0,Summer,68.74699999999999,0.0,0.0,0.0
2020-08-23 15:00:00,1732.05,100.0,1.0573025909252464e-05,0.0,699.9999993453516,0.0,0.0,Summer,96.225,0.0,0.0,0.0
2020-08-23 16:00:00,368.73,100.0,6.546484073624015e-07,0.0,699.9999999594663,0.0,0.0,Summer,20.485,0.0,0.0,0.0
2020-08-23 17:00:00,270.63,100.0,4.053371958434582e-08,0.0,699.9999999974904,0.0,0.0,Summer,15.034999999999998,0.0,0.0,0.0
2020-08-23 18:00:00,14.40954,100.0,0.0,91.23973692603111,608.7602630714592,0.0,0.0,Summer,0.80053,13.03424813229016,0.0,0.0
2020-08-23 19:00:00,0.0,100.0,0.0,106.60035817780522,502.1599048936541,0.0,0.0,Summer,0.0,15.228622596829316,0.0,0.0
2020-08-23 20:00:00,0.0,100.0,0.0,106.60035817780522,395.55954671584885,0.0,0.0,Summer,0.0,15.228622596829316,0.0,0.0
2020-08-23 21:00:00,0.0,100.0,0.0,106.60035817780522,288.95918853804363,0.0,0.0,Summer,0.0,15.228622596829316,0.0,0.0
2020-08-23 22:00:00,0.0,100.0,0.0,106.60035817780522,182.35883036023844,0.0,0.0,Summer,0.0,15.228622596829316,0.0,0.0
2020-08-23 23:00:00,0.0,100.0,0.0,106.60035817780522,75.75847218243322,0.0,0.0,Summer,0.0,15.228622596829316,0.0,0.0
2020-08-24 00:00:00,0.0,100.0,0.0,75.75847218243322,0.0,28.93225362707406,0.0,Summer,0.0,10.822638883204746,72.33063406768515,0.0
2020-08-24 01:00:00,0.0,40.0,0.0,0.0,0.0,40.0,60.0,Summer,0.0,0.0,100.0,60.0
2020-08-24 02:00:00,0.0,40.0,0.0,0.0,0.0,40.0,60.0,Summer,0.0,0.0,100.0,60.0
2020-08-24 03:00:00,0.0,40.0,0.0,0.0,0.0,40.0,60.0,Summer,0.0,0.0,100.0,60.0
2020-08-24 04:00:00,0.0,40.0,0.0,0.0,0.0,40.0,60.0,Summer,0.0,0.0,100.0,60.0
2020-08-24 05:00:00,31.379399999999997,71.3794,0.0,0.0,0.0,40.0,28.620599999999996,Summer,1.7432999999999996,0.0,100.0,28.620599999999996
2020-08-24 06:00:00,1122.75,100.0,200.0,0.0,187.6166303929372,0.0,0.0,Summer,62.375,0.0,0.0,0.0
2020-08-24 07:00:00,1215.144,100.0,200.0,0.0,375.2332607858744,0.0,0.0,Summer,67.508,0.0,0.0,0.0
2020-08-24 08:00:00,1688.202,100.0,200.0,0.0,562.8498911788115,0.0,0.0,Summer,93.789,0.0,0.0,0.0
2020-08-24 09:00:00,1421.856,100.0,137.15010882118844,0.0,691.5080975540917,0.0,0.0,Summer,78.99199999999999,0.0,0.0,0.0
2020-08-24 10:00:00,1724.058,100.0,8.491902445908286,0.0,699.4742081667259,0.0,0.0,Summer,95.781,0.0,0.0,0.0
2020-08-24 11:00:00,2088.144,100.0,0.5257918332740664,0.0,699.9674446269609,0.0,0.0,Summer,116.00799999999998,0.0,0.0,0.0
2020-08-24 12:00:00,2062.134,100.0,0.03255537303909659,0.0,699.9979842739149,0.0,0.0,Summer,114.56299999999999,0.0,0.0,0.0
2020-08-24 13:00:00,2346.786,100.0,0.0020157260851701724,0.0,699.9998751925942,0.0,0.0,Summer,130.377,0.0,0.0,0.0
2020-08-24 14:00:00,2572.11,100.0,0.00012480740575119854,0.0,699.9999922723188,0.0,0.0,Summer,142.895,0.0,0.0,0.0
2020-08-24 15:00:00,2552.274,100.0,7.727681193500757e-06,0.0,699.9999995215264,0.0,0.0,Summer,141.79299999999998,0.0,0.0,0.0
2020-08-24 16:00:00,2331.36,100.0,4.784736083820462e-07,0.0,699.9999999703743,0.0,0.0,Summer,129.52,0.0,0.0,0.0
2020-08-24 17:00:00,1285.848,100.0,2.9625603929162025e-08,0.0,699.9999999981657,0.0,0.0,Summer,71.43599999999999,0.0,0.0,0.0
2020-08-24 18:00:00,60.255,100.0,0.0,42.36831235776868,657.631687640397,0.0,0.0,Summer,3.3475000000000006,6.052616051109812,0.0,0.0
2020-08-24 19:00:00,0.0,100.0,0.0,106.60035817780522,551.0313294625918,0.0,0.0,Summer,0.0,15.228622596829316,0.0,0.0
2020-08-24 20:00:00,0.0,100.0,0.0,106.60035817780522,444.4309712847866,0.0,0.0,Summer,0.0,15.228622596829316,0.0,0.0
2020-08-24 21:00:00,0.0,100.0,0.0,106.60035817780522,337.8306131069814,0.0,0.0,Summer,0.0,15.228622596829316,0.0,0.0
2020-08-24 22:00:00,0.0,100.0,0.0,106.60035817780522,231.23025492917617,0.0,0.0,Summer,0.0,15.228622596829316,0.0,0.0
2020-08-24 23:00:00,0.0,100.0,0.0,106.60035817780522,124.62989675137096,0.0,0.0,Summer,0.0,15.228622596829316,0.0,0.0
2020-08-25 00:00:00,0.0,100.0,0.0,106.60035817780522,18.02953857356575,0.0,0.0,Summer,0.0,15.228622596829316,0.0,0.0
2020-08-25 01:00:00,0.0,56.91320637355945,0.0,18.02953857356575,0.0,40.0,43.08679362644055,Summer,0.0,2.5756483676522497,100.0,43.08679362644055
2020-08-25 02:00:00,0.0,40.0,0.0,0.0,0.0,40.0,60.0,Summer,0.0,0.0,100.0,60.0
2020-08-25 03:00:00,0.0,40.0,0.0,0.0,0.0,40.0,60.0,Summer,0.0,0.0,100.0,60.0
2020-08-25 04:00:00,0.0,40.0,0.0,0.0,0.0,40.0,60.0,Summer,0.0,0.0,100.0,60.0
2020-08-25 05:00:00,57.0384,97.0384,0.0,0.0,0.0,40.0,2.961599999999997,Summer,3.1688,0.0,100.0,2.961599999999997
2020-08-25 06:00:00,1374.912,100.0,200.0,0.0,187.6166303929372,0.0,0.0,Summer,76.38400000000001,0.0,0.0,0.0
2020-08-25 07:00:00,2449.026,100.0,200.0,0.0,375.2332607858744,0.0,0.0,Summer,136.057,0.0,0.0,0.0
2020-08-25 08:00:00,2635.974,100.0,200.0,0.0,562.8498911788115,0.0,0.0,Summer,146.443,0.0,0.0,0.0
2020-08-25 09:00:00,2672.262,100.0,137.15010882118844,0.0,691.5080975540917,0.0,0.0,Summer,148.459,0.0,0.0,0.0
2020-08-25 10:00:00,2626.65,100.0,8.491902445908286,0.0,699.4742081667259,0.0,0.0,Summer,145.925,0.0,0.0,0.0
2020-08-25 11:00:00,2609.226,100.0,0.5257918332740664,0.0,699.9674446269609,0.0,0.0,Summer,144.957,0.0,0.0,0.0
2020-08-25 12:00:00,2531.142,100.0,0.03255537303909659,0.0,699.9979842739149,0.0,0.0,Summer,140.61899999999997,0.0,0.0,0.0
2020-08-25 13:00:00,2526.102,100.0,0.0020157260851701724,0.0,699.9998751925942,0.0,0.0,Summer,140.339,0.0,0.0,0.0
2020-08-25 14:00:00,2405.556,100.0,0.00012480740575119854,0.0,699.9999922723188,0.0,0.0,Summer,133.642,0.0,0.0,0.0
2020-08-25 15:00:00,696.15,100.0,7.727681193500757e-06,0.0,699.9999995215264,0.0,0.0,Summer,38.675,0.0,0.0,0.0
2020-08-25 16:00:00,247.086,100.0,4.784736083820462e-07,0.0,699.9999999703743,0.0,0.0,Summer,13.727,0.0,0.0,0.0
2020-08-25 17:00:00,74.9088,100.0,0.0,26.747309071109463,673.2526908992648,0.0,0.0,Summer,4.1616,3.8210441530156376,0.0,0.0
2020-08-25 18:00:00,39.6198,100.0,0.0,64.36550946847514,608.8871814307897,7.105427357601002e-15,0.0,Summer,2.2011,9.195072781210733,1.7763568394002505e-14,0.0
2020-08-25 19:00:00,0.0,100.0,0.0,106.60035817780522,502.28682325298456,0.0,0.0,Summer,0.0,15.228622596829316,0.0,0.0
2020-08-25 20:00:00,0.0,100.0,0.0,106.60035817780522,395.68646507517934,0.0,0.0,Summer,0.0,15.228622596829316,0.0,0.0
2020-08-25 21:00:00,0.0,100.0,0.0,106.60035817780522,289.0861068973741,0.0,0.0,Summer,0.0,15.228622596829316,0.0,0.0
2020-08-25 22:00:00,0.0,100.0,0.0,106.60035817780522,182.48574871956896,0.0,0.0,Summer,0.0,15.228622596829316,0.0,0.0
2020-08-25 23:00:00,0.0,100.0,0.0,106.60035817780522,75.88539054176373,0.0,0.0,Summer,0.0,15.228622596829316,0.0,0.0
2020-08-26 00:00:00,0.0,100.0,0.0,75.88539054176373,0.0,28.813193652511117,0.0,Summer,0.0,10.840770077394819,72.03298413127779,0.0
2020-08-26 01:00:00,0.0,40.0,0.0,0.0,0.0,40.0,60.0,Summer,0.0,0.0,100.0,60.0
2020-08-26 02:00:00,0.0,40.0,0.0,0.0,0.0,40.0,60.0,Summer,0.0,0.0,100.0,60.0
2020-08-26 03:00:00,0.0,40.0,0.0,0.0,0.0,40.0,60.0,Summer,0.0,0.0,100.0,60.0
2020-08-26 04:00:00,0.0,40.0,0.0,0.0,0.0,40.0,60.0,Summer,0.0,0.0,100.0,60.0
2020-08-26 05:00:00,0.0,40.0,0.0,0.0,0.0,40.0,60.0,Summer,0.0,0.0,100.0,60.0
2020-08-26 06:00:00,85.40459999999999,100.0,0.0,0.0,0.0,14.595400000000012,0.0,Summer,4.7447,0.0,36.48850000000003,0.0
2020-08-26 07:00:00,360.558,100.0,200.0,0.0,187.6166303929372,0.0,0.0,Summer,20.031,0.0,0.0,0.0
2020-08-26 08:00:00,222.858,100.0,122.858,0.0,302.8676502770146,0.0,0.0,Summer,12.381,0.0,0.0,0.0
2020-08-26 09:00:00,309.474,100.0,200.0,0.0,490.48428066995183,0.0,0.0,Summer,17.193,0.0,0.0,0.0
2020-08-26 10:00:00,379.314,100.0,200.0,0.0,678.100911062889,0.0,0.0,Summer,21.073,0.0,0.0,0.0
2020-08-26 11:00:00,448.938,100.0,21.899088937110967,0.0,698.644077438169,0.0,0.0,Summer,24.941,0.0,0.0,0.0
2020-08-26 12:00:00,434.574,100.0,1.3559225618309574,0.0,699.9160455487914,0.0,0.0,Summer,24.143,0.0,0.0,0.0
2020-08-26 13:00:00,391.698,100.0,0.08395445120858494,0.0,699.9948018050026,0.0,0.0,Summer,21.761,0.0,0.0,0.0
2020-08-26 14:00:00,464.022,100.0,0.005198194997385144,0.0,699.9996781441503,0.0,0.0,Summer,25.779000000000003,0.0,0.0,0.0
2020-08-26 15:00:00,298.746,100.0,0.00032185584970284255,0.0,699.9999800717003,0.0,0.0,Summer,16.596999999999998,0.0,0.0,0.0
2020-08-26 16:00:00,163.8306,100.0,1.992829970549792e-05,0.0,699.9999987661025,0.0,0.0,Summer,9.1017,0.0,0.0,0.0
2020-08-26 17:00:00,53.9496,100.0,0.0,49.089891342312015,650.9101074237905,0.0,0.0,Summer,2.9972,7.0128416203302875,0.0,0.0
2020-08-26 18:00:00,0.0,100.0,0.0,106.60035817780522,544.3097492459852,0.0,0.0,Summer,0.0,15.228622596829316,0.0,0.0
2020-08-26 19:00:00,0.0,100.0,0.0,106.60035817780522,437.7093910681801,0.0,0.0,Summer,0.0,15.228622596829316,0.0,0.0
2020-08-26 20:00:00,0.0,100.0,0.0,106.60035817780522,331.10903289037486,0.0,0.0,Summer,0.0,15.228622596829316,0.0,0.0
2020-08-26 21:00:00,0.0,100.0,0.0,106.60035817780522,224.50867471256967,0.0,0.0,Summer,0.0,15.228622596829316,0.0,0.0
2020-08-26 22:00:00,0.0,100.0,0.0,106.60035817780522,117.90831653476447,0.0,0.0,Summer,0.0,15.228622596829316,0.0,0.0
2020-08-26 23:00:00,0.0,100.0,0.0,106.60035817780522,11.30795835695925,0.0,0.0,Summer,0.0,15.228622596829316,0.0,0.0
2020-08-27 00:00:00,0.0,50.607805217781745,0.0,11.30795835695925,0.0,40.0,49.392194782218255,Summer,0.0,1.6154226224227501,100.0,49.392194782218255
2020-08-27 01:00:00,0.0,40.0,0.0,0.0,0.0,40.0,60.0,Summer,0.0,0.0,100.0,60.0
2020-08-27 02:00:00,0.0,40.0,0.0,0.0,0.0,40.0,60.0,Summer,0.0,0.0,100.0,60.0
2020-08-27 03:00:00,0.0,40.0,0.0,0.0,0.0,40.0,60.0,Summer,0.0,0.0,100.0,60.0
2020-08-27 04:00:00,0.0,40.0,0.0,0.0,0.0,40.0,60.0,Summer,0.0,0.0,100.0,60.0
2020-08-27 05:00:00,32.4936,72.4936,0.0,0.0,0.0,40.0,27.5064,Summer,1.8052000000000001,0.0,100.0,27.5064
2020-08-27 06:00:00,1345.968,100.0,200.0,0.0,187.6166303929372,0.0,0.0,Summer,74.77600000000001,0.0,0.0,0.0
2020-08-27 07:00:00,2513.394,100.0,200.0,0.0,375.2332607858744,0.0,0.0,Summer,139.63299999999998,0.0,0.0,0.0
2020-08-27 08:00:00,2702.628,100.0,200.0,0.0,562.8498911788115,0.0,0.0,Summer,150.14600000000002,0.0,0.0,0.0
2020-08-27 09:00:00,2689.848,100.0,137.15010882118844,0.0,691.5080975540917,0.0,0.0,Summer,149.43599999999998,0.0,0.0,0.0
2020-08-27 10:00:00,2600.964,100.0,8.491902445908286,0.0,699.4742081667259,0.0,0.0,Summer,144.498,0.0,0.0,0.0
2020-08-27 11:00:00,2517.12,100.0,0.5257918332740664,0.0,699.9674446269609,0.0,0.0,Summer,139.83999999999997,0.0,0.0,0.0
2020-08-27 12:00:00,2512.368,100.0,0.03255537303909659,0.0,699.9979842739149,0.0,0.0,Summer,139.576,0.0,0.0,0.0
2020-08-27 13:00:00,2625.876,100.0,0.0020157260851701724,0.0,699.9998751925942,0.0,0.0,Summer,145.882,0.0,0.0,0.0
2020-08-27 14:00:00,2646.234,100.0,0.00012480740575119854,0.0,699.9999922723188,0.0,0.0,Summer,147.013,0.0,0.0,0.0
2020-08-27 15:00:00,2615.472,100.0,7.727681193500757e-06,0.0,699.9999995215264,0.0,0.0,Summer,145.304,0.0,0.0,0.0
2020-08-27 16:00:00,2378.088,100.0,4.784736083820462e-07,0.0,699.9999999703743,0.0,0.0,Summer,132.116,0.0,0.0,0.0
2020-08-27 17:00:00,1270.638,100.0,2.9625603929162025e-08,0.0,699.9999999981657,0.0,0.0,Summer,70.591,0.0,0.0,0.0
2020-08-27 18:00:00,28.398600000000002,100.0,0.0,76.32734886032301,623.6726511378426,0.0,0.0,Summer,1.5776999999999999,10.903906980046145,0.0,0.0
2020-08-27 19:00:00,0.0,100.0,0.0,106.60035817780522,517.0722929600374,0.0,0.0,Summer,0.0,15.228622596829316,0.0,0.0
2020-08-27 20:00:00,0.0,100.0,0.0,106.60035817780522,410.47193478223227,0.0,0.0,Summer,0.0,15.228622596829316,0.0,0.0
2020-08-27 21:00:00,0.0,100.0,0.0,106.60035817780522,303.87157660442705,0.0,0.0,Summer,0.0,15.228622596829316,0.0,0.0
2020-08-27 22:00:00,0.0,100.0,0.0,106.60035817780522,197.27121842662186,0.0,0.0,Summer,0.0,15.228622596829316,0.0,0.0
2020-08-27 23:00:00,0.0,100.0,0.0,106.60035817780522,90.67086024881665,0.0,0.0,Summer,0.0,15.228622596829316,0.0,0.0
2020-08-28 00:00:00,0.0,100.0,0.0,90.67086024881665,0.0,14.943193626440532,0.0,Summer,0.0,12.952980035545236,37.35798406610133,0.0
2020-08-28 01:00:00,0.0,40.0,0.0,0.0,0.0,40.0,60.0,Summer,0.0,0.0,100.0,60.0
2020-08-28 02:00:00,0.0,40.0,0.0,0.0,0.0,40.0,60.0,Summer,0.0,0.0,100.0,60.0
2020-08-28 03:00:00,0.0,40.0,0.0,0.0,0.0,40.0,60.0,Summer,0.0,0.0,100.0,60.0
2020-08-28 04:00:00,0.0,40.0,0.0,0.0,0.0,40.0,60.0,Summer,0.0,0.0,100.0,60.0
2020-08-28 05:00:00,48.3354,88.33539999999999,0.0,0.0,0.0,40.0,11.6646,Summer,2.6853,0.0,100.0,11.6646
2020-08-28 06:00:00,1444.842,100.0,200.0,0.0,187.6166303929372,0.0,0.0,Summer,80.269,0.0,0.0,0.0
2020-08-28 07:00:00,2518.002,100.0,200.0,0.0,375.2332607858744,0.0,0.0,Summer,139.889,0.0,0.0,0.0
2020-08-28 08:00:00,2671.308,100.0,200.0,0.0,562.8498911788115,0.0,0.0,Summer,148.406,0.0,0.0,0.0
2020-08-28 09:00:00,2614.842,100.0,137.15010882118844,0.0,691.5080975540917,0.0,0.0,Summer,145.269,0.0,0.0,0.0
2020-08-28 10:00:00,2584.458,100.0,8.491902445908286,0.0,699.4742081667259,0.0,0.0,Summer,143.58100000000002,0.0,0.0,0.0
2020-08-28 11:00:00,2557.908,100.0,0.5257918332740664,0.0,699.9674446269609,0.0,0.0,Summer,142.106,0.0,0.0,0.0
2020-08-28 12:00:00,2517.084,100.0,0.03255537303909659,0.0,699.9979842739149,0.0,0.0,Summer,139.838,0.0,0.0,0.0
2020-08-28 13:00:00,2575.998,100.0,0.0020157260851701724,0.0,699.9998751925942,0.0,0.0,Summer,143.11100000000002,0.0,0.0,0.0
2020-08-28 14:00:00,2607.84,100.0,0.00012480740575119854,0.0,699.9999922723188,0.0,0.0,Summer,144.88,0.0,0.0,0.0
2020-08-28 15:00:00,2569.518,100.0,7.727681193500757e-06,0.0,699.9999995215264,0.0,0.0,Summer,142.751,0.0,0.0,0.0
2020-08-28 16:00:00,2334.942,100.0,4.784736083820462e-07,0.0,699.9999999703743,0.0,0.0,Summer,129.719,0.0,0.0,0.0
2020-08-28 17:00:00,1139.328,100.0,2.9625603929162025e-08,0.0,699.9999999981657,0.0,0.0,Summer,63.296,0.0,0.0,0.0
2020-08-28 18:00:00,25.6194,100.0,0.0,79.28998601480059,620.710013983365,0.0,0.0,Summer,1.4233,11.327140859257227,0.0,0.0
2020-08-28 19:00:00,0.0,100.0,0.0,106.60035817780522,514.1096558055598,0.0,0.0,Summer,0.0,15.228622596829316,0.0,0.0
2020-08-28 20:00:00,0.0,100.0,0.0,106.60035817780522,407.5092976277546,0.0,0.0,Summer,0.0,15.228622596829316,0.0,0.0
2020-08-28 21:00:00,0.0,100.0,0.0,106.60035817780522,300.9089394499494,0.0,0.0,Summer,0.0,15.228622596829316,0.0,0.0
2020-08-28 22:00:00,0.0,100.0,0.0,106.60035817780522,194.3085812721442,0.0,0.0,Summer,0.0,15.228622596829316,0.0,0.0
2020-08-28 23:00:00,0.0,100.0,0.0,106.60035817780522,87.708223094339,0.0,0.0,Summer,0.0,15.228622596829316,0.0,0.0
2020-08-29 00:00:00,0.0,100.0,0.0,87.708223094339,0.0,17.722393626440606,0.0,Summer,0.0,12.529746156334143,44.305984066101516,0.0
2020-08-29 01:00:00,0.0,40.0,0.0,0.0,0.0,40.0,60.0,Summer,0.0,0.0,100.0,60.0
2020-08-29 02:00:00,0.0,40.0,0.0,0.0,0.0,40.0,60.0,Summer,0.0,0.0,100.0,60.0
2020-08-29 03:00:00,0.0,40.0,0.0,0.0,0.0,40.0,60.0,Summer,0.0,0.0,100.0,60.0
2020-08-29 04:00:00,0.0,40.0,0.0,0.0,0.0,40.0,60.0,Summer,0.0,0.0,100.0,60.0
2020-08-29 05:00:00,32.2722,72.2722,0.0,0.0,0.0,40.0,27.727800000000002,Summer,1.7929,0.0,100.0,27.727800000000002
2020-08-29 06:00:00,1317.708,100.0,200.0,0.0,187.6166303929372,0.0,0.0,Summer,73.206,0.0,0.0,0.0
2020-08-29 07:00:00,2421.792,100.0,200.0,0.0,375.2332607858744,0.0,0.0,Summer,134.54399999999998,0.0,0.0,0.0
2020-08-29 08:00:00,2652.228,100.0,200.0,0.0,562.8498911788115,0.0,0.0,Summer,147.346,0.0,0.0,0.0
2020-08-29 09:00:00,2614.41,100.0,137.15010882118844,0.0,691.5080975540917,0.0,0.0,Summer,145.245,0.0,0.0,0.0
2020-08-29 10:00:00,2493.468,100.0,8.491902445908286,0.0,699.4742081667259,0.0,0.0,Summer,138.52599999999998,0.0,0.0,0.0
2020-08-29 11:00:00,2513.61,100.0,0.5257918332740664,0.0,699.9674446269609,0.0,0.0,Summer,139.645,0.0,0.0,0.0
2020-08-29 12:00:00,2446.524,100.0,0.03255537303909659,0.0,699.9979842739149,0.0,0.0,Summer,135.91799999999998,0.0,0.0,0.0
2020-08-29 13:00:00,1908.036,100.0,0.0020157260851701724,0.0,699.9998751925942,0.0,0.0,Summer,106.002,0.0,0.0,0.0
2020-08-29 14:00:00,839.592,100.0,0.00012480740575119854,0.0,699.9999922723188,0.0,0.0,Summer,46.644,0.0,0.0,0.0
2020-08-29 15:00:00,257.184,100.0,7.727681193500757e-06,0.0,699.9999995215264,0.0,0.0,Summer,14.288,0.0,0.0,0.0
2020-08-29 16:00:00,149.6052,100.0,4.784736083820462e-07,0.0,699.9999999703743,0.0,0.0,Summer,8.311399999999999,0.0,0.0,0.0
2020-08-29 17:00:00,53.2818,100.0,0.0,49.8017685342234,650.198231436151,0.0,0.0,Summer,2.9600999999999997,7.114538362031913,0.0,0.0
2020-08-29 18:00:00,0.0,100.0,0.0,106.60035817780522,543.5978732583458,0.0,0.0,Summer,0.0,15.228622596829316,0.0,0.0
2020-08-29 19:00:00,0.0,100.0,0.0,106.60035817780522,436.99751508054055,0.0,0.0,Summer,0.0,15.228622596829316,0.0,0.0
2020-08-29 20:00:00,0.0,100.0,0.0,106.60035817780522,330.39715690273533,0.0,0.0,Summer,0.0,15.228622596829316,0.0,0.0
2020-08-29 21:00:00,0.0,100.0,0.0,106.60035817780522,223.79679872493014,0.0,0.0,Summer,0.0,15.228622596829316,0.0,0.0
2020-08-29 22:00:00,0.0,100.0,0.0,106.60035817780522,117.19644054712494,0.0,0.0,Summer,0.0,15.228622596829316,0.0,0.0
2020-08-29 23:00:00,0.0,100.0,0.0,106.60035817780522,10.596082369319717,0.0,0.0,Summer,0.0,15.228622596829316,0.0,0.0
2020-08-30 00:00:00,0.0,49.940006347488875,0.0,10.596082369319717,0.0,40.0,50.059993652511125,Summer,0.0,1.5137260527599596,100.0,50.059993652511125
2020-08-30 01:00:00,0.0,40.0,0.0,0.0,0.0,40.0,60.0,Summer,0.0,0.0,100.0,60.0
2020-08-30 02:00:00,0.0,40.0,0.0,0.0,0.0,40.0,60.0,Summer,0.0,0.0,100.0,60.0
2020-08-30 03:00:00,0.0,40.0,0.0,0.0,0.0,40.0,60.0,Summer,0.0,0.0,100.0,60.0
2020-08-30 04:00:00,0.0,40.0,0.0,0.0,0.0,40.0,60.0,Summer,0.0,0.0,100.0,60.0
2020-08-30 05:00:00,29.2986,69.2986,0.0,0.0,0.0,40.0,30.701400000000007,Summer,1.6277,0.0,100.0,30.701400000000007
2020-08-30 06:00:00,1176.894,100.0,200.0,0.0,187.6166303929372,0.0,0.0,Summer,65.383,0.0,0.0,0.0
2020-08-30 07:00:00,2199.762,100.0,200.0,0.0,375.2332607858744,0.0,0.0,Summer,122.20900000000002,0.0,0.0,0.0
2020-08-30 08:00:00,2587.626,100.0,200.0,0.0,562.8498911788115,0.0,0.0,Summer,143.757,0.0,0.0,0.0
2020-08-30 09:00:00,2562.336,100.0,137.15010882118844,0.0,691.5080975540917,0.0,0.0,Summer,142.35199999999998,0.0,0.0,0.0
2020-08-30 10:00:00,2465.784,100.0,8.491902445908286,0.0,699.4742081667259,0.0,0.0,Summer,136.988,0.0,0.0,0.0
2020-08-30 11:00:00,2447.892,100.0,0.5257918332740664,0.0,699.9674446269609,0.0,0.0,Summer,135.994,0.0,0.0,0.0
2020-08-30 12:00:00,2453.328,100.0,0.03255537303909659,0.0,699.9979842739149,0.0,0.0,Summer,136.296,0.0,0.0,0.0
2020-08-30 13:00:00,2500.146,100.0,0.0020157260851701724,0.0,699.9998751925942,0.0,0.0,Summer,138.897,0.0,0.0,0.0
2020-08-30 14:00:00,2509.11,100.0,0.00012480740575119854,0.0,699.9999922723188,0.0,0.0,Summer,139.395,0.0,0.0,0.0
2020-08-30 15:00:00,2400.858,100.0,7.727681193500757e-06,0.0,699.9999995215264,0.0,0.0,Summer,133.38100000000003,0.0,0.0,0.0
2020-08-30 16:00:00,1421.1,100.0,4.784736083820462e-07,0.0,699.9999999703743,0.0,0.0,Summer,78.95,0.0,0.0,0.0
2020-08-30 17:00:00,46.3104,100.0,0.0,57.2333059042309,642.7666940661435,0.0,0.0,Summer,2.5728,8.176186557747272,0.0,0.0
2020-08-30 18:00:00,0.0,100.0,0.0,106.60035817780522,536.1663358883383,0.0,0.0,Summer,0.0,15.228622596829316,0.0,0.0
2020-08-30 19:00:00,0.0,100.0,0.0,106.60035817780522,429.56597771053305,0.0,0.0,Summer,0.0,15.228622596829316,0.0,0.0
2020-08-30 20:00:00,0.0,100.0,0.0,106.60035817780522,322.9656195327279,0.0,0.0,Summer,0.0,15.228622596829316,0.0,0.0
2020-08-30 21:00:00,0.0,100.0,0.0,106.60035817780522,216.36526135492267,0.0,0.0,Summer,0.0,15.228622596829316,0.0,0.0
2020-08-30 22:00:00,0.0,100.0,0.0,106.60035817780522,109.76490317711745,0.0,0.0,Summer,0.0,15.228622596829316,0.0,0.0
2020-08-30 23:00:00,0.0,100.0,0.0,106.60035817780522,3.164544999312231,0.0,0.0,Summer,0.0,15.228622596829316,0.0,0.0
2020-08-31 00:00:00,0.0,42.9686063474889,0.0,3.164544999312231,0.0,40.0,57.0313936525111,Summer,0.0,0.4520778570446044,100.0,57.0313936525111
2020-08-31 01:00:00,0.0,40.0,0.0,0.0,0.0,40.0,60.0,Summer,0.0,0.0,100.0,60.0
2020-08-31 02:00:00,0.0,40.0,0.0,0.0,0.0,40.0,60.0,Summer,0.0,0.0,100.0,60.0
2020-08-31 03:00:00,0.0,40.0,0.0,0.0,0.0,40.0,60.0,Summer,0.0,0.0,100.0,60.0
2020-08-31 04:00:00,0.0,40.0,0.0,0.0,0.0,40.0,60.0,Summer,0.0,0.0,100.0,60.0
2020-08-31 05:00:00,40.14,80.14,0.0,0.0,0.0,40.0,19.86,Summer,2.23,0.0,100.0,19.86
2020-08-31 06:00:00,955.53,100.0,200.0,0.0,187.6166303929372,0.0,0.0,Summer,53.084999999999994,0.0,0.0,0.0
2020-08-31 07:00:00,2075.094,100.0,200.0,0.0,375.2332607858744,0.0,0.0,Summer,115.283,0.0,0.0,0.0
2020-08-31 08:00:00,2579.922,100.0,200.0,0.0,562.8498911788115,0.0,0.0,Summer,143.329,0.0,0.0,0.0
2020-08-31 09:00:00,2585.61,100.0,137.15010882118844,0.0,691.5080975540917,0.0,0.0,Summer,143.645,0.0,0.0,0.0
2020-08-31 10:00:00,2532.654,100.0,8.491902445908286,0.0,699.4742081667259,0.0,0.0,Summer,140.703,0.0,0.0,0.0
2020-08-31 11:00:00,1931.814,100.0,0.5257918332740664,0.0,699.9674446269609,0.0,0.0,Summer,107.32300000000001,0.0,0.0,0.0
2020-08-31 12:00:00,935.46,100.0,0.03255537303909659,0.0,699.9979842739149,0.0,0.0,Summer,51.970000000000006,0.0,0.0,0.0
2020-08-31 13:00:00,1520.118,100.0,0.0020157260851701724,0.0,699.9998751925942,0.0,0.0,Summer,84.451,0.0,0.0,0.0
2020-08-31 14:00:00,1004.22,100.0,0.00012480740575119854,0.0,699.9999922723188,0.0,0.0,Summer,55.790000000000006,0.0,0.0,0.0
2020-08-31 15:00:00,821.52,100.0,7.727681193500757e-06,0.0,699.9999995215264,0.0,0.0,Summer,45.64,0.0,0.0,0.0
2020-08-31 16:00:00,628.11,100.0,4.784736083820462e-07,0.0,699.9999999703743,0.0,0.0,Summer,34.894999999999996,0.0,0.0,0.0
2020-08-31 17:00:00,458.64,100.0,2.9625603929162025e-08,0.0,699.9999999981657,0.0,0.0,Summer,25.479999999999997,0.0,0.0,0.0
2020-08-31 18:00:00,0.0,100.0,0.0,106.60035817780522,593.3996418203604,0.0,0.0,Summer,0.0,15.228622596829316,0.0,0.0
2020-08-31 19:00:00,0.0,100.0,0.0,106.60035817780522,486.7992836425552,0.0,0.0,Summer,0.0,15.228622596829316,0.0,0.0
2020-08-31 20:00:00,0.0,100.0,0.0,106.60035817780522,380.19892546475006,0.0,0.0,Summer,0.0,15.228622596829316,0.0,0.0
2020-08-31 21:00:00,0.0,100.0,0.0,106.60035817780522,273.59856728694484,0.0,0.0,Summer,0.0,15.228622596829316,0.0,0.0
2020-08-31 22:00:00,0.0,100.0,0.0,106.60035817780522,166.99820910913962,0.0,0.0,Summer,0.0,15.228622596829316,0.0,0.0
2020-08-31 23:00:00,0.0,100.0,0.0,106.60035817780522,60.39785093133441,0.0,0.0,Summer,0.0,15.228622596829316,0.0,0.0
2020-09-01 00:00:00,0.0,96.65820637355942,0.0,60.39785093133441,0.0,40.0,3.3417936264405768,Fall,0.0,8.62826441876206,100.0,3.341793626440577
2020-09-01 01:00:00,0.0,40.0,0.0,0.0,0.0,40.0,60.0,Fall,0.0,0.0,100.0,60.0
2020-09-01 02:00:00,0.0,40.0,0.0,0.0,0.0,40.0,60.0,Fall,0.0,0.0,100.0,60.0
2020-09-01 03:00:00,0.0,40.0,0.0,0.0,0.0,40.0,60.0,Fall,0.0,0.0,100.0,60.0
2020-09-01 04:00:00,0.0,40.0,0.0,0.0,0.0,40.0,60.0,Fall,0.0,0.0,100.0,60.0
2020-09-01 05:00:00,0.0,40.0,0.0,0.0,0.0,40.0,60.0,Fall,0.0,0.0,100.0,60.0
2020-09-01 06:00:00,226.764,100.0,126.76400000000001,0.0,118.91517267565146,0.0,0.0,Fall,12.598,0.0,0.0,0.0
2020-09-01 07:00:00,1788.678,100.0,200.0,0.0,306.53180306858866,0.0,0.0,Fall,99.37100000000001,0.0,0.0,0.0
2020-09-01 08:00:00,2259.414,100.0,200.0,0.0,494.1484334615258,0.0,0.0,Fall,125.52300000000001,0.0,0.0,0.0
2020-09-01 09:00:00,2393.82,100.0,200.0,0.0,681.765063854463,0.0,0.0,Fall,132.99,0.0,0.0,0.0
2020-09-01 10:00:00,2516.796,100.0,18.234936145536953,0.0,698.8709502297431,0.0,0.0,Fall,139.82199999999997,0.0,0.0,0.0
2020-09-01 11:00:00,2364.246,100.0,1.1290497702568536,0.0,699.9300927969507,0.0,0.0,Fall,131.347,0.0,0.0,0.0
2020-09-01 12:00:00,2298.312,100.0,0.06990720304928254,0.0,699.9956715663322,0.0,0.0,Fall,127.684,0.0,0.0,0.0
2020-09-01 13:00:00,2407.914,100.0,0.0043284336677752435,0.0,699.9997319970303,0.0,0.0,Fall,133.773,0.0,0.0,0.0
2020-09-01 14:00:00,2219.67,100.0,0.00026800296967849135,0.0,699.9999834061009,0.0,0.0,Fall,123.315,0.0,0.0,0.0
2020-09-01 15:00:00,1329.372,100.0,1.6593899112194777e-05,0.0,699.999998972558,0.0,0.0,Fall,73.85400000000001,0.0,0.0,0.0
2020-09-01 16:00:00,188.064,100.0,1.0274419328197836e-06,0.0,699.999999936384,0.0,0.0,Fall,10.447999999999999,0.0,0.0,0.0
2020-09-01 17:00:00,499.14,100.0,6.361596751958132e-08,0.0,699.9999999960611,0.0,0.0,Fall,27.73,0.0,0.0,0.0
2020-09-01 18:00:00,0.0,100.0,0.0,106.60035817780522,593.3996418182559,0.0,0.0,Fall,0.0,15.228622596829316,0.0,0.0
2020-09-01 19:00:00,0.0,100.0,0.0,106.60035817780522,486.79928364045065,0.0,0.0,Fall,0.0,15.228622596829316,0.0,0.0
2020-09-01 20:00:00,0.0,100.0,0.0,106.60035817780522,380.1989254626455,0.0,0.0,Fall,0.0,15.228622596829316,0.0,0.0
2020-09-01 21:00:00,0.0,100.0,0.0,106.60035817780522,273.59856728484027,0.0,0.0,Fall,0.0,15.228622596829316,0.0,0.0
2020-09-01 22:00:00,0.0,100.0,0.0,106.60035817780522,166.99820910703508,0.0,0.0,Fall,0.0,15.228622596829316,0.0,0.0
2020-09-01 23:00:00,0.0,100.0,0.0,106.60035817780522,60.397850929229854,0.0,0.0,Fall,0.0,15.228622596829316,0.0,0.0
2020-09-02 00:00:00,0.0,96.65820637158518,0.0,60.397850929229854,0.0,40.0,3.3417936284148198,Fall,0.0,8.628264418461407,100.0,3.34179362841482
2020-09-02 01:00:00,0.0,40.0,0.0,0.0,0.0,40.0,60.0,Fall,0.0,0.0,100.0,60.0
2020-09-02 02:00:00,0.0,40.0,0.0,0.0,0.0,40.0,60.0,Fall,0.0,0.0,100.0,60.0
2020-09-02 03:00:00,0.0,40.0,0.0,0.0,0.0,40.0,60.0,Fall,0.0,0.0,100.0,60.0
2020-09-02 04:00:00,0.0,40.0,0.0,0.0,0.0,40.0,60.0,Fall,0.0,0.0,100.0,60.0
2020-09-02 05:00:00,0.0,40.0,0.0,0.0,0.0,40.0,60.0,Fall,0.0,0.0,100.0,60.0
2020-09-02 06:00:00,433.08,100.0,200.0,0.0,187.6166303929372,0.0,0.0,Fall,24.06,0.0,0.0,0.0
2020-09-02 07:00:00,1684.224,100.0,200.0,0.0,375.2332607858744,0.0,0.0,Fall,93.568,0.0,0.0,0.0
2020-09-02 08:00:00,2148.75,100.0,200.0,0.0,562.8498911788115,0.0,0.0,Fall,119.37500000000001,0.0,0.0,0.0
2020-09-02 09:00:00,1456.164,100.0,137.15010882118844,0.0,691.5080975540917,0.0,0.0,Fall,80.898,0.0,0.0,0.0
2020-09-02 10:00:00,1358.838,100.0,8.491902445908286,0.0,699.4742081667259,0.0,0.0,Fall,75.491,0.0,0.0,0.0
2020-09-02 11:00:00,1033.632,100.0,0.5257918332740664,0.0,699.9674446269609,0.0,0.0,Fall,57.42400000000001,0.0,0.0,0.0
2020-09-02 12:00:00,911.358,100.0,0.03255537303909659,0.0,699.9979842739149,0.0,0.0,Fall,50.63099999999999,0.0,0.0,0.0
2020-09-02 13:00:00,1412.01,100.0,0.0020157260851701724,0.0,699.9998751925942,0.0,0.0,Fall,78.445,0.0,0.0,0.0
2020-09-02 14:00:00,2350.512,100.0,0.00012480740575119854,0.0,699.9999922723188,0.0,0.0,Fall,130.584,0.0,0.0,0.0
2020-09-02 15:00:00,2465.73,100.0,7.727681193500757e-06,0.0,699.9999995215264,0.0,0.0,Fall,136.985,0.0,0.0,0.0
2020-09-02 16:00:00,1655.532,100.0,4.784736083820462e-07,0.0,699.9999999703743,0.0,0.0,Fall,91.974,0.0,0.0,0.0
2020-09-02 17:00:00,230.778,100.0,2.9625603929162025e-08,0.0,699.9999999981657,0.0,0.0,Fall,12.821,0.0,0.0,0.0
2020-09-02 18:00:00,0.0,100.0,0.0,106.60035817780522,593.3996418203604,0.0,0.0,Fall,0.0,15.228622596829316,0.0,0.0
2020-09-02 19:00:00,0.0,100.0,0.0,106.60035817780522,486.7992836425552,0.0,0.0,Fall,0.0,15.228622596829316,0.0,0.0
2020-09-02 20:00:00,0.0,100.0,0.0,106.60035817780522,380.19892546475006,0.0,0.0,Fall,0.0,15.228622596829316,0.0,0.0
2020-09-02 21:00:00,0.0,100.0,0.0,106.60035817780522,273.59856728694484,0.0,0.0,Fall,0.0,15.228622596829316,0.0,0.0
2020-09-02 22:00:00,0.0,100.0,0.0,106.60035817780522,166.99820910913962,0.0,0.0,Fall,0.0,15.228622596829316,0.0,0.0
2020-09-02 23:00:00,0.0,100.0,0.0,106.60035817780522,60.39785093133441,0.0,0.0,Fall,0.0,15.228622596829316,0.0,0.0
2020-09-03 00:00:00,0.0,96.65820637355942,0.0,60.39785093133441,0.0,40.0,3.3417936264405768,Fall,0.0,8.62826441876206,100.0,3.341793626440577
2020-09-03 01:00:00,0.0,40.0,0.0,0.0,0.0,40.0,60.0,Fall,0.0,0.0,100.0,60.0
2020-09-03 02:00:00,0.0,40.0,0.0,0.0,0.0,40.0,60.0,Fall,0.0,0.0,100.0,60.0
2020-09-03 03:00:00,0.0,40.0,0.0,0.0,0.0,40.0,60.0,Fall,0.0,0.0,100.0,60.0
2020-09-03 04:00:00,0.0,40.0,0.0,0.0,0.0,40.0,60.0,Fall,0.0,0.0,100.0,60.0
2020-09-03 05:00:00,29.1366,69.1366,0.0,0.0,0.0,40.0,30.8634,Fall,1.6187,0.0,100.0,30.863399999999995
2020-09-03 06:00:00,985.986,100.0,200.0,0.0,187.6166303929372,0.0,0.0,Fall,54.777,0.0,0.0,0.0
2020-09-03 07:00:00,2286.774,100.0,200.0,0.0,375.2332607858744,0.0,0.0,Fall,127.04299999999999,0.0,0.0,0.0
2020-09-03 08:00:00,2582.892,100.0,200.0,0.0,562.8498911788115,0.0,0.0,Fall,143.494,0.0,0.0,0.0
2020-09-03 09:00:00,2579.13,100.0,137.15010882118844,0.0,691.5080975540917,0.0,0.0,Fall,143.285,0.0,0.0,0.0
2020-09-03 10:00:00,2532.924,100.0,8.491902445908286,0.0,699.4742081667259,0.0,0.0,Fall,140.71800000000002,0.0,0.0,0.0
2020-09-03 11:00:00,2486.934,100.0,0.5257918332740664,0.0,699.9674446269609,0.0,0.0,Fall,138.163,0.0,0.0,0.0
2020-09-03 12:00:00,2433.654,100.0,0.03255537303909659,0.0,699.9979842739149,0.0,0.0,Fall,135.203,0.0,0.0,0.0
2020-09-03 13:00:00,2459.718,100.0,0.0020157260851701724,0.0,699.9998751925942,0.0,0.0,Fall,136.65099999999998,0.0,0.0,0.0
2020-09-03 14:00:00,2505.186,100.0,0.00012480740575119854,0.0,699.9999922723188,0.0,0.0,Fall,139.17700000000002,0.0,0.0,0.0
2020-09-03 15:00:00,2448.756,100.0,7.727681193500757e-06,0.0,699.9999995215264,0.0,0.0,Fall,136.042,0.0,0.0,0.0
2020-09-03 16:00:00,1911.798,100.0,4.784736083820462e-07,0.0,699.9999999703743,0.0,0.0,Fall,106.21100000000001,0.0,0.0,0.0
2020-09-03 17:00:00,648.486,100.0,2.9625603929162025e-08,0.0,699.9999999981657,0.0,0.0,Fall,36.027,0.0,0.0,0.0
2020-09-03 18:00:00,0.0,100.0,0.0,106.60035817780522,593.3996418203604,0.0,0.0,Fall,0.0,15.228622596829316,0.0,0.0
2020-09-03 19:00:00,0.0,100.0,0.0,106.60035817780522,486.7992836425552,0.0,0.0,Fall,0.0,15.228622596829316,0.0,0.0
2020-09-03 20:00:00,0.0,100.0,0.0,106.60035817780522,380.19892546475006,0.0,0.0,Fall,0.0,15.228622596829316,0.0,0.0
2020-09-03 21:00:00,0.0,100.0,0.0,106.60035817780522,273.59856728694484,0.0,0.0,Fall,0.0,15.228622596829316,0.0,0.0
2020-09-03 22:00:00,0.0,100.0,0.0,106.60035817780522,166.99820910913962,0.0,0.0,Fall,0.0,15.228622596829316,0.0,0.0
2020-09-03 23:00:00,0.0,100.0,0.0,106.60035817780522,60.39785093133441,0.0,0.0,Fall,0.0,15.228622596829316,0.0,0.0
2020-09-04 00:00:00,0.0,96.65820637355942,0.0,60.39785093133441,0.0,40.0,3.3417936264405768,Fall,0.0,8.62826441876206,100.0,3.341793626440577
2020-09-04 01:00:00,0.0,40.0,0.0,0.0,0.0,40.0,60.0,Fall,0.0,0.0,100.0,60.0
2020-09-04 02:00:00,0.0,40.0,0.0,0.0,0.0,40.0,60.0,Fall,0.0,0.0,100.0,60.0
2020-09-04 03:00:00,0.0,40.0,0.0,0.0,0.0,40.0,60.0,Fall,0.0,0.0,100.0,60.0
2020-09-04 04:00:00,0.0,40.0,0.0,0.0,0.0,40.0,60.0,Fall,0.0,0.0,100.0,60.0
2020-09-04 05:00:00,0.0,40.0,0.0,0.0,0.0,40.0,60.0,Fall,0.0,0.0,100.0,60.0
2020-09-04 06:00:00,99.315,100.0,0.0,0.0,0.0,0.6850000000000023,0.0,Fall,5.5175,0.0,1.7125000000000057,0.0
2020-09-04 07:00:00,136.38780000000003,100.0,36.38780000000003,0.0,34.134782117060624,0.0,0.0,Fall,7.5771000000000015,0.0,0.0,0.0
2020-09-04 08:00:00,302.508,100.0,200.0,0.0,221.7514125099978,0.0,0.0,Fall,16.805999999999997,0.0,0.0,0.0
2020-09-04 09:00:00,667.8,100.0,200.0,0.0,409.36804290293503,0.0,0.0,Fall,37.1,0.0,0.0,0.0
2020-09-04 10:00:00,623.322,100.0,200.0,0.0,596.9846732958722,0.0,0.0,Fall,34.629,0.0,0.0,0.0
2020-09-04 11:00:00,824.616,100.0,103.01532670412783,0.0,693.6216156711522,0.0,0.0,Fall,45.812,0.0,0.0,0.0
2020-09-04 12:00:00,1247.976,100.0,6.378384328847751,0.0,699.6050705467999,0.0,0.0,Fall,69.33200000000001,0.0,0.0,0.0
2020-09-04 13:00:00,1582.776,100.0,0.39492945320007855,0.0,699.9755472130616,0.0,0.0,Fall,87.932,0.0,0.0,0.0
2020-09-04 14:00:00,2187.054,100.0,0.024452786938403734,0.0,699.9984859605071,0.0,0.0,Fall,121.503,0.0,0.0,0.0
2020-09-04 15:00:00,2127.798,100.0,0.0015140394929330796,0.0,699.9999062554468,0.0,0.0,Fall,118.21099999999998,0.0,0.0,0.0
2020-09-04 16:00:00,618.642,100.0,9.374455315992236e-05,0.0,699.9999941956328,0.0,0.0,Fall,34.36900000000001,0.0,0.0,0.0
2020-09-04 17:00:00,373.878,100.0,5.80436724703759e-06,0.0,699.9999996406119,0.0,0.0,Fall,20.771,0.0,0.0,0.0
2020-09-04 18:00:00,0.0,100.0,0.0,106.60035817780522,593.3996414628067,0.0,0.0,Fall,0.0,15.228622596829316,0.0,0.0
2020-09-04 19:00:00,0.0,100.0,0.0,106.60035817780522,486.79928328500154,0.0,0.0,Fall,0.0,15.228622596829316,0.0,0.0
2020-09-04 20:00:00,0.0,100.0,0.0,106.60035817780522,380.1989251071963,0.0,0.0,Fall,0.0,15.228622596829316,0.0,0.0
2020-09-04 21:00:00,0.0,100.0,0.0,106.60035817780522,273.5985669293911,0.0,0.0,Fall,0.0,15.228622596829316,0.0,0.0
2020-09-04 22:00:00,0.0,100.0,0.0,106.60035817780522,166.9982087515859,0.0,0.0,Fall,0.0,15.228622596829316,0.0,0.0
2020-09-04 23:00:00,0.0,100.0,0.0,106.60035817780522,60.3978505737807,0.0,0.0,Fall,0.0,15.228622596829316,0.0,0.0
2020-09-05 00:00:00,0.0,96.65820603814431,0.0,60.3978505737807,0.0,40.0,3.341793961855686,Fall,0.0,8.628264367682958,100.0,3.341793961855686
2020-09-05 01:00:00,0.0,40.0,0.0,0.0,0.0,40.0,60.0,Fall,0.0,0.0,100.0,60.0
2020-09-05 02:00:00,0.0,40.0,0.0,0.0,0.0,40.0,60.0,Fall,0.0,0.0,100.0,60.0
2020-09-05 03:00:00,0.0,40.0,0.0,0.0,0.0,40.0,60.0,Fall,0.0,0.0,100.0,60.0
2020-09-05 04:00:00,0.0,40.0,0.0,0.0,0.0,40.0,60.0,Fall,0.0,0.0,100.0,60.0
2020-09-05 05:00:00,0.0,40.0,0.0,0.0,0.0,40.0,60.0,Fall,0.0,0.0,100.0,60.0
2020-09-05 06:00:00,422.442,100.0,200.0,0.0,187.6166303929372,0.0,0.0,Fall,23.469,0.0,0.0,0.0
2020-09-05 07:00:00,1428.714,100.0,200.0,0.0,375.2332607858744,0.0,0.0,Fall,79.37299999999999,0.0,0.0,0.0
2020-09-05 08:00:00,959.562,100.0,200.0,0.0,562.8498911788115,0.0,0.0,Fall,53.309,0.0,0.0,0.0
2020-09-05 09:00:00,1748.934,100.0,137.15010882118844,0.0,691.5080975540917,0.0,0.0,Fall,97.163,0.0,0.0,0.0
2020-09-05 10:00:00,2137.338,100.0,8.491902445908286,0.0,699.4742081667259,0.0,0.0,Fall,118.74100000000001,0.0,0.0,0.0
2020-09-05 11:00:00,1813.734,100.0,0.5257918332740664,0.0,699.9674446269609,0.0,0.0,Fall,100.763,0.0,0.0,0.0
2020-09-05 12:00:00,2118.582,100.0,0.03255537303909659,0.0,699.9979842739149,0.0,0.0,Fall,117.699,0.0,0.0,0.0
2020-09-05 13:00:00,1962.234,100.0,0.0020157260851701724,0.0,699.9998751925942,0.0,0.0,Fall,109.013,0.0,0.0,0.0
2020-09-05 14:00:00,1729.224,100.0,0.00012480740575119854,0.0,699.9999922723188,0.0,0.0,Fall,96.068,0.0,0.0,0.0
2020-09-05 15:00:00,1101.24,100.0,7.727681193500757e-06,0.0,699.9999995215264,0.0,0.0,Fall,61.18,0.0,0.0,0.0
2020-09-05 16:00:00,115.767,100.0,4.784736083820462e-07,0.0,699.9999999703743,0.0,0.0,Fall,6.4315,0.0,0.0,0.0
2020-09-05 17:00:00,36.28979999999999,100.0,0.0,67.91530139579606,632.0846985745784,0.0,0.0,Fall,2.0160999999999993,9.702185913685152,0.0,0.0
2020-09-05 18:00:00,0.0,100.0,0.0,106.60035817780522,525.4843403967732,0.0,0.0,Fall,0.0,15.228622596829316,0.0,0.0
2020-09-05 19:00:00,0.0,100.0,0.0,106.60035817780522,418.88398221896796,0.0,0.0,Fall,0.0,15.228622596829316,0.0,0.0
2020-09-05 20:00:00,0.0,100.0,0.0,106.60035817780522,312.2836240411628,0.0,0.0,Fall,0.0,15.228622596829316,0.0,0.0
2020-09-05 21:00:00,0.0,100.0,0.0,106.60035817780522,205.68326586335758,0.0,0.0,Fall,0.0,15.228622596829316,0.0,0.0
2020-09-05 22:00:00,0.0,100.0,0.0,106.60035817780522,99.08290768555236,0.0,0.0,Fall,0.0,15.228622596829316,0.0,0.0
2020-09-05 23:00:00,0.0,100.0,0.0,99.08290768555236,0.0,7.051993652511044,0.0,Fall,0.0,14.154701097936051,17.62998413127761,0.0
2020-09-06 00:00:00,0.0,40.0,0.0,0.0,0.0,40.0,60.0,Fall,0.0,0.0,100.0,60.0
2020-09-06 01:00:00,0.0,40.0,0.0,0.0,0.0,40.0,60.0,Fall,0.0,0.0,100.0,60.0
2020-09-06 02:00:00,0.0,40.0,0.0,0.0,0.0,40.0,60.0,Fall,0.0,0.0,100.0,60.0
2020-09-06 03:00:00,0.0,40.0,0.0,0.0,0.0,40.0,60.0,Fall,0.0,0.0,100.0,60.0
2020-09-06 04:00:00,0.0,40.0,0.0,0.0,0.0,40.0,60.0,Fall,0.0,0.0,100.0,60.0
2020-09-06 05:00:00,0.0,40.0,0.0,0.0,0.0,40.0,60.0,Fall,0.0,0.0,100.0,60.0
2020-09-06 06:00:00,59.5098,99.5098,0.0,0.0,0.0,40.0,0.4902000000000015,Fall,3.3061,0.0,100.0,0.49020000000000147
2020-09-06 07:00:00,189.774,100.0,89.774,0.0,84.21547688447772,0.0,0.0,Fall,10.543,0.0,0.0,0.0
2020-09-06 08:00:00,321.948,100.0,200.0,0.0,271.83210727741493,0.0,0.0,Fall,17.886,0.0,0.0,0.0
2020-09-06 09:00:00,497.844,100.0,200.0,0.0,459.4487376703521,0.0,0.0,Fall,27.657999999999998,0.0,0.0,0.0
2020-09-06 10:00:00,629.532,100.0,200.0,0.0,647.0653680632893,0.0,0.0,Fall,34.974,0.0,0.0,0.0
2020-09-06 11:00:00,1470.33,100.0,52.93463193671068,0.0,696.7224544385693,0.0,0.0,Fall,81.685,0.0,0.0,0.0
2020-09-06 12:00:00,2441.124,100.0,3.2775455614306264,0.0,699.7970647095441,0.0,0.0,Fall,135.618,0.0,0.0,0.0
2020-09-06 13:00:00,2474.37,100.0,0.20293529045593459,0.0,699.9874348864598,0.0,0.0,Fall,137.465,0.0,0.0,0.0
2020-09-06 14:00:00,2430.36,100.0,0.012565113540156745,0.0,699.9992220077744,0.0,0.0,Fall,135.02,0.0,0.0,0.0
2020-09-06 15:00:00,2472.444,100.0,0.0007779922256013379,0.0,699.9999518291736,0.0,0.0,Fall,137.358,0.0,0.0,0.0
2020-09-06 16:00:00,2080.476,100.0,4.817082639783621e-05,0.0,699.9999970174143,0.0,0.0,Fall,115.58200000000001,0.0,0.0,0.0
2020-09-06 17:00:00,561.078,100.0,2.9825856909155846e-06,0.0,699.9999998153277,0.0,0.0,Fall,31.171,0.0,0.0,0.0
2020-09-06 18:00:00,0.0,100.0,0.0,106.60035817780522,593.3996416375224,0.0,0.0,Fall,0.0,15.228622596829316,0.0,0.0
2020-09-06 19:00:00,0.0,100.0,0.0,106.60035817780522,486.7992834597173,0.0,0.0,Fall,0.0,15.228622596829316,0.0,0.0
2020-09-06 20:00:00,0.0,100.0,0.0,106.60035817780522,380.19892528191207,0.0,0.0,Fall,0.0,15.228622596829316,0.0,0.0
2020-09-06 21:00:00,0.0,100.0,0.0,106.60035817780522,273.5985671041069,0.0,0.0,Fall,0.0,15.228622596829316,0.0,0.0
2020-09-06 22:00:00,0.0,100.0,0.0,106.60035817780522,166.9982089263017,0.0,0.0,Fall,0.0,15.228622596829316,0.0,0.0
2020-09-06 23:00:00,0.0,100.0,0.0,106.60035817780522,60.39785074849647,0.0,0.0,Fall,0.0,15.228622596829316,0.0,0.0
2020-09-07 00:00:00,0.0,96.65820620204224,0.0,60.39785074849647,0.0,40.0,3.34179379795777,Fall,0.0,8.628264392642352,100.0,3.3417937979577697
2020-09-07 01:00:00,0.0,40.0,0.0,0.0,0.0,40.0,60.0,Fall,0.0,0.0,100.0,60.0
2020-09-07 02:00:00,0.0,40.0,0.0,0.0,0.0,40.0,60.0,Fall,0.0,0.0,100.0,60.0
2020-09-07 03:00:00,0.0,40.0,0.0,0.0,0.0,40.0,60.0,Fall,0.0,0.0,100.0,60.0
2020-09-07 04:00:00,0.0,40.0,0.0,0.0,0.0,40.0,60.0,Fall,0.0,0.0,100.0,60.0
2020-09-07 05:00:00,18.570600000000002,58.5706,0.0,0.0,0.0,40.0,41.4294,Fall,1.0317,0.0,100.0,41.4294
2020-09-07 06:00:00,1099.638,100.0,200.0,0.0,187.6166303929372,0.0,0.0,Fall,61.090999999999994,0.0,0.0,0.0
2020-09-07 07:00:00,2378.952,100.0,200.0,0.0,375.2332607858744,0.0,0.0,Fall,132.16400000000002,0.0,0.0,0.0
2020-09-07 08:00:00,2589.264,100.0,200.0,0.0,562.8498911788115,0.0,0.0,Fall,143.84799999999998,0.0,0.0,0.0
2020-09-07 09:00:00,2580.588,100.0,137.15010882118844,0.0,691.5080975540917,0.0,0.0,Fall,143.366,0.0,0.0,0.0
2020-09-07 10:00:00,2509.416,100.0,8.491902445908286,0.0,699.4742081667259,0.0,0.0,Fall,139.412,0.0,0.0,0.0
2020-09-07 11:00:00,2458.746,100.0,0.5257918332740664,0.0,699.9674446269609,0.0,0.0,Fall,136.597,0.0,0.0,0.0
2020-09-07 12:00:00,2444.004,100.0,0.03255537303909659,0.0,699.9979842739149,0.0,0.0,Fall,135.778,0.0,0.0,0.0
2020-09-07 13:00:00,2473.866,100.0,0.0020157260851701724,0.0,699.9998751925942,0.0,0.0,Fall,137.437,0.0,0.0,0.0
2020-09-07 14:00:00,2485.53,100.0,0.00012480740575119854,0.0,699.9999922723188,0.0,0.0,Fall,138.085,0.0,0.0,0.0
2020-09-07 15:00:00,2441.124,100.0,7.727681193500757e-06,0.0,699.9999995215264,0.0,0.0,Fall,135.618,0.0,0.0,0.0
2020-09-07 16:00:00,2003.778,100.0,4.784736083820462e-07,0.0,699.9999999703743,0.0,0.0,Fall,111.321,0.0,0.0,0.0
2020-09-07 17:00:00,521.91,100.0,2.9625603929162025e-08,0.0,699.9999999981657,0.0,0.0,Fall,28.994999999999997,0.0,0.0,0.0
2020-09-07 18:00:00,0.0,100.0,0.0,106.60035817780522,593.3996418203604,0.0,0.0,Fall,0.0,15.228622596829316,0.0,0.0
2020-09-07 19:00:00,0.0,100.0,0.0,106.60035817780522,486.7992836425552,0.0,0.0,Fall,0.0,15.228622596829316,0.0,0.0
2020-09-07 20:00:00,0.0,100.0,0.0,106.60035817780522,380.19892546475006,0.0,0.0,Fall,0.0,15.228622596829316,0.0,0.0
2020-09-07 21:00:00,0.0,100.0,0.0,106.60035817780522,273.59856728694484,0.0,0.0,Fall,0.0,15.228622596829316,0.0,0.0
2020-09-07 22:00:00,0.0,100.0,0.0,106.60035817780522,166.99820910913962,0.0,0.0,Fall,0.0,15.228622596829316,0.0,0.0
2020-09-07 23:00:00,0.0,100.0,0.0,106.60035817780522,60.39785093133441,0.0,0.0,Fall,0.0,15.228622596829316,0.0,0.0
2020-09-08 00:00:00,0.0,96.65820637355942,0.0,60.39785093133441,0.0,40.0,3.3417936264405768,Fall,0.0,8.62826441876206,100.0,3.341793626440577
2020-09-08 01:00:00,0.0,40.0,0.0,0.0,0.0,40.0,60.0,Fall,0.0,0.0,100.0,60.0
2020-09-08 02:00:00,0.0,40.0,0.0,0.0,0.0,40.0,60.0,Fall,0.0,0.0,100.0,60.0
2020-09-08 03:00:00,0.0,40.0,0.0,0.0,0.0,40.0,60.0,Fall,0.0,0.0,100.0,60.0
2020-09-08 04:00:00,0.0,40.0,0.0,0.0,0.0,40.0,60.0,Fall,0.0,0.0,100.0,60.0
2020-09-08 05:00:00,0.0,40.0,0.0,0.0,0.0,40.0,60.0,Fall,0.0,0.0,100.0,60.0
2020-09-08 06:00:00,746.676,100.0,200.0,0.0,187.6166303929372,0.0,0.0,Fall,41.482,0.0,0.0,0.0
2020-09-08 07:00:00,2194.506,100.0,200.0,0.0,375.2332607858744,0.0,0.0,Fall,121.91699999999999,0.0,0.0,0.0
2020-09-08 08:00:00,2556.342,100.0,200.0,0.0,562.8498911788115,0.0,0.0,Fall,142.019,0.0,0.0,0.0
2020-09-08 09:00:00,2533.41,100.0,137.15010882118844,0.0,691.5080975540917,0.0,0.0,Fall,140.74499999999998,0.0,0.0,0.0
2020-09-08 10:00:00,2478.582,100.0,8.491902445908286,0.0,699.4742081667259,0.0,0.0,Fall,137.69899999999998,0.0,0.0,0.0
2020-09-08 11:00:00,2421.774,100.0,0.5257918332740664,0.0,699.9674446269609,0.0,0.0,Fall,134.54299999999998,0.0,0.0,0.0
2020-09-08 12:00:00,2401.47,100.0,0.03255537303909659,0.0,699.9979842739149,0.0,0.0,Fall,133.415,0.0,0.0,0.0
2020-09-08 13:00:00,2457.018,100.0,0.0020157260851701724,0.0,699.9998751925942,0.0,0.0,Fall,136.501,0.0,0.0,0.0
2020-09-08 14:00:00,2477.466,100.0,0.00012480740575119854,0.0,699.9999922723188,0.0,0.0,Fall,137.637,0.0,0.0,0.0
2020-09-08 15:00:00,1781.424,100.0,7.727681193500757e-06,0.0,699.9999995215264,0.0,0.0,Fall,98.968,0.0,0.0,0.0
2020-09-08 16:00:00,720.558,100.0,4.784736083820462e-07,0.0,699.9999999703743,0.0,0.0,Fall,40.031,0.0,0.0,0.0
2020-09-08 17:00:00,349.92,100.0,2.9625603929162025e-08,0.0,699.9999999981657,0.0,0.0,Fall,19.44,0.0,0.0,0.0
2020-09-08 18:00:00,0.0,100.0,0.0,106.60035817780522,593.3996418203604,0.0,0.0,Fall,0.0,15.228622596829316,0.0,0.0
2020-09-08 19:00:00,0.0,100.0,0.0,106.60035817780522,486.7992836425552,0.0,0.0,Fall,0.0,15.228622596829316,0.0,0.0
2020-09-08 20:00:00,0.0,100.0,0.0,106.60035817780522,380.19892546475006,0.0,0.0,Fall,0.0,15.228622596829316,0.0,0.0
2020-09-08 21:00:00,0.0,100.0,0.0,106.60035817780522,273.59856728694484,0.0,0.0,Fall,0.0,15.228622596829316,0.0,0.0
2020-09-08 22:00:00,0.0,100.0,0.0,106.60035817780522,166.99820910913962,0.0,0.0,Fall,0.0,15.228622596829316,0.0,0.0
2020-09-08 23:00:00,0.0,100.0,0.0,106.60035817780522,60.39785093133441,0.0,0.0,Fall,0.0,15.228622596829316,0.0,0.0
2020-09-09 00:00:00,0.0,96.65820637355942,0.0,60.39785093133441,0.0,40.0,3.3417936264405768,Fall,0.0,8.62826441876206,100.0,3.341793626440577
2020-09-09 01:00:00,0.0,40.0,0.0,0.0,0.0,40.0,60.0,Fall,0.0,0.0,100.0,60.0
2020-09-09 02:00:00,0.0,40.0,0.0,0.0,0.0,40.0,60.0,Fall,0.0,0.0,100.0,60.0
2020-09-09 03:00:00,0.0,40.0,0.0,0.0,0.0,40.0,60.0,Fall,0.0,0.0,100.0,60.0
2020-09-09 04:00:00,0.0,40.0,0.0,0.0,0.0,40.0,60.0,Fall,0.0,0.0,100.0,60.0
2020-09-09 05:00:00,0.0,40.0,0.0,0.0,0.0,40.0,60.0,Fall,0.0,0.0,100.0,60.0
2020-09-09 06:00:00,877.086,100.0,200.0,0.0,187.6166303929372,0.0,0.0,Fall,48.727,0.0,0.0,0.0
2020-09-09 07:00:00,2263.932,100.0,200.0,0.0,375.2332607858744,0.0,0.0,Fall,125.77399999999999,0.0,0.0,0.0
2020-09-09 08:00:00,2541.87,100.0,200.0,0.0,562.8498911788115,0.0,0.0,Fall,141.215,0.0,0.0,0.0
2020-09-09 09:00:00,2460.114,100.0,137.15010882118844,0.0,691.5080975540917,0.0,0.0,Fall,136.673,0.0,0.0,0.0
2020-09-09 10:00:00,2397.114,100.0,8.491902445908286,0.0,699.4742081667259,0.0,0.0,Fall,133.173,0.0,0.0,0.0
2020-09-09 11:00:00,2331.0,100.0,0.5257918332740664,0.0,699.9674446269609,0.0,0.0,Fall,129.5,0.0,0.0,0.0
2020-09-09 12:00:00,2366.622,100.0,0.03255537303909659,0.0,699.9979842739149,0.0,0.0,Fall,131.47899999999998,0.0,0.0,0.0
2020-09-09 13:00:00,2408.166,100.0,0.0020157260851701724,0.0,699.9998751925942,0.0,0.0,Fall,133.787,0.0,0.0,0.0
2020-09-09 14:00:00,2434.914,100.0,0.00012480740575119854,0.0,699.9999922723188,0.0,0.0,Fall,135.27300000000002,0.0,0.0,0.0
2020-09-09 15:00:00,2372.112,100.0,7.727681193500757e-06,0.0,699.9999995215264,0.0,0.0,Fall,131.78400000000002,0.0,0.0,0.0
2020-09-09 16:00:00,2077.074,100.0,4.784736083820462e-07,0.0,699.9999999703743,0.0,0.0,Fall,115.39300000000001,0.0,0.0,0.0
2020-09-09 17:00:00,499.662,100.0,2.9625603929162025e-08,0.0,699.9999999981657,0.0,0.0,Fall,27.759,0.0,0.0,0.0
2020-09-09 18:00:00,0.0,100.0,0.0,106.60035817780522,593.3996418203604,0.0,0.0,Fall,0.0,15.228622596829316,0.0,0.0
2020-09-09 19:00:00,0.0,100.0,0.0,106.60035817780522,486.7992836425552,0.0,0.0,Fall,0.0,15.228622596829316,0.0,0.0
2020-09-09 20:00:00,0.0,100.0,0.0,106.60035817780522,380.19892546475006,0.0,0.0,Fall,0.0,15.228622596829316,0.0,0.0
2020-09-09 21:00:00,0.0,100.0,0.0,106.60035817780522,273.59856728694484,0.0,0.0,Fall,0.0,15.228622596829316,0.0,0.0
2020-09-09 22:00:00,0.0,100.0,0.0,106.60035817780522,166.99820910913962,0.0,0.0,Fall,0.0,15.228622596829316,0.0,0.0
2020-09-09 23:00:00,0.0,100.0,0.0,106.60035817780522,60.39785093133441,0.0,0.0,Fall,0.0,15.228622596829316,0.0,0.0
2020-09-10 00:00:00,0.0,96.65820637355942,0.0,60.39785093133441,0.0,40.0,3.3417936264405768,Fall,0.0,8.62826441876206,100.0,3.341793626440577
2020-09-10 01:00:00,0.0,40.0,0.0,0.0,0.0,40.0,60.0,Fall,0.0,0.0,100.0,60.0
2020-09-10 02:00:00,0.0,40.0,0.0,0.0,0.0,40.0,60.0,Fall,0.0,0.0,100.0,60.0
2020-09-10 03:00:00,0.0,40.0,0.0,0.0,0.0,40.0,60.0,Fall,0.0,0.0,100.0,60.0
2020-09-10 04:00:00,0.0,40.0,0.0,0.0,0.0,40.0,60.0,Fall,0.0,0.0,100.0,60.0
2020-09-10 05:00:00,0.0,40.0,0.0,0.0,0.0,40.0,60.0,Fall,0.0,0.0,100.0,60.0
2020-09-10 06:00:00,959.472,100.0,200.0,0.0,187.6166303929372,0.0,0.0,Fall,53.303999999999995,0.0,0.0,0.0
2020-09-10 07:00:00,2316.168,100.0,200.0,0.0,375.2332607858744,0.0,0.0,Fall,128.67600000000002,0.0,0.0,0.0
2020-09-10 08:00:00,2525.256,100.0,200.0,0.0,562.8498911788115,0.0,0.0,Fall,140.292,0.0,0.0,0.0
2020-09-10 09:00:00,2512.674,100.0,137.15010882118844,0.0,691.5080975540917,0.0,0.0,Fall,139.593,0.0,0.0,0.0
2020-09-10 10:00:00,2429.496,100.0,8.491902445908286,0.0,699.4742081667259,0.0,0.0,Fall,134.972,0.0,0.0,0.0
2020-09-10 11:00:00,2376.666,100.0,0.5257918332740664,0.0,699.9674446269609,0.0,0.0,Fall,132.037,0.0,0.0,0.0
2020-09-10 12:00:00,2334.186,100.0,0.03255537303909659,0.0,699.9979842739149,0.0,0.0,Fall,129.677,0.0,0.0,0.0
2020-09-10 13:00:00,2143.548,100.0,0.0020157260851701724,0.0,699.9998751925942,0.0,0.0,Fall,119.08599999999998,0.0,0.0,0.0
2020-09-10 14:00:00,955.242,100.0,0.00012480740575119854,0.0,699.9999922723188,0.0,0.0,Fall,53.069,0.0,0.0,0.0
2020-09-10 15:00:00,321.84,100.0,7.727681193500757e-06,0.0,699.9999995215264,0.0,0.0,Fall,17.88,0.0,0.0,0.0
2020-09-10 16:00:00,550.044,100.0,4.784736083820462e-07,0.0,699.9999999703743,0.0,0.0,Fall,30.557999999999996,0.0,0.0,0.0
2020-09-10 17:00:00,403.956,100.0,2.9625603929162025e-08,0.0,699.9999999981657,0.0,0.0,Fall,22.442,0.0,0.0,0.0
2020-09-10 18:00:00,0.0,100.0,0.0,106.60035817780522,593.3996418203604,0.0,0.0,Fall,0.0,15.228622596829316,0.0,0.0
2020-09-10 19:00:00,0.0,100.0,0.0,106.60035817780522,486.7992836425552,0.0,0.0,Fall,0.0,15.228622596829316,0.0,0.0
2020-09-10 20:00:00,0.0,100.0,0.0,106.60035817780522,380.19892546475006,0.0,0.0,Fall,0.0,15.228622596829316,0.0,0.0
2020-09-10 21:00:00,0.0,100.0,0.0,106.60035817780522,273.59856728694484,0.0,0.0,Fall,0.0,15.228622596829316,0.0,0.0
2020-09-10 22:00:00,0.0,100.0,0.0,106.60035817780522,166.99820910913962,0.0,0.0,Fall,0.0,15.228622596829316,0.0,0.0
2020-09-10 23:00:00,0.0,100.0,0.0,106.60035817780522,60.39785093133441,0.0,0.0,Fall,0.0,15.228622596829316,0.0,0.0
2020-09-11 00:00:00,0.0,96.65820637355942,0.0,60.39785093133441,0.0,40.0,3.3417936264405768,Fall,0.0,8.62826441876206,100.0,3.341793626440577
2020-09-11 01:00:00,0.0,40.0,0.0,0.0,0.0,40.0,60.0,Fall,0.0,0.0,100.0,60.0
2020-09-11 02:00:00,0.0,40.0,0.0,0.0,0.0,40.0,60.0,Fall,0.0,0.0,100.0,60.0
2020-09-11 03:00:00,0.0,40.0,0.0,0.0,0.0,40.0,60.0,Fall,0.0,0.0,100.0,60.0
2020-09-11 04:00:00,0.0,40.0,0.0,0.0,0.0,40.0,60.0,Fall,0.0,0.0,100.0,60.0
2020-09-11 05:00:00,0.0,40.0,0.0,0.0,0.0,40.0,60.0,Fall,0.0,0.0,100.0,60.0
2020-09-11 06:00:00,967.806,100.0,200.0,0.0,187.6166303929372,0.0,0.0,Fall,53.766999999999996,0.0,0.0,0.0
2020-09-11 07:00:00,2316.384,100.0,200.0,0.0,375.2332607858744,0.0,0.0,Fall,128.688,0.0,0.0,0.0
2020-09-11 08:00:00,2529.27,100.0,200.0,0.0,562.8498911788115,0.0,0.0,Fall,140.515,0.0,0.0,0.0
2020-09-11 09:00:00,2528.478,100.0,137.15010882118844,0.0,691.5080975540917,0.0,0.0,Fall,140.471,0.0,0.0,0.0
2020-09-11 10:00:00,2443.626,100.0,8.491902445908286,0.0,699.4742081667259,0.0,0.0,Fall,135.757,0.0,0.0,0.0
2020-09-11 11:00:00,2370.96,100.0,0.5257918332740664,0.0,699.9674446269609,0.0,0.0,Fall,131.72,0.0,0.0,0.0
2020-09-11 12:00:00,2359.926,100.0,0.03255537303909659,0.0,699.9979842739149,0.0,0.0,Fall,131.107,0.0,0.0,0.0
2020-09-11 13:00:00,2394.09,100.0,0.0020157260851701724,0.0,699.9998751925942,0.0,0.0,Fall,133.00500000000002,0.0,0.0,0.0
2020-09-11 14:00:00,2423.142,100.0,0.00012480740575119854,0.0,699.9999922723188,0.0,0.0,Fall,134.619,0.0,0.0,0.0
2020-09-11 15:00:00,2375.802,100.0,7.727681193500757e-06,0.0,699.9999995215264,0.0,0.0,Fall,131.989,0.0,0.0,0.0
2020-09-11 16:00:00,2101.302,100.0,4.784736083820462e-07,0.0,699.9999999703743,0.0,0.0,Fall,116.73900000000002,0.0,0.0,0.0
2020-09-11 17:00:00,576.396,100.0,2.9625603929162025e-08,0.0,699.9999999981657,0.0,0.0,Fall,32.02199999999999,0.0,0.0,0.0
2020-09-11 18:00:00,0.0,100.0,0.0,106.60035817780522,593.3996418203604,0.0,0.0,Fall,0.0,15.228622596829316,0.0,0.0
2020-09-11 19:00:00,0.0,100.0,0.0,106.60035817780522,486.7992836425552,0.0,0.0,Fall,0.0,15.228622596829316,0.0,0.0
2020-09-11 20:00:00,0.0,100.0,0.0,106.60035817780522,380.19892546475006,0.0,0.0,Fall,0.0,15.228622596829316,0.0,0.0
2020-09-11 21:00:00,0.0,100.0,0.0,106.60035817780522,273.59856728694484,0.0,0.0,Fall,0.0,15.228622596829316,0.0,0.0
2020-09-11 22:00:00,0.0,100.0,0.0,106.60035817780522,166.99820910913962,0.0,0.0,Fall,0.0,15.228622596829316,0.0,0.0
2020-09-11 23:00:00,0.0,100.0,0.0,106.60035817780522,60.39785093133441,0.0,0.0,Fall,0.0,15.228622596829316,0.0,0.0
2020-09-12 00:00:00,0.0,96.65820637355942,0.0,60.39785093133441,0.0,40.0,3.3417936264405768,Fall,0.0,8.62826441876206,100.0,3.341793626440577
2020-09-12 01:00:00,0.0,40.0,0.0,0.0,0.0,40.0,60.0,Fall,0.0,0.0,100.0,60.0
2020-09-12 02:00:00,0.0,40.0,0.0,0.0,0.0,40.0,60.0,Fall,0.0,0.0,100.0,60.0
2020-09-12 03:00:00,0.0,40.0,0.0,0.0,0.0,40.0,60.0,Fall,0.0,0.0,100.0,60.0
2020-09-12 04:00:00,0.0,40.0,0.0,0.0,0.0,40.0,60.0,Fall,0.0,0.0,100.0,60.0
2020-09-12 05:00:00,0.0,40.0,0.0,0.0,0.0,40.0,60.0,Fall,0.0,0.0,100.0,60.0
2020-09-12 06:00:00,947.826,100.0,200.0,0.0,187.6166303929372,0.0,0.0,Fall,52.657,0.0,0.0,0.0
2020-09-12 07:00:00,2328.696,100.0,200.0,0.0,375.2332607858744,0.0,0.0,Fall,129.37199999999999,0.0,0.0,0.0
2020-09-12 08:00:00,2532.564,100.0,200.0,0.0,562.8498911788115,0.0,0.0,Fall,140.69799999999998,0.0,0.0,0.0
2020-09-12 09:00:00,2497.572,100.0,137.15010882118844,0.0,691.5080975540917,0.0,0.0,Fall,138.754,0.0,0.0,0.0
2020-09-12 10:00:00,2406.564,100.0,8.491902445908286,0.0,699.4742081667259,0.0,0.0,Fall,133.69799999999998,0.0,0.0,0.0
2020-09-12 11:00:00,2341.35,100.0,0.5257918332740664,0.0,699.9674446269609,0.0,0.0,Fall,130.075,0.0,0.0,0.0
2020-09-12 12:00:00,2334.312,100.0,0.03255537303909659,0.0,699.9979842739149,0.0,0.0,Fall,129.684,0.0,0.0,0.0
2020-09-12 13:00:00,2381.022,100.0,0.0020157260851701724,0.0,699.9998751925942,0.0,0.0,Fall,132.279,0.0,0.0,0.0
2020-09-12 14:00:00,2410.038,100.0,0.00012480740575119854,0.0,699.9999922723188,0.0,0.0,Fall,133.891,0.0,0.0,0.0
2020-09-12 15:00:00,2375.496,100.0,7.727681193500757e-06,0.0,699.9999995215264,0.0,0.0,Fall,131.972,0.0,0.0,0.0
2020-09-12 16:00:00,2096.028,100.0,4.784736083820462e-07,0.0,699.9999999703743,0.0,0.0,Fall,116.44599999999998,0.0,0.0,0.0
2020-09-12 17:00:00,584.1,100.0,2.9625603929162025e-08,0.0,699.9999999981657,0.0,0.0,Fall,32.45,0.0,0.0,0.0
2020-09-12 18:00:00,0.0,100.0,0.0,106.60035817780522,593.3996418203604,0.0,0.0,Fall,0.0,15.228622596829316,0.0,0.0
2020-09-12 19:00:00,0.0,100.0,0.0,106.60035817780522,486.7992836425552,0.0,0.0,Fall,0.0,15.228622596829316,0.0,0.0
2020-09-12 20:00:00,0.0,100.0,0.0,106.60035817780522,380.19892546475006,0.0,0.0,Fall,0.0,15.228622596829316,0.0,0.0
2020-09-12 21:00:00,0.0,100.0,0.0,106.60035817780522,273.59856728694484,0.0,0.0,Fall,0.0,15.228622596829316,0.0,0.0
2020-09-12 22:00:00,0.0,100.0,0.0,106.60035817780522,166.99820910913962,0.0,0.0,Fall,0.0,15.228622596829316,0.0,0.0
2020-09-12 23:00:00,0.0,100.0,0.0,106.60035817780522,60.39785093133441,0.0,0.0,Fall,0.0,15.228622596829316,0.0,0.0
2020-09-13 00:00:00,0.0,96.65820637355942,0.0,60.39785093133441,0.0,40.0,3.3417936264405768,Fall,0.0,8.62826441876206,100.0,3.341793626440577
2020-09-13 01:00:00,0.0,40.0,0.0,0.0,0.0,40.0,60.0,Fall,0.0,0.0,100.0,60.0
2020-09-13 02:00:00,0.0,40.0,0.0,0.0,0.0,40.0,60.0,Fall,0.0,0.0,100.0,60.0
2020-09-13 03:00:00,0.0,40.0,0.0,0.0,0.0,40.0,60.0,Fall,0.0,0.0,100.0,60.0
2020-09-13 04:00:00,0.0,40.0,0.0,0.0,0.0,40.0,60.0,Fall,0.0,0.0,100.0,60.0
2020-09-13 05:00:00,0.0,40.0,0.0,0.0,0.0,40.0,60.0,Fall,0.0,0.0,100.0,60.0
2020-09-13 06:00:00,854.982,100.0,200.0,0.0,187.6166303929372,0.0,0.0,Fall,47.498999999999995,0.0,0.0,0.0
2020-09-13 07:00:00,2293.452,100.0,200.0,0.0,375.2332607858744,0.0,0.0,Fall,127.414,0.0,0.0,0.0
2020-09-13 08:00:00,2517.408,100.0,200.0,0.0,562.8498911788115,0.0,0.0,Fall,139.856,0.0,0.0,0.0
2020-09-13 09:00:00,2497.482,100.0,137.15010882118844,0.0,691.5080975540917,0.0,0.0,Fall,138.749,0.0,0.0,0.0
2020-09-13 10:00:00,2406.42,100.0,8.491902445908286,0.0,699.4742081667259,0.0,0.0,Fall,133.69,0.0,0.0,0.0
2020-09-13 11:00:00,2344.662,100.0,0.5257918332740664,0.0,699.9674446269609,0.0,0.0,Fall,130.259,0.0,0.0,0.0
2020-09-13 12:00:00,2336.94,100.0,0.03255537303909659,0.0,699.9979842739149,0.0,0.0,Fall,129.83,0.0,0.0,0.0
2020-09-13 13:00:00,2381.634,100.0,0.0020157260851701724,0.0,699.9998751925942,0.0,0.0,Fall,132.313,0.0,0.0,0.0
2020-09-13 14:00:00,2412.504,100.0,0.00012480740575119854,0.0,699.9999922723188,0.0,0.0,Fall,134.028,0.0,0.0,0.0
2020-09-13 15:00:00,2390.4,100.0,7.727681193500757e-06,0.0,699.9999995215264,0.0,0.0,Fall,132.8,0.0,0.0,0.0
2020-09-13 16:00:00,2046.006,100.0,4.784736083820462e-07,0.0,699.9999999703743,0.0,0.0,Fall,113.667,0.0,0.0,0.0
2020-09-13 17:00:00,494.316,100.0,2.9625603929162025e-08,0.0,699.9999999981657,0.0,0.0,Fall,27.461999999999996,0.0,0.0,0.0
2020-09-13 18:00:00,0.0,100.0,0.0,106.60035817780522,593.3996418203604,0.0,0.0,Fall,0.0,15.228622596829316,0.0,0.0
2020-09-13 19:00:00,0.0,100.0,0.0,106.60035817780522,486.7992836425552,0.0,0.0,Fall,0.0,15.228622596829316,0.0,0.0
2020-09-13 20:00:00,0.0,100.0,0.0,106.60035817780522,380.19892546475006,0.0,0.0,Fall,0.0,15.228622596829316,0.0,0.0
2020-09-13 21:00:00,0.0,100.0,0.0,106.60035817780522,273.59856728694484,0.0,0.0,Fall,0.0,15.228622596829316,0.0,0.0
2020-09-13 22:00:00,0.0,100.0,0.0,106.60035817780522,166.99820910913962,0.0,0.0,Fall,0.0,15.228622596829316,0.0,0.0
2020-09-13 23:00:00,0.0,100.0,0.0,106.60035817780522,60.39785093133441,0.0,0.0,Fall,0.0,15.228622596829316,0.0,0.0
2020-09-14 00:00:00,0.0,96.65820637355942,0.0,60.39785093133441,0.0,40.0,3.3417936264405768,Fall,0.0,8.62826441876206,100.0,3.341793626440577
2020-09-14 01:00:00,0.0,40.0,0.0,0.0,0.0,40.0,60.0,Fall,0.0,0.0,100.0,60.0
2020-09-14 02:00:00,0.0,40.0,0.0,0.0,0.0,40.0,60.0,Fall,0.0,0.0,100.0,60.0
2020-09-14 03:00:00,0.0,40.0,0.0,0.0,0.0,40.0,60.0,Fall,0.0,0.0,100.0,60.0
2020-09-14 04:00:00,0.0,40.0,0.0,0.0,0.0,40.0,60.0,Fall,0.0,0.0,100.0,60.0
2020-09-14 05:00:00,0.0,40.0,0.0,0.0,0.0,40.0,60.0,Fall,0.0,0.0,100.0,60.0
2020-09-14 06:00:00,807.39,100.0,200.0,0.0,187.6166303929372,0.0,0.0,Fall,44.855000000000004,0.0,0.0,0.0
2020-09-14 07:00:00,2261.142,100.0,200.0,0.0,375.2332607858744,0.0,0.0,Fall,125.61899999999999,0.0,0.0,0.0
2020-09-14 08:00:00,2540.61,100.0,200.0,0.0,562.8498911788115,0.0,0.0,Fall,141.145,0.0,0.0,0.0
2020-09-14 09:00:00,2497.014,100.0,137.15010882118844,0.0,691.5080975540917,0.0,0.0,Fall,138.72299999999998,0.0,0.0,0.0
2020-09-14 10:00:00,2405.052,100.0,8.491902445908286,0.0,699.4742081667259,0.0,0.0,Fall,133.614,0.0,0.0,0.0
2020-09-14 11:00:00,2329.74,100.0,0.5257918332740664,0.0,699.9674446269609,0.0,0.0,Fall,129.42999999999998,0.0,0.0,0.0
2020-09-14 12:00:00,2318.526,100.0,0.03255537303909659,0.0,699.9979842739149,0.0,0.0,Fall,128.807,0.0,0.0,0.0
2020-09-14 13:00:00,2352.906,100.0,0.0020157260851701724,0.0,699.9998751925942,0.0,0.0,Fall,130.71699999999998,0.0,0.0,0.0
2020-09-14 14:00:00,2390.958,100.0,0.00012480740575119854,0.0,699.9999922723188,0.0,0.0,Fall,132.83100000000002,0.0,0.0,0.0
2020-09-14 15:00:00,2355.264,100.0,7.727681193500757e-06,0.0,699.9999995215264,0.0,0.0,Fall,130.848,0.0,0.0,0.0
2020-09-14 16:00:00,2016.234,100.0,4.784736083820462e-07,0.0,699.9999999703743,0.0,0.0,Fall,112.01299999999999,0.0,0.0,0.0
2020-09-14 17:00:00,432.468,100.0,2.9625603929162025e-08,0.0,699.9999999981657,0.0,0.0,Fall,24.026,0.0,0.0,0.0
2020-09-14 18:00:00,0.0,100.0,0.0,106.60035817780522,593.3996418203604,0.0,0.0,Fall,0.0,15.228622596829316,0.0,0.0
2020-09-14 19:00:00,0.0,100.0,0.0,106.60035817780522,486.7992836425552,0.0,0.0,Fall,0.0,15.228622596829316,0.0,0.0
2020-09-14 20:00:00,0.0,100.0,0.0,106.60035817780522,380.19892546475006,0.0,0.0,Fall,0.0,15.228622596829316,0.0,0.0
2020-09-14 21:00:00,0.0,100.0,0.0,106.60035817780522,273.59856728694484,0.0,0.0,Fall,0.0,15.228622596829316,0.0,0.0
2020-09-14 22:00:00,0.0,100.0,0.0,106.60035817780522,166.99820910913962,0.0,0.0,Fall,0.0,15.228622596829316,0.0,0.0
2020-09-14 23:00:00,0.0,100.0,0.0,106.60035817780522,60.39785093133441,0.0,0.0,Fall,0.0,15.228622596829316,0.0,0.0
2020-09-15 00:00:00,0.0,96.65820637355942,0.0,60.39785093133441,0.0,40.0,3.3417936264405768,Fall,0.0,8.62826441876206,100.0,3.341793626440577
2020-09-15 01:00:00,0.0,40.0,0.0,0.0,0.0,40.0,60.0,Fall,0.0,0.0,100.0,60.0
2020-09-15 02:00:00,0.0,40.0,0.0,0.0,0.0,40.0,60.0,Fall,0.0,0.0,100.0,60.0
2020-09-15 03:00:00,0.0,40.0,0.0,0.0,0.0,40.0,60.0,Fall,0.0,0.0,100.0,60.0
2020-09-15 04:00:00,0.0,40.0,0.0,0.0,0.0,40.0,60.0,Fall,0.0,0.0,100.0,60.0
2020-09-15 05:00:00,0.0,40.0,0.0,0.0,0.0,40.0,60.0,Fall,0.0,0.0,100.0,60.0
2020-09-15 06:00:00,757.728,100.0,200.0,0.0,187.6166303929372,0.0,0.0,Fall,42.096000000000004,0.0,0.0,0.0
2020-09-15 07:00:00,2234.448,100.0,200.0,0.0,375.2332607858744,0.0,0.0,Fall,124.136,0.0,0.0,0.0
2020-09-15 08:00:00,2504.466,100.0,200.0,0.0,562.8498911788115,0.0,0.0,Fall,139.137,0.0,0.0,0.0
2020-09-15 09:00:00,2476.26,100.0,137.15010882118844,0.0,691.5080975540917,0.0,0.0,Fall,137.57000000000002,0.0,0.0,0.0
2020-09-15 10:00:00,2376.144,100.0,8.491902445908286,0.0,699.4742081667259,0.0,0.0,Fall,132.00799999999998,0.0,0.0,0.0
2020-09-15 11:00:00,2306.7,100.0,0.5257918332740664,0.0,699.9674446269609,0.0,0.0,Fall,128.14999999999998,0.0,0.0,0.0
2020-09-15 12:00:00,2306.43,100.0,0.03255537303909659,0.0,699.9979842739149,0.0,0.0,Fall,128.135,0.0,0.0,0.0
2020-09-15 13:00:00,2350.188,100.0,0.0020157260851701724,0.0,699.9998751925942,0.0,0.0,Fall,130.566,0.0,0.0,0.0
2020-09-15 14:00:00,2367.306,100.0,0.00012480740575119854,0.0,699.9999922723188,0.0,0.0,Fall,131.517,0.0,0.0,0.0
2020-09-15 15:00:00,2305.872,100.0,7.727681193500757e-06,0.0,699.9999995215264,0.0,0.0,Fall,128.10399999999998,0.0,0.0,0.0
2020-09-15 16:00:00,1820.502,100.0,4.784736083820462e-07,0.0,699.9999999703743,0.0,0.0,Fall,101.139,0.0,0.0,0.0
2020-09-15 17:00:00,289.062,100.0,2.9625603929162025e-08,0.0,699.9999999981657,0.0,0.0,Fall,16.059,0.0,0.0,0.0
2020-09-15 18:00:00,0.0,100.0,0.0,106.60035817780522,593.3996418203604,0.0,0.0,Fall,0.0,15.228622596829316,0.0,0.0
2020-09-15 19:00:00,0.0,100.0,0.0,106.60035817780522,486.7992836425552,0.0,0.0,Fall,0.0,15.228622596829316,0.0,0.0
2020-09-15 20:00:00,0.0,100.0,0.0,106.60035817780522,380.19892546475006,0.0,0.0,Fall,0.0,15.228622596829316,0.0,0.0
2020-09-15 21:00:00,0.0,100.0,0.0,106.60035817780522,273.59856728694484,0.0,0.0,Fall,0.0,15.228622596829316,0.0,0.0
2020-09-15 22:00:00,0.0,100.0,0.0,106.60035817780522,166.99820910913962,0.0,0.0,Fall,0.0,15.228622596829316,0.0,0.0
2020-09-15 23:00:00,0.0,100.0,0.0,106.60035817780522,60.39785093133441,0.0,0.0,Fall,0.0,15.228622596829316,0.0,0.0
2020-09-16 00:00:00,0.0,96.65820637355942,0.0,60.39785093133441,0.0,40.0,3.3417936264405768,Fall,0.0,8.62826441876206,100.0,3.341793626440577
2020-09-16 01:00:00,0.0,40.0,0.0,0.0,0.0,40.0,60.0,Fall,0.0,0.0,100.0,60.0
2020-09-16 02:00:00,0.0,40.0,0.0,0.0,0.0,40.0,60.0,Fall,0.0,0.0,100.0,60.0
2020-09-16 03:00:00,0.0,40.0,0.0,0.0,0.0,40.0,60.0,Fall,0.0,0.0,100.0,60.0
2020-09-16 04:00:00,0.0,40.0,0.0,0.0,0.0,40.0,60.0,Fall,0.0,0.0,100.0,60.0
2020-09-16 05:00:00,0.0,40.0,0.0,0.0,0.0,40.0,60.0,Fall,0.0,0.0,100.0,60.0
2020-09-16 06:00:00,672.516,100.0,200.0,0.0,187.6166303929372,0.0,0.0,Fall,37.361999999999995,0.0,0.0,0.0
2020-09-16 07:00:00,2123.766,100.0,200.0,0.0,375.2332607858744,0.0,0.0,Fall,117.987,0.0,0.0,0.0
2020-09-16 08:00:00,2460.834,100.0,200.0,0.0,562.8498911788115,0.0,0.0,Fall,136.713,0.0,0.0,0.0
2020-09-16 09:00:00,2431.116,100.0,137.15010882118844,0.0,691.5080975540917,0.0,0.0,Fall,135.06199999999998,0.0,0.0,0.0
2020-09-16 10:00:00,2340.468,100.0,8.491902445908286,0.0,699.4742081667259,0.0,0.0,Fall,130.026,0.0,0.0,0.0
2020-09-16 11:00:00,2275.146,100.0,0.5257918332740664,0.0,699.9674446269609,0.0,0.0,Fall,126.397,0.0,0.0,0.0
2020-09-16 12:00:00,2283.048,100.0,0.03255537303909659,0.0,699.9979842739149,0.0,0.0,Fall,126.836,0.0,0.0,0.0
2020-09-16 13:00:00,2332.08,100.0,0.0020157260851701724,0.0,699.9998751925942,0.0,0.0,Fall,129.55999999999997,0.0,0.0,0.0
2020-09-16 14:00:00,2308.788,100.0,0.00012480740575119854,0.0,699.9999922723188,0.0,0.0,Fall,128.266,0.0,0.0,0.0
2020-09-16 15:00:00,1747.692,100.0,7.727681193500757e-06,0.0,699.9999995215264,0.0,0.0,Fall,97.09400000000001,0.0,0.0,0.0
2020-09-16 16:00:00,1478.574,100.0,4.784736083820462e-07,0.0,699.9999999703743,0.0,0.0,Fall,82.143,0.0,0.0,0.0
2020-09-16 17:00:00,264.726,100.0,2.9625603929162025e-08,0.0,699.9999999981657,0.0,0.0,Fall,14.707,0.0,0.0,0.0
2020-09-16 18:00:00,0.0,100.0,0.0,106.60035817780522,593.3996418203604,0.0,0.0,Fall,0.0,15.228622596829316,0.0,0.0
2020-09-16 19:00:00,0.0,100.0,0.0,106.60035817780522,486.7992836425552,0.0,0.0,Fall,0.0,15.228622596829316,0.0,0.0
2020-09-16 20:00:00,0.0,100.0,0.0,106.60035817780522,380.19892546475006,0.0,0.0,Fall,0.0,15.228622596829316,0.0,0.0
2020-09-16 21:00:00,0.0,100.0,0.0,106.60035817780522,273.59856728694484,0.0,0.0,Fall,0.0,15.228622596829316,0.0,0.0
2020-09-16 22:00:00,0.0,100.0,0.0,106.60035817780522,166.99820910913962,0.0,0.0,Fall,0.0,15.228622596829316,0.0,0.0
2020-09-16 23:00:00,0.0,100.0,0.0,106.60035817780522,60.39785093133441,0.0,0.0,Fall,0.0,15.228622596829316,0.0,0.0
2020-09-17 00:00:00,0.0,96.65820637355942,0.0,60.39785093133441,0.0,40.0,3.3417936264405768,Fall,0.0,8.62826441876206,100.0,3.341793626440577
2020-09-17 01:00:00,0.0,40.0,0.0,0.0,0.0,40.0,60.0,Fall,0.0,0.0,100.0,60.0
2020-09-17 02:00:00,0.0,40.0,0.0,0.0,0.0,40.0,60.0,Fall,0.0,0.0,100.0,60.0
2020-09-17 03:00:00,0.0,40.0,0.0,0.0,0.0,40.0,60.0,Fall,0.0,0.0,100.0,60.0
2020-09-17 04:00:00,0.0,40.0,0.0,0.0,0.0,40.0,60.0,Fall,0.0,0.0,100.0,60.0
2020-09-17 05:00:00,0.0,40.0,0.0,0.0,0.0,40.0,60.0,Fall,0.0,0.0,100.0,60.0
2020-09-17 06:00:00,719.424,100.0,200.0,0.0,187.6166303929372,0.0,0.0,Fall,39.967999999999996,0.0,0.0,0.0
2020-09-17 07:00:00,2183.31,100.0,200.0,0.0,375.2332607858744,0.0,0.0,Fall,121.295,0.0,0.0,0.0
2020-09-17 08:00:00,2502.27,100.0,200.0,0.0,562.8498911788115,0.0,0.0,Fall,139.015,0.0,0.0,0.0
2020-09-17 09:00:00,2458.206,100.0,137.15010882118844,0.0,691.5080975540917,0.0,0.0,Fall,136.567,0.0,0.0,0.0
2020-09-17 10:00:00,2363.508,100.0,8.491902445908286,0.0,699.4742081667259,0.0,0.0,Fall,131.30599999999998,0.0,0.0,0.0
2020-09-17 11:00:00,2308.5,100.0,0.5257918332740664,0.0,699.9674446269609,0.0,0.0,Fall,128.25,0.0,0.0,0.0
2020-09-17 12:00:00,2314.404,100.0,0.03255537303909659,0.0,699.9979842739149,0.0,0.0,Fall,128.578,0.0,0.0,0.0
2020-09-17 13:00:00,2356.524,100.0,0.0020157260851701724,0.0,699.9998751925942,0.0,0.0,Fall,130.918,0.0,0.0,0.0
2020-09-17 14:00:00,2382.606,100.0,0.00012480740575119854,0.0,699.9999922723188,0.0,0.0,Fall,132.36700000000002,0.0,0.0,0.0
2020-09-17 15:00:00,2214.252,100.0,7.727681193500757e-06,0.0,699.9999995215264,0.0,0.0,Fall,123.014,0.0,0.0,0.0
2020-09-17 16:00:00,1081.746,100.0,4.784736083820462e-07,0.0,699.9999999703743,0.0,0.0,Fall,60.097,0.0,0.0,0.0
2020-09-17 17:00:00,38.876400000000004,100.0,0.0,65.15797653116894,634.8420234392055,0.0,0.0,Fall,2.1598,9.308282361595563,0.0,0.0
2020-09-17 18:00:00,0.0,100.0,0.0,106.60035817780522,528.2416652614003,0.0,0.0,Fall,0.0,15.228622596829316,0.0,0.0
2020-09-17 19:00:00,0.0,100.0,0.0,106.60035817780522,421.64130708359505,0.0,0.0,Fall,0.0,15.228622596829316,0.0,0.0
2020-09-17 20:00:00,0.0,100.0,0.0,106.60035817780522,315.0409489057899,0.0,0.0,Fall,0.0,15.228622596829316,0.0,0.0
2020-09-17 21:00:00,0.0,100.0,0.0,106.60035817780522,208.44059072798467,0.0,0.0,Fall,0.0,15.228622596829316,0.0,0.0
2020-09-17 22:00:00,0.0,100.0,0.0,106.60035817780522,101.84023255017945,0.0,0.0,Fall,0.0,15.228622596829316,0.0,0.0
2020-09-17 23:00:00,0.0,100.0,0.0,101.84023255017945,0.0,4.465393652511054,0.0,Fall,0.0,14.548604650025638,11.163484131277635,0.0
2020-09-18 00:00:00,0.0,40.0,0.0,0.0,0.0,40.0,60.0,Fall,0.0,0.0,100.0,60.0
2020-09-18 01:00:00,0.0,40.0,0.0,0.0,0.0,40.0,60.0,Fall,0.0,0.0,100.0,60.0
2020-09-18 02:00:00,0.0,40.0,0.0,0.0,0.0,40.0,60.0,Fall,0.0,0.0,100.0,60.0
2020-09-18 03:00:00,0.0,40.0,0.0,0.0,0.0,40.0,60.0,Fall,0.0,0.0,100.0,60.0
2020-09-18 04:00:00,0.0,40.0,0.0,0.0,0.0,40.0,60.0,Fall,0.0,0.0,100.0,60.0
2020-09-18 05:00:00,0.0,40.0,0.0,0.0,0.0,40.0,60.0,Fall,0.0,0.0,100.0,60.0
2020-09-18 06:00:00,349.164,100.0,200.0,0.0,187.6166303929372,0.0,0.0,Fall,19.398,0.0,0.0,0.0
2020-09-18 07:00:00,948.888,100.0,200.0,0.0,375.2332607858744,0.0,0.0,Fall,52.71600000000001,0.0,0.0,0.0
2020-09-18 08:00:00,1026.612,100.0,200.0,0.0,562.8498911788115,0.0,0.0,Fall,57.034000000000006,0.0,0.0,0.0
2020-09-18 09:00:00,2323.53,100.0,137.15010882118844,0.0,691.5080975540917,0.0,0.0,Fall,129.085,0.0,0.0,0.0
2020-09-18 10:00:00,2273.706,100.0,8.491902445908286,0.0,699.4742081667259,0.0,0.0,Fall,126.31700000000001,0.0,0.0,0.0
2020-09-18 11:00:00,1656.666,100.0,0.5257918332740664,0.0,699.9674446269609,0.0,0.0,Fall,92.037,0.0,0.0,0.0
2020-09-18 12:00:00,1769.274,100.0,0.03255537303909659,0.0,699.9979842739149,0.0,0.0,Fall,98.29299999999999,0.0,0.0,0.0
2020-09-18 13:00:00,2261.862,100.0,0.0020157260851701724,0.0,699.9998751925942,0.0,0.0,Fall,125.659,0.0,0.0,0.0
2020-09-18 14:00:00,2334.348,100.0,0.00012480740575119854,0.0,699.9999922723188,0.0,0.0,Fall,129.68599999999998,0.0,0.0,0.0
2020-09-18 15:00:00,2099.07,100.0,7.727681193500757e-06,0.0,699.9999995215264,0.0,0.0,Fall,116.61500000000001,0.0,0.0,0.0
2020-09-18 16:00:00,1120.158,100.0,4.784736083820462e-07,0.0,699.9999999703743,0.0,0.0,Fall,62.230999999999995,0.0,0.0,0.0
2020-09-18 17:00:00,73.7388,100.0,0.0,27.994533261789787,672.0054667085845,0.0,0.0,Fall,4.0966,3.999219037398541,0.0,0.0
2020-09-18 18:00:00,0.0,100.0,0.0,106.60035817780522,565.4051085307793,0.0,0.0,Fall,0.0,15.228622596829316,0.0,0.0
2020-09-18 19:00:00,0.0,100.0,0.0,106.60035817780522,458.80475035297417,0.0,0.0,Fall,0.0,15.228622596829316,0.0,0.0
2020-09-18 20:00:00,0.0,100.0,0.0,106.60035817780522,352.20439217516895,0.0,0.0,Fall,0.0,15.228622596829316,0.0,0.0
2020-09-18 21:00:00,0.0,100.0,0.0,106.60035817780522,245.60403399736376,0.0,0.0,Fall,0.0,15.228622596829316,0.0,0.0
2020-09-18 22:00:00,0.0,100.0,0.0,106.60035817780522,139.00367581955857,0.0,0.0,Fall,0.0,15.228622596829316,0.0,0.0
2020-09-18 23:00:00,0.0,100.0,0.0,106.60035817780522,32.40331764175334,0.0,0.0,Fall,0.0,15.228622596829316,0.0,0.0
2020-09-19 00:00:00,0.0,70.39700634748888,0.0,32.40331764175334,0.0,40.0,29.602993652511117,Fall,0.0,4.629045377393334,100.0,29.602993652511117
2020-09-19 01:00:00,0.0,40.0,0.0,0.0,0.0,40.0,60.0,Fall,0.0,0.0,100.0,60.0
2020-09-19 02:00:00,0.0,40.0,0.0,0.0,0.0,40.0,60.0,Fall,0.0,0.0,100.0,60.0
2020-09-19 03:00:00,0.0,40.0,0.0,0.0,0.0,40.0,60.0,Fall,0.0,0.0,100.0,60.0
2020-09-19 04:00:00,0.0,40.0,0.0,0.0,0.0,40.0,60.0,Fall,0.0,0.0,100.0,60.0
2020-09-19 05:00:00,0.0,40.0,0.0,0.0,0.0,40.0,60.0,Fall,0.0,0.0,100.0,60.0
2020-09-19 06:00:00,103.21740000000001,100.0,3.217400000000012,0.0,3.0181887331311916,0.0,0.0,Fall,5.7343,0.0,0.0,0.0
2020-09-19 07:00:00,144.81539999999998,100.0,44.81539999999998,0.0,45.05876042168935,0.0,0.0,Fall,8.0453,0.0,0.0,0.0
2020-09-19 08:00:00,691.056,100.0,200.0,0.0,232.67539081462652,0.0,0.0,Fall,38.392,0.0,0.0,0.0
2020-09-19 09:00:00,1547.568,100.0,200.0,0.0,420.2920212075637,0.0,0.0,Fall,85.976,0.0,0.0,0.0
2020-09-19 10:00:00,1942.866,100.0,200.0,0.0,607.9086516005009,0.0,0.0,Fall,107.937,0.0,0.0,0.0
2020-09-19 11:00:00,1942.686,100.0,92.09134839949908,0.0,694.297993975781,0.0,0.0,Fall,107.92699999999999,0.0,0.0,0.0
2020-09-19 12:00:00,2228.004,100.0,5.70200602421898,0.0,699.6469497595019,0.0,0.0,Fall,123.77799999999999,0.0,0.0,0.0
2020-09-19 13:00:00,2269.944,100.0,0.3530502404980361,0.0,699.9781402419102,0.0,0.0,Fall,126.108,0.0,0.0,0.0
2020-09-19 14:00:00,2451.852,100.0,0.02185975808976218,0.0,699.9986465126802,0.0,0.0,Fall,136.214,0.0,0.0,0.0
2020-09-19 15:00:00,2346.516,100.0,0.001353487319778651,0.0,699.9999161963312,0.0,0.0,Fall,130.362,0.0,0.0,0.0
2020-09-19 16:00:00,1775.502,100.0,8.380366873461754e-05,0.0,699.9999948111409,0.0,0.0,Fall,98.639,0.0,0.0,0.0
2020-09-19 17:00:00,205.47,100.0,5.188859067857265e-06,0.0,699.9999996787222,0.0,0.0,Fall,11.415000000000001,0.0,0.0,0.0
2020-09-19 18:00:00,0.0,100.0,0.0,106.60035817780522,593.399641500917,0.0,0.0,Fall,0.0,15.228622596829316,0.0,0.0
2020-09-19 19:00:00,0.0,100.0,0.0,106.60035817780522,486.7992833231118,0.0,0.0,Fall,0.0,15.228622596829316,0.0,0.0
2020-09-19 20:00:00,0.0,100.0,0.0,106.60035817780522,380.19892514530665,0.0,0.0,Fall,0.0,15.228622596829316,0.0,0.0
2020-09-19 21:00:00,0.0,100.0,0.0,106.60035817780522,273.5985669675014,0.0,0.0,Fall,0.0,15.228622596829316,0.0,0.0
2020-09-19 22:00:00,0.0,100.0,0.0,106.60035817780522,166.9982087896962,0.0,0.0,Fall,0.0,15.228622596829316,0.0,0.0
2020-09-19 23:00:00,0.0,100.0,0.0,106.60035817780522,60.397850611891,0.0,0.0,Fall,0.0,15.228622596829316,0.0,0.0
2020-09-20 00:00:00,0.0,96.65820607389495,0.0,60.397850611891,0.0,40.0,3.341793926105055,Fall,0.0,8.628264373127285,100.0,3.341793926105055
2020-09-20 01:00:00,0.0,40.0,0.0,0.0,0.0,40.0,60.0,Fall,0.0,0.0,100.0,60.0
2020-09-20 02:00:00,0.0,40.0,0.0,0.0,0.0,40.0,60.0,Fall,0.0,0.0,100.0,60.0
2020-09-20 03:00:00,0.0,40.0,0.0,0.0,0.0,40.0,60.0,Fall,0.0,0.0,100.0,60.0
2020-09-20 04:00:00,0.0,40.0,0.0,0.0,0.0,40.0,60.0,Fall,0.0,0.0,100.0,60.0
2020-09-20 05:00:00,0.0,40.0,0.0,0.0,0.0,40.0,60.0,Fall,0.0,0.0,100.0,60.0
2020-09-20 06:00:00,660.438,100.0,200.0,0.0,187.6166303929372,0.0,0.0,Fall,36.691,0.0,0.0,0.0
2020-09-20 07:00:00,2151.018,100.0,200.0,0.0,375.2332607858744,0.0,0.0,Fall,119.50099999999999,0.0,0.0,0.0
2020-09-20 08:00:00,2491.668,100.0,200.0,0.0,562.8498911788115,0.0,0.0,Fall,138.42600000000002,0.0,0.0,0.0
2020-09-20 09:00:00,2505.6,100.0,137.15010882118844,0.0,691.5080975540917,0.0,0.0,Fall,139.2,0.0,0.0,0.0
2020-09-20 10:00:00,2402.154,100.0,8.491902445908286,0.0,699.4742081667259,0.0,0.0,Fall,133.453,0.0,0.0,0.0
2020-09-20 11:00:00,2358.81,100.0,0.5257918332740664,0.0,699.9674446269609,0.0,0.0,Fall,131.045,0.0,0.0,0.0
2020-09-20 12:00:00,2363.148,100.0,0.03255537303909659,0.0,699.9979842739149,0.0,0.0,Fall,131.286,0.0,0.0,0.0
2020-09-20 13:00:00,2416.536,100.0,0.0020157260851701724,0.0,699.9998751925942,0.0,0.0,Fall,134.25199999999998,0.0,0.0,0.0
2020-09-20 14:00:00,2449.674,100.0,0.00012480740575119854,0.0,699.9999922723188,0.0,0.0,Fall,136.093,0.0,0.0,0.0
2020-09-20 15:00:00,2392.074,100.0,7.727681193500757e-06,0.0,699.9999995215264,0.0,0.0,Fall,132.893,0.0,0.0,0.0
2020-09-20 16:00:00,1902.132,100.0,4.784736083820462e-07,0.0,699.9999999703743,0.0,0.0,Fall,105.674,0.0,0.0,0.0
2020-09-20 17:00:00,230.49,100.0,2.9625603929162025e-08,0.0,699.9999999981657,0.0,0.0,Fall,12.805,0.0,0.0,0.0
2020-09-20 18:00:00,0.0,100.0,0.0,106.60035817780522,593.3996418203604,0.0,0.0,Fall,0.0,15.228622596829316,0.0,0.0
2020-09-20 19:00:00,0.0,100.0,0.0,106.60035817780522,486.7992836425552,0.0,0.0,Fall,0.0,15.228622596829316,0.0,0.0
2020-09-20 20:00:00,0.0,100.0,0.0,106.60035817780522,380.19892546475006,0.0,0.0,Fall,0.0,15.228622596829316,0.0,0.0
2020-09-20 21:00:00,0.0,100.0,0.0,106.60035817780522,273.59856728694484,0.0,0.0,Fall,0.0,15.228622596829316,0.0,0.0
2020-09-20 22:00:00,0.0,100.0,0.0,106.60035817780522,166.99820910913962,0.0,0.0,Fall,0.0,15.228622596829316,0.0,0.0
2020-09-20 23:00:00,0.0,100.0,0.0,106.60035817780522,60.39785093133441,0.0,0.0,Fall,0.0,15.228622596829316,0.0,0.0
2020-09-21 00:00:00,0.0,96.65820637355942,0.0,60.39785093133441,0.0,40.0,3.3417936264405768,Fall,0.0,8.62826441876206,100.0,3.341793626440577
2020-09-21 01:00:00,0.0,40.0,0.0,0.0,0.0,40.0,60.0,Fall,0.0,0.0,100.0,60.0
2020-09-21 02:00:00,0.0,40.0,0.0,0.0,0.0,40.0,60.0,Fall,0.0,0.0,100.0,60.0
2020-09-21 03:00:00,0.0,40.0,0.0,0.0,0.0,40.0,60.0,Fall,0.0,0.0,100.0,60.0
2020-09-21 04:00:00,0.0,40.0,0.0,0.0,0.0,40.0,60.0,Fall,0.0,0.0,100.0,60.0
2020-09-21 05:00:00,0.0,40.0,0.0,0.0,0.0,40.0,60.0,Fall,0.0,0.0,100.0,60.0
2020-09-21 06:00:00,413.91,100.0,200.0,0.0,187.6166303929372,0.0,0.0,Fall,22.995,0.0,0.0,0.0
2020-09-21 07:00:00,1801.638,100.0,200.0,0.0,375.2332607858744,0.0,0.0,Fall,100.091,0.0,0.0,0.0
2020-09-21 08:00:00,2342.7,100.0,200.0,0.0,562.8498911788115,0.0,0.0,Fall,130.14999999999998,0.0,0.0,0.0
2020-09-21 09:00:00,2420.91,100.0,137.15010882118844,0.0,691.5080975540917,0.0,0.0,Fall,134.49499999999998,0.0,0.0,0.0
2020-09-21 10:00:00,2326.842,100.0,8.491902445908286,0.0,699.4742081667259,0.0,0.0,Fall,129.269,0.0,0.0,0.0
2020-09-21 11:00:00,2281.734,100.0,0.5257918332740664,0.0,699.9674446269609,0.0,0.0,Fall,126.763,0.0,0.0,0.0
2020-09-21 12:00:00,2280.96,100.0,0.03255537303909659,0.0,699.9979842739149,0.0,0.0,Fall,126.72000000000001,0.0,0.0,0.0
2020-09-21 13:00:00,2337.624,100.0,0.0020157260851701724,0.0,699.9998751925942,0.0,0.0,Fall,129.868,0.0,0.0,0.0
2020-09-21 14:00:00,2402.406,100.0,0.00012480740575119854,0.0,699.9999922723188,0.0,0.0,Fall,133.467,0.0,0.0,0.0
2020-09-21 15:00:00,2294.442,100.0,7.727681193500757e-06,0.0,699.9999995215264,0.0,0.0,Fall,127.46900000000001,0.0,0.0,0.0
2020-09-21 16:00:00,1749.402,100.0,4.784736083820462e-07,0.0,699.9999999703743,0.0,0.0,Fall,97.18900000000001,0.0,0.0,0.0
2020-09-21 17:00:00,181.152,100.0,2.9625603929162025e-08,0.0,699.9999999981657,0.0,0.0,Fall,10.064,0.0,0.0,0.0
2020-09-21 18:00:00,0.0,100.0,0.0,106.60035817780522,593.3996418203604,0.0,0.0,Fall,0.0,15.228622596829316,0.0,0.0
2020-09-21 19:00:00,0.0,100.0,0.0,106.60035817780522,486.7992836425552,0.0,0.0,Fall,0.0,15.228622596829316,0.0,0.0
2020-09-21 20:00:00,0.0,100.0,0.0,106.60035817780522,380.19892546475006,0.0,0.0,Fall,0.0,15.228622596829316,0.0,0.0
2020-09-21 21:00:00,0.0,100.0,0.0,106.60035817780522,273.59856728694484,0.0,0.0,Fall,0.0,15.228622596829316,0.0,0.0
2020-09-21 22:00:00,0.0,100.0,0.0,106.60035817780522,166.99820910913962,0.0,0.0,Fall,0.0,15.228622596829316,0.0,0.0
2020-09-21 23:00:00,0.0,100.0,0.0,106.60035817780522,60.39785093133441,0.0,0.0,Fall,0.0,15.228622596829316,0.0,0.0
2020-09-22 00:00:00,0.0,96.65820637355942,0.0,60.39785093133441,0.0,40.0,3.3417936264405768,Fall,0.0,8.62826441876206,100.0,3.341793626440577
2020-09-22 01:00:00,0.0,40.0,0.0,0.0,0.0,40.0,60.0,Fall,0.0,0.0,100.0,60.0
2020-09-22 02:00:00,0.0,40.0,0.0,0.0,0.0,40.0,60.0,Fall,0.0,0.0,100.0,60.0
2020-09-22 03:00:00,0.0,40.0,0.0,0.0,0.0,40.0,60.0,Fall,0.0,0.0,100.0,60.0
2020-09-22 04:00:00,0.0,40.0,0.0,0.0,0.0,40.0,60.0,Fall,0.0,0.0,100.0,60.0
2020-09-22 05:00:00,0.0,40.0,0.0,0.0,0.0,40.0,60.0,Fall,0.0,0.0,100.0,60.0
2020-09-22 06:00:00,465.336,100.0,200.0,0.0,187.6166303929372,0.0,0.0,Fall,25.852000000000004,0.0,0.0,0.0
2020-09-22 07:00:00,2063.466,100.0,200.0,0.0,375.2332607858744,0.0,0.0,Fall,114.63699999999999,0.0,0.0,0.0
2020-09-22 08:00:00,2365.056,100.0,200.0,0.0,562.8498911788115,0.0,0.0,Fall,131.392,0.0,0.0,0.0
2020-09-22 09:00:00,2358.882,100.0,137.15010882118844,0.0,691.5080975540917,0.0,0.0,Fall,131.049,0.0,0.0,0.0
2020-09-22 10:00:00,2259.792,100.0,8.491902445908286,0.0,699.4742081667259,0.0,0.0,Fall,125.54399999999998,0.0,0.0,0.0
2020-09-22 11:00:00,2203.866,100.0,0.5257918332740664,0.0,699.9674446269609,0.0,0.0,Fall,122.437,0.0,0.0,0.0
2020-09-22 12:00:00,2242.8,100.0,0.03255537303909659,0.0,699.9979842739149,0.0,0.0,Fall,124.6,0.0,0.0,0.0
2020-09-22 13:00:00,2301.966,100.0,0.0020157260851701724,0.0,699.9998751925942,0.0,0.0,Fall,127.887,0.0,0.0,0.0
2020-09-22 14:00:00,2353.392,100.0,0.00012480740575119854,0.0,699.9999922723188,0.0,0.0,Fall,130.744,0.0,0.0,0.0
2020-09-22 15:00:00,2232.918,100.0,7.727681193500757e-06,0.0,699.9999995215264,0.0,0.0,Fall,124.051,0.0,0.0,0.0
2020-09-22 16:00:00,1331.442,100.0,4.784736083820462e-07,0.0,699.9999999703743,0.0,0.0,Fall,73.969,0.0,0.0,0.0
2020-09-22 17:00:00,41.1984,100.0,0.0,62.68271621428031,637.3172837560941,0.0,0.0,Fall,2.2887999999999997,8.954673744897187,0.0,0.0
2020-09-22 18:00:00,0.0,100.0,0.0,106.60035817780522,530.7169255782889,0.0,0.0,Fall,0.0,15.228622596829316,0.0,0.0
2020-09-22 19:00:00,0.0,100.0,0.0,106.60035817780522,424.11656740048363,0.0,0.0,Fall,0.0,15.228622596829316,0.0,0.0
2020-09-22 20:00:00,0.0,100.0,0.0,106.60035817780522,317.51620922267847,0.0,0.0,Fall,0.0,15.228622596829316,0.0,0.0
2020-09-22 21:00:00,0.0,100.0,0.0,106.60035817780522,210.91585104487325,0.0,0.0,Fall,0.0,15.228622596829316,0.0,0.0
2020-09-22 22:00:00,0.0,100.0,0.0,106.60035817780522,104.31549286706803,0.0,0.0,Fall,0.0,15.228622596829316,0.0,0.0
2020-09-22 23:00:00,0.0,100.0,0.0,104.31549286706803,0.0,2.143393652511108,0.0,Fall,0.0,14.902213266724004,5.35848413127777,0.0
2020-09-23 00:00:00,0.0,40.0,0.0,0.0,0.0,40.0,60.0,Fall,0.0,0.0,100.0,60.0
2020-09-23 01:00:00,0.0,40.0,0.0,0.0,0.0,40.0,60.0,Fall,0.0,0.0,100.0,60.0
2020-09-23 02:00:00,0.0,40.0,0.0,0.0,0.0,40.0,60.0,Fall,0.0,0.0,100.0,60.0
2020-09-23 03:00:00,0.0,40.0,0.0,0.0,0.0,40.0,60.0,Fall,0.0,0.0,100.0,60.0
2020-09-23 04:00:00,0.0,40.0,0.0,0.0,0.0,40.0,60.0,Fall,0.0,0.0,100.0,60.0
2020-09-23 05:00:00,0.0,40.0,0.0,0.0,0.0,40.0,60.0,Fall,0.0,0.0,100.0,60.0
2020-09-23 06:00:00,47.0646,87.0646,0.0,0.0,0.0,40.0,12.935400000000001,Fall,2.6147,0.0,100.0,12.935400000000003
2020-09-23 07:00:00,477.756,100.0,200.0,0.0,187.6166303929372,0.0,0.0,Fall,26.541999999999998,0.0,0.0,0.0
2020-09-23 08:00:00,1106.874,100.0,200.0,0.0,375.2332607858744,0.0,0.0,Fall,61.492999999999995,0.0,0.0,0.0
2020-09-23 09:00:00,973.296,100.0,200.0,0.0,562.8498911788115,0.0,0.0,Fall,54.071999999999996,0.0,0.0,0.0
2020-09-23 10:00:00,965.952,100.0,137.15010882118844,0.0,691.5080975540917,0.0,0.0,Fall,53.664,0.0,0.0,0.0
2020-09-23 11:00:00,854.28,100.0,8.491902445908286,0.0,699.4742081667259,0.0,0.0,Fall,47.459999999999994,0.0,0.0,0.0
2020-09-23 12:00:00,972.666,100.0,0.5257918332740664,0.0,699.9674446269609,0.0,0.0,Fall,54.037,0.0,0.0,0.0
2020-09-23 13:00:00,2100.222,100.0,0.03255537303909659,0.0,699.9979842739149,0.0,0.0,Fall,116.67900000000002,0.0,0.0,0.0
2020-09-23 14:00:00,693.306,100.0,0.0020157260851701724,0.0,699.9998751925942,0.0,0.0,Fall,38.517,0.0,0.0,0.0
2020-09-23 15:00:00,260.874,100.0,0.00012480740575119854,0.0,699.9999922723188,0.0,0.0,Fall,14.493,0.0,0.0,0.0
2020-09-23 16:00:00,909.756,100.0,7.727681193500757e-06,0.0,699.9999995215264,0.0,0.0,Fall,50.542,0.0,0.0,0.0
2020-09-23 17:00:00,123.34859999999999,100.0,4.784736083820462e-07,0.0,699.9999999703743,0.0,0.0,Fall,6.852699999999999,0.0,0.0,0.0
2020-09-23 18:00:00,0.0,100.0,0.0,106.60035817780522,593.3996417925692,0.0,0.0,Fall,0.0,15.228622596829316,0.0,0.0
2020-09-23 19:00:00,0.0,100.0,0.0,106.60035817780522,486.79928361476397,0.0,0.0,Fall,0.0,15.228622596829316,0.0,0.0
2020-09-23 20:00:00,0.0,100.0,0.0,106.60035817780522,380.1989254369588,0.0,0.0,Fall,0.0,15.228622596829316,0.0,0.0
2020-09-23 21:00:00,0.0,100.0,0.0,106.60035817780522,273.5985672591536,0.0,0.0,Fall,0.0,15.228622596829316,0.0,0.0
2020-09-23 22:00:00,0.0,100.0,0.0,106.60035817780522,166.9982090813484,0.0,0.0,Fall,0.0,15.228622596829316,0.0,0.0
2020-09-23 23:00:00,0.0,100.0,0.0,106.60035817780522,60.397850903543166,0.0,0.0,Fall,0.0,15.228622596829316,0.0,0.0
2020-09-24 00:00:00,0.0,96.65820634748893,0.0,60.397850903543166,0.0,40.0,3.341793652511072,Fall,0.0,8.62826441479188,100.0,3.3417936525110723
2020-09-24 01:00:00,0.0,40.0,0.0,0.0,0.0,40.0,60.0,Fall,0.0,0.0,100.0,60.0
2020-09-24 02:00:00,0.0,40.0,0.0,0.0,0.0,40.0,60.0,Fall,0.0,0.0,100.0,60.0
2020-09-24 03:00:00,0.0,40.0,0.0,0.0,0.0,40.0,60.0,Fall,0.0,0.0,100.0,60.0
2020-09-24 04:00:00,0.0,40.0,0.0,0.0,0.0,40.0,60.0,Fall,0.0,0.0,100.0,60.0
2020-09-24 05:00:00,0.0,40.0,0.0,0.0,0.0,40.0,60.0,Fall,0.0,0.0,100.0,60.0
2020-09-24 06:00:00,479.61,100.0,200.0,0.0,187.6166303929372,0.0,0.0,Fall,26.645000000000003,0.0,0.0,0.0
2020-09-24 07:00:00,2219.346,100.0,200.0,0.0,375.2332607858744,0.0,0.0,Fall,123.297,0.0,0.0,0.0
2020-09-24 08:00:00,2553.048,100.0,200.0,0.0,562.8498911788115,0.0,0.0,Fall,141.83599999999998,0.0,0.0,0.0
2020-09-24 09:00:00,2507.346,100.0,137.15010882118844,0.0,691.5080975540917,0.0,0.0,Fall,139.297,0.0,0.0,0.0
2020-09-24 10:00:00,2407.158,100.0,8.491902445908286,0.0,699.4742081667259,0.0,0.0,Fall,133.731,0.0,0.0,0.0
2020-09-24 11:00:00,2356.218,100.0,0.5257918332740664,0.0,699.9674446269609,0.0,0.0,Fall,130.901,0.0,0.0,0.0
2020-09-24 12:00:00,2381.958,100.0,0.03255537303909659,0.0,699.9979842739149,0.0,0.0,Fall,132.331,0.0,0.0,0.0
2020-09-24 13:00:00,2440.782,100.0,0.0020157260851701724,0.0,699.9998751925942,0.0,0.0,Fall,135.599,0.0,0.0,0.0
2020-09-24 14:00:00,2498.94,100.0,0.00012480740575119854,0.0,699.9999922723188,0.0,0.0,Fall,138.83,0.0,0.0,0.0
2020-09-24 15:00:00,2423.52,100.0,7.727681193500757e-06,0.0,699.9999995215264,0.0,0.0,Fall,134.64000000000001,0.0,0.0,0.0
2020-09-24 16:00:00,1838.556,100.0,4.784736083820462e-07,0.0,699.9999999703743,0.0,0.0,Fall,102.142,0.0,0.0,0.0
2020-09-24 17:00:00,189.504,100.0,2.9625603929162025e-08,0.0,699.9999999981657,0.0,0.0,Fall,10.528,0.0,0.0,0.0
2020-09-24 18:00:00,0.0,100.0,0.0,106.60035817780522,593.3996418203604,0.0,0.0,Fall,0.0,15.228622596829316,0.0,0.0
2020-09-24 19:00:00,0.0,100.0,0.0,106.60035817780522,486.7992836425552,0.0,0.0,Fall,0.0,15.228622596829316,0.0,0.0
2020-09-24 20:00:00,0.0,100.0,0.0,106.60035817780522,380.19892546475006,0.0,0.0,Fall,0.0,15.228622596829316,0.0,0.0
2020-09-24 21:00:00,0.0,100.0,0.0,106.60035817780522,273.59856728694484,0.0,0.0,Fall,0.0,15.228622596829316,0.0,0.0
2020-09-24 22:00:00,0.0,100.0,0.0,106.60035817780522,166.99820910913962,0.0,0.0,Fall,0.0,15.228622596829316,0.0,0.0
2020-09-24 23:00:00,0.0,100.0,0.0,106.60035817780522,60.39785093133441,0.0,0.0,Fall,0.0,15.228622596829316,0.0,0.0
2020-09-25 00:00:00,0.0,96.65820637355942,0.0,60.39785093133441,0.0,40.0,3.3417936264405768,Fall,0.0,8.62826441876206,100.0,3.341793626440577
2020-09-25 01:00:00,0.0,40.0,0.0,0.0,0.0,40.0,60.0,Fall,0.0,0.0,100.0,60.0
2020-09-25 02:00:00,0.0,40.0,0.0,0.0,0.0,40.0,60.0,Fall,0.0,0.0,100.0,60.0
2020-09-25 03:00:00,0.0,40.0,0.0,0.0,0.0,40.0,60.0,Fall,0.0,0.0,100.0,60.0
2020-09-25 04:00:00,0.0,40.0,0.0,0.0,0.0,40.0,60.0,Fall,0.0,0.0,100.0,60.0
2020-09-25 05:00:00,0.0,40.0,0.0,0.0,0.0,40.0,60.0,Fall,0.0,0.0,100.0,60.0
2020-09-25 06:00:00,292.374,100.0,192.37400000000002,0.0,180.46280827605452,0.0,0.0,Fall,16.243000000000002,0.0,0.0,0.0
2020-09-25 07:00:00,1731.438,100.0,200.0,0.0,368.07943866899166,0.0,0.0,Fall,96.191,0.0,0.0,0.0
2020-09-25 08:00:00,2483.892,100.0,200.0,0.0,555.6960690619289,0.0,0.0,Fall,137.994,0.0,0.0,0.0
2020-09-25 09:00:00,2461.032,100.0,144.30393093807112,0.0,691.065155437209,0.0,0.0,Fall,136.724,0.0,0.0,0.0
2020-09-25 10:00:00,2363.364,100.0,8.934844562791055,0.0,699.4467825869865,0.0,0.0,Fall,131.298,0.0,0.0,0.0
2020-09-25 11:00:00,2308.428,100.0,0.5532174130134517,0.0,699.965746521508,0.0,0.0,Fall,128.24599999999998,0.0,0.0,0.0
2020-09-25 12:00:00,2327.346,100.0,0.03425347849202808,0.0,699.9978791325776,0.0,0.0,Fall,129.297,0.0,0.0,0.0
2020-09-25 13:00:00,2384.028,100.0,0.0021208674224326386,0.0,699.9998686825742,0.0,0.0,Fall,132.446,0.0,0.0,0.0
2020-09-25 14:00:00,2426.436,100.0,0.00013131742586847394,0.0,699.9999918692389,0.0,0.0,Fall,134.802,0.0,0.0,0.0
2020-09-25 15:00:00,2086.848,100.0,8.130761096253992e-06,0.0,699.9999994965689,0.0,0.0,Fall,115.93599999999999,0.0,0.0,0.0
2020-09-25 16:00:00,848.61,100.0,5.034310743212699e-07,0.0,699.9999999688291,0.0,0.0,Fall,47.144999999999996,0.0,0.0,0.0
2020-09-25 17:00:00,73.1358,100.0,0.0,28.637333421601944,671.3626665472271,0.0,0.0,Fall,4.0631,4.09104763165742,0.0,0.0
2020-09-25 18:00:00,0.0,100.0,0.0,106.60035817780522,564.7623083694219,0.0,0.0,Fall,0.0,15.228622596829316,0.0,0.0
2020-09-25 19:00:00,0.0,100.0,0.0,106.60035817780522,458.16195019161677,0.0,0.0,Fall,0.0,15.228622596829316,0.0,0.0
2020-09-25 20:00:00,0.0,100.0,0.0,106.60035817780522,351.56159201381155,0.0,0.0,Fall,0.0,15.228622596829316,0.0,0.0
2020-09-25 21:00:00,0.0,100.0,0.0,106.60035817780522,244.9612338360064,0.0,0.0,Fall,0.0,15.228622596829316,0.0,0.0
2020-09-25 22:00:00,0.0,100.0,0.0,106.60035817780522,138.36087565820117,0.0,0.0,Fall,0.0,15.228622596829316,0.0,0.0
2020-09-25 23:00:00,0.0,100.0,0.0,106.60035817780522,31.760517480395954,0.0,0.0,Fall,0.0,15.228622596829316,0.0,0.0
2020-09-26 00:00:00,0.0,69.79400634603934,0.0,31.760517480395954,0.0,40.0,30.20599365396066,Fall,0.0,4.537216782913708,100.0,30.20599365396066
2020-09-26 01:00:00,0.0,40.0,0.0,0.0,0.0,40.0,60.0,Fall,0.0,0.0,100.0,60.0
2020-09-26 02:00:00,0.0,40.0,0.0,0.0,0.0,40.0,60.0,Fall,0.0,0.0,100.0,60.0
2020-09-26 03:00:00,0.0,40.0,0.0,0.0,0.0,40.0,60.0,Fall,0.0,0.0,100.0,60.0
2020-09-26 04:00:00,0.0,40.0,0.0,0.0,0.0,40.0,60.0,Fall,0.0,0.0,100.0,60.0
2020-09-26 05:00:00,0.0,40.0,0.0,0.0,0.0,40.0,60.0,Fall,0.0,0.0,100.0,60.0
2020-09-26 06:00:00,391.356,100.0,200.0,0.0,187.6166303929372,0.0,0.0,Fall,21.742,0.0,0.0,0.0
2020-09-26 07:00:00,1829.502,100.0,200.0,0.0,375.2332607858744,0.0,0.0,Fall,101.639,0.0,0.0,0.0
2020-09-26 08:00:00,2260.656,100.0,200.0,0.0,562.8498911788115,0.0,0.0,Fall,125.592,0.0,0.0,0.0
2020-09-26 09:00:00,2353.914,100.0,137.15010882118844,0.0,691.5080975540917,0.0,0.0,Fall,130.773,0.0,0.0,0.0
2020-09-26 10:00:00,2290.572,100.0,8.491902445908286,0.0,699.4742081667259,0.0,0.0,Fall,127.254,0.0,0.0,0.0
2020-09-26 11:00:00,2247.66,100.0,0.5257918332740664,0.0,699.9674446269609,0.0,0.0,Fall,124.86999999999999,0.0,0.0,0.0
2020-09-26 12:00:00,2050.596,100.0,0.03255537303909659,0.0,699.9979842739149,0.0,0.0,Fall,113.922,0.0,0.0,0.0
2020-09-26 13:00:00,1583.352,100.0,0.0020157260851701724,0.0,699.9998751925942,0.0,0.0,Fall,87.96400000000001,0.0,0.0,0.0
2020-09-26 14:00:00,2334.42,100.0,0.00012480740575119854,0.0,699.9999922723188,0.0,0.0,Fall,129.69,0.0,0.0,0.0
2020-09-26 15:00:00,2160.846,100.0,7.727681193500757e-06,0.0,699.9999995215264,0.0,0.0,Fall,120.047,0.0,0.0,0.0
2020-09-26 16:00:00,780.174,100.0,4.784736083820462e-07,0.0,699.9999999703743,0.0,0.0,Fall,43.342999999999996,0.0,0.0,0.0
2020-09-26 17:00:00,99.594,100.0,0.0,0.43279745420189547,699.5672025161725,0.0,0.0,Fall,5.5329999999999995,0.06182820774312792,0.0,0.0
2020-09-26 18:00:00,0.0,100.0,0.0,106.60035817780522,592.9668443383673,0.0,0.0,Fall,0.0,15.228622596829316,0.0,0.0
2020-09-26 19:00:00,0.0,100.0,0.0,106.60035817780522,486.36648616056215,0.0,0.0,Fall,0.0,15.228622596829316,0.0,0.0
2020-09-26 20:00:00,0.0,100.0,0.0,106.60035817780522,379.7661279827569,0.0,0.0,Fall,0.0,15.228622596829316,0.0,0.0
2020-09-26 21:00:00,0.0,100.0,0.0,106.60035817780522,273.1657698049517,0.0,0.0,Fall,0.0,15.228622596829316,0.0,0.0
2020-09-26 22:00:00,0.0,100.0,0.0,106.60035817780522,166.56541162714655,0.0,0.0,Fall,0.0,15.228622596829316,0.0,0.0
2020-09-26 23:00:00,0.0,100.0,0.0,106.60035817780522,59.96505344934131,0.0,0.0,Fall,0.0,15.228622596829316,0.0,0.0
2020-09-27 00:00:00,0.0,96.25220634748896,0.0,59.96505344934131,0.0,40.0,3.7477936525110422,Fall,0.0,8.566436207048758,100.0,3.7477936525110422
2020-09-27 01:00:00,0.0,40.0,0.0,0.0,0.0,40.0,60.0,Fall,0.0,0.0,100.0,60.0
2020-09-27 02:00:00,0.0,40.0,0.0,0.0,0.0,40.0,60.0,Fall,0.0,0.0,100.0,60.0
2020-09-27 03:00:00,0.0,40.0,0.0,0.0,0.0,40.0,60.0,Fall,0.0,0.0,100.0,60.0
2020-09-27 04:00:00,0.0,40.0,0.0,0.0,0.0,40.0,60.0,Fall,0.0,0.0,100.0,60.0
2020-09-27 05:00:00,0.0,40.0,0.0,0.0,0.0,40.0,60.0,Fall,0.0,0.0,100.0,60.0
2020-09-27 06:00:00,27.198,67.19800000000001,0.0,0.0,0.0,40.0,32.80199999999999,Fall,1.5110000000000001,0.0,100.0,32.80199999999999
2020-09-27 07:00:00,100.73519999999999,100.0,0.7351999999999919,0.0,0.6896787333244295,0.0,0.0,Fall,5.596399999999999,0.0,0.0,0.0
2020-09-27 08:00:00,187.146,100.0,87.14599999999999,0.0,82.43987309443894,0.0,0.0,Fall,10.396999999999998,0.0,0.0,0.0
2020-09-27 09:00:00,265.392,100.0,165.392,0.0,237.59132176418225,0.0,0.0,Fall,14.743999999999998,0.0,0.0,0.0
2020-09-27 10:00:00,352.35,100.0,200.0,0.0,425.2079521571194,0.0,0.0,Fall,19.575,0.0,0.0,0.0
2020-09-27 11:00:00,465.894,100.0,200.0,0.0,612.8245825500567,0.0,0.0,Fall,25.883,0.0,0.0,0.0
2020-09-27 12:00:00,506.772,100.0,87.17541744994337,0.0,694.6023729253368,0.0,0.0,Fall,28.154,0.0,0.0,0.0
2020-09-27 13:00:00,757.008,100.0,5.397627074663178,0.0,699.6657959446668,0.0,0.0,Fall,42.056000000000004,0.0,0.0,0.0
2020-09-27 14:00:00,575.496,100.0,0.3342040553331608,0.0,699.9793071382932,0.0,0.0,Fall,31.972,0.0,0.0,0.0
2020-09-27 15:00:00,289.242,100.0,0.020692861706833356,0.0,699.9987187632263,0.0,0.0,Fall,16.069,0.0,0.0,0.0
2020-09-27 16:00:00,101.7882,100.0,0.0012812367737060413,0.0,699.9999206698574,0.0,0.0,Fall,5.6549000000000005,0.0,0.0,0.0
2020-09-27 17:00:00,0.0,100.0,0.0,106.60035817780522,593.3995624920522,0.0,0.0,Fall,0.0,15.228622596829316,0.0,0.0
2020-09-27 18:00:00,0.0,100.0,0.0,106.60035817780522,486.799204314247,0.0,0.0,Fall,0.0,15.228622596829316,0.0,0.0
2020-09-27 19:00:00,0.0,100.0,0.0,106.60035817780522,380.19884613644183,0.0,0.0,Fall,0.0,15.228622596829316,0.0,0.0
2020-09-27 20:00:00,0.0,100.0,0.0,106.60035817780522,273.5984879586366,0.0,0.0,Fall,0.0,15.228622596829316,0.0,0.0
2020-09-27 21:00:00,0.0,100.0,0.0,106.60035817780522,166.9981297808314,0.0,0.0,Fall,0.0,15.228622596829316,0.0,0.0
2020-09-27 22:00:00,0.0,100.0,0.0,106.60035817780522,60.39777160302618,0.0,0.0,Fall,0.0,15.228622596829316,0.0,0.0
2020-09-27 23:00:00,0.0,96.65813195701,0.0,60.39777160302618,0.0,40.0,3.3418680429900007,Fall,0.0,8.628253086146596,100.0,3.341868042990001
2020-09-28 00:00:00,0.0,40.0,0.0,0.0,0.0,40.0,60.0,Fall,0.0,0.0,100.0,60.0
2020-09-28 01:00:00,0.0,40.0,0.0,0.0,0.0,40.0,60.0,Fall,0.0,0.0,100.0,60.0
2020-09-28 02:00:00,0.0,40.0,0.0,0.0,0.0,40.0,60.0,Fall,0.0,0.0,100.0,60.0
2020-09-28 03:00:00,0.0,40.0,0.0,0.0,0.0,40.0,60.0,Fall,0.0,0.0,100.0,60.0
2020-09-28 04:00:00,0.0,40.0,0.0,0.0,0.0,40.0,60.0,Fall,0.0,0.0,100.0,60.0
2020-09-28 05:00:00,0.0,40.0,0.0,0.0,0.0,40.0,60.0,Fall,0.0,0.0,100.0,60.0
2020-09-28 06:00:00,38.730599999999995,78.7306,0.0,0.0,0.0,40.0,21.269400000000005,Fall,2.1517,0.0,100.0,21.269400000000005
2020-09-28 07:00:00,308.718,100.0,200.0,0.0,187.6166303929372,0.0,0.0,Fall,17.151000000000003,0.0,0.0,0.0
2020-09-28 08:00:00,935.046,100.0,200.0,0.0,375.2332607858744,0.0,0.0,Fall,51.946999999999996,0.0,0.0,0.0
2020-09-28 09:00:00,956.286,100.0,200.0,0.0,562.8498911788115,0.0,0.0,Fall,53.127,0.0,0.0,0.0
2020-09-28 10:00:00,1315.404,100.0,137.15010882118844,0.0,691.5080975540917,0.0,0.0,Fall,73.078,0.0,0.0,0.0
2020-09-28 11:00:00,1773.882,100.0,8.491902445908286,0.0,699.4742081667259,0.0,0.0,Fall,98.549,0.0,0.0,0.0
2020-09-28 12:00:00,1950.39,100.0,0.5257918332740664,0.0,699.9674446269609,0.0,0.0,Fall,108.355,0.0,0.0,0.0
2020-09-28 13:00:00,1499.706,100.0,0.03255537303909659,0.0,699.9979842739149,0.0,0.0,Fall,83.317,0.0,0.0,0.0
2020-09-28 14:00:00,1206.702,100.0,0.0020157260851701724,0.0,699.9998751925942,0.0,0.0,Fall,67.039,0.0,0.0,0.0
2020-09-28 15:00:00,1857.366,100.0,0.00012480740575119854,0.0,699.9999922723188,0.0,0.0,Fall,103.18700000000001,0.0,0.0,0.0
2020-09-28 16:00:00,1164.6,100.0,7.727681193500757e-06,0.0,699.9999995215264,0.0,0.0,Fall,64.69999999999999,0.0,0.0,0.0
2020-09-28 17:00:00,64.14479999999999,100.0,0.0,38.221771625368426,661.778227896158,0.0,0.0,Fall,3.563599999999999,5.460253089338347,0.0,0.0
2020-09-28 18:00:00,0.0,100.0,0.0,106.60035817780522,555.1778697183528,0.0,0.0,Fall,0.0,15.228622596829316,0.0,0.0
2020-09-28 19:00:00,0.0,100.0,0.0,106.60035817780522,448.5775115405476,0.0,0.0,Fall,0.0,15.228622596829316,0.0,0.0
2020-09-28 20:00:00,0.0,100.0,0.0,106.60035817780522,341.9771533627424,0.0,0.0,Fall,0.0,15.228622596829316,0.0,0.0
2020-09-28 21:00:00,0.0,100.0,0.0,106.60035817780522,235.37679518493718,0.0,0.0,Fall,0.0,15.228622596829316,0.0,0.0
2020-09-28 22:00:00,0.0,100.0,0.0,106.60035817780522,128.77643700713196,0.0,0.0,Fall,0.0,15.228622596829316,0.0,0.0
2020-09-28 23:00:00,0.0,100.0,0.0,106.60035817780522,22.176078829326755,0.0,0.0,Fall,0.0,15.228622596829316,0.0,0.0
2020-09-29 00:00:00,0.0,60.803005926432185,0.0,22.176078829326755,0.0,40.0,39.19699407356782,Fall,0.0,3.168011261332394,100.0,39.19699407356782
2020-09-29 01:00:00,0.0,40.0,0.0,0.0,0.0,40.0,60.0,Fall,0.0,0.0,100.0,60.0
2020-09-29 02:00:00,0.0,40.0,0.0,0.0,0.0,40.0,60.0,Fall,0.0,0.0,100.0,60.0
2020-09-29 03:00:00,0.0,40.0,0.0,0.0,0.0,40.0,60.0,Fall,0.0,0.0,100.0,60.0
2020-09-29 04:00:00,0.0,40.0,0.0,0.0,0.0,40.0,60.0,Fall,0.0,0.0,100.0,60.0
2020-09-29 05:00:00,0.0,40.0,0.0,0.0,0.0,40.0,60.0,Fall,0.0,0.0,100.0,60.0
2020-09-29 06:00:00,27.3636,67.3636,0.0,0.0,0.0,40.0,32.636399999999995,Fall,1.5202,0.0,100.0,32.636399999999995
2020-09-29 07:00:00,97.749,100.0,0.0,0.0,0.0,2.2510000000000048,0.0,Fall,5.4305,0.0,5.627500000000012,0.0
2020-09-29 08:00:00,185.868,100.0,85.868,0.0,80.55132409290364,0.0,0.0,Fall,10.325999999999999,0.0,0.0,0.0
2020-09-29 09:00:00,341.766,100.0,200.0,0.0,268.1679544858409,0.0,0.0,Fall,18.987000000000002,0.0,0.0,0.0
2020-09-29 10:00:00,496.818,100.0,200.0,0.0,455.7845848787781,0.0,0.0,Fall,27.601,0.0,0.0,0.0
2020-09-29 11:00:00,527.112,100.0,200.0,0.0,643.4012152717153,0.0,0.0,Fall,29.284,0.0,0.0,0.0
2020-09-29 12:00:00,708.876,100.0,56.59878472828469,0.0,696.4955816469953,0.0,0.0,Fall,39.382,0.0,0.0,0.0
2020-09-29 13:00:00,1109.556,100.0,3.504418353004614,0.0,699.7830174613849,0.0,0.0,Fall,61.641999999999996,0.0,0.0,0.0
2020-09-29 14:00:00,2110.194,100.0,0.21698253861512057,0.0,699.9865651251303,0.0,0.0,Fall,117.23299999999999,0.0,0.0,0.0
2020-09-29 15:00:00,1920.33,100.0,0.013434874869766645,0.0,699.9991681548943,0.0,0.0,Fall,106.68499999999999,0.0,0.0,0.0
2020-09-29 16:00:00,664.848,100.0,0.0008318451057421043,0.0,699.999948494773,0.0,0.0,Fall,36.936,0.0,0.0,0.0
2020-09-29 17:00:00,0.0,100.0,0.0,106.60035817780522,593.3995903169678,0.0,0.0,Fall,0.0,15.228622596829316,0.0,0.0
2020-09-29 18:00:00,0.0,100.0,0.0,106.60035817780522,486.7992321391626,0.0,0.0,Fall,0.0,15.228622596829316,0.0,0.0
2020-09-29 19:00:00,0.0,100.0,0.0,106.60035817780522,380.1988739613574,0.0,0.0,Fall,0.0,15.228622596829316,0.0,0.0
2020-09-29 20:00:00,0.0,100.0,0.0,106.60035817780522,273.5985157835522,0.0,0.0,Fall,0.0,15.228622596829316,0.0,0.0
2020-09-29 21:00:00,0.0,100.0,0.0,106.60035817780522,166.998157605747,0.0,0.0,Fall,0.0,15.228622596829316,0.0,0.0
2020-09-29 22:00:00,0.0,100.0,0.0,106.60035817780522,60.39779942794178,0.0,0.0,Fall,0.0,15.228622596829316,0.0,0.0
2020-09-29 23:00:00,0.0,96.65815805909452,0.0,60.39779942794178,0.0,40.0,3.341841940905475,Fall,0.0,8.628257061134539,100.0,3.3418419409054745
2020-09-30 00:00:00,0.0,40.0,0.0,0.0,0.0,40.0,60.0,Fall,0.0,0.0,100.0,60.0
2020-09-30 01:00:00,0.0,40.0,0.0,0.0,0.0,40.0,60.0,Fall,0.0,0.0,100.0,60.0
2020-09-30 02:00:00,0.0,40.0,0.0,0.0,0.0,40.0,60.0,Fall,0.0,0.0,100.0,60.0
2020-09-30 03:00:00,0.0,40.0,0.0,0.0,0.0,40.0,60.0,Fall,0.0,0.0,100.0,60.0
2020-09-30 04:00:00,0.0,40.0,0.0,0.0,0.0,40.0,60.0,Fall,0.0,0.0,100.0,60.0
2020-09-30 05:00:00,0.0,40.0,0.0,0.0,0.0,40.0,60.0,Fall,0.0,0.0,100.0,60.0
2020-09-30 06:00:00,24.651,64.651,0.0,0.0,0.0,40.0,35.349000000000004,Fall,1.3695000000000002,0.0,100.0,35.349000000000004
2020-09-30 07:00:00,102.015,100.0,2.0150000000000006,0.0,1.8902375512088427,0.0,0.0,Fall,5.6675,0.0,0.0,0.0
2020-09-30 08:00:00,192.51,100.0,92.50999999999999,0.0,88.67230993946194,0.0,0.0,Fall,10.694999999999999,0.0,0.0,0.0
2020-09-30 09:00:00,278.172,100.0,178.17200000000003,0.0,255.81246129131398,0.0,0.0,Fall,15.454,0.0,0.0,0.0
2020-09-30 10:00:00,346.446,100.0,200.0,0.0,443.4290916842512,0.0,0.0,Fall,19.247,0.0,0.0,0.0
2020-09-30 11:00:00,706.014,100.0,200.0,0.0,631.0457220771884,0.0,0.0,Fall,39.223,0.0,0.0,0.0
2020-09-30 12:00:00,754.578,100.0,68.95427792281157,0.0,695.7305684524684,0.0,0.0,Fall,41.921,0.0,0.0,0.0
2020-09-30 13:00:00,901.314,100.0,4.269431547531509,0.0,699.7356502556743,0.0,0.0,Fall,50.073,0.0,0.0,0.0
2020-09-30 14:00:00,645.57,100.0,0.26434974432573655,0.0,699.9836322970524,0.0,0.0,Fall,35.865,0.0,0.0,0.0
2020-09-30 15:00:00,415.908,100.0,0.016367702947580255,0.0,699.9989865634238,0.0,0.0,Fall,23.106,0.0,0.0,0.0
2020-09-30 16:00:00,135.522,100.0,0.0010134365761186928,0.0,699.9999372512015,0.0,0.0,Fall,7.529,0.0,0.0,0.0
2020-09-30 17:00:00,0.0,100.0,0.0,106.60035817780522,593.3995790733962,0.0,0.0,Fall,0.0,15.228622596829316,0.0,0.0
2020-09-30 18:00:00,0.0,100.0,0.0,106.60035817780522,486.7992208955911,0.0,0.0,Fall,0.0,15.228622596829316,0.0,0.0
2020-09-30 19:00:00,0.0,100.0,0.0,106.60035817780522,380.19886271778586,0.0,0.0,Fall,0.0,15.228622596829316,0.0,0.0
2020-09-30 20:00:00,0.0,100.0,0.0,106.60035817780522,273.5985045399807,0.0,0.0,Fall,0.0,15.228622596829316,0.0,0.0
2020-09-30 21:00:00,0.0,100.0,0.0,106.60035817780522,166.99814636217548,0.0,0.0,Fall,0.0,15.228622596829316,0.0,0.0
2020-09-30 22:00:00,0.0,100.0,0.0,106.60035817780522,60.39778818437025,0.0,0.0,Fall,0.0,15.228622596829316,0.0,0.0
2020-09-30 23:00:00,0.0,96.6581475116895,0.0,60.39778818437025,0.0,40.0,3.3418524883104936,Fall,0.0,8.628255454910036,100.0,3.3418524883104936
2020-10-01 00:00:00,0.0,40.0,0.0,0.0,0.0,40.0,60.0,Fall,0.0,0.0,100.0,60.0
2020-10-01 01:00:00,0.0,40.0,0.0,0.0,0.0,40.0,60.0,Fall,0.0,0.0,100.0,60.0
2020-10-01 02:00:00,0.0,40.0,0.0,0.0,0.0,40.0,60.0,Fall,0.0,0.0,100.0,60.0
2020-10-01 03:00:00,0.0,40.0,0.0,0.0,0.0,40.0,60.0,Fall,0.0,0.0,100.0,60.0
2020-10-01 04:00:00,0.0,40.0,0.0,0.0,0.0,40.0,60.0,Fall,0.0,0.0,100.0,60.0
2020-10-01 05:00:00,0.0,40.0,0.0,0.0,0.0,40.0,60.0,Fall,0.0,0.0,100.0,60.0
2020-10-01 06:00:00,518.616,100.0,200.0,0.0,187.6166303929372,0.0,0.0,Fall,28.811999999999998,0.0,0.0,0.0
2020-10-01 07:00:00,2205.324,100.0,200.0,0.0,375.2332607858744,0.0,0.0,Fall,122.518,0.0,0.0,0.0
2020-10-01 08:00:00,2469.006,100.0,200.0,0.0,562.8498911788115,0.0,0.0,Fall,137.167,0.0,0.0,0.0
2020-10-01 09:00:00,2417.112,100.0,137.15010882118844,0.0,691.5080975540917,0.0,0.0,Fall,134.284,0.0,0.0,0.0
2020-10-01 10:00:00,2300.31,100.0,8.491902445908286,0.0,699.4742081667259,0.0,0.0,Fall,127.79499999999999,0.0,0.0,0.0
2020-10-01 11:00:00,2217.852,100.0,0.5257918332740664,0.0,699.9674446269609,0.0,0.0,Fall,123.214,0.0,0.0,0.0
2020-10-01 12:00:00,2232.09,100.0,0.03255537303909659,0.0,699.9979842739149,0.0,0.0,Fall,124.00500000000001,0.0,0.0,0.0
2020-10-01 13:00:00,2310.21,100.0,0.0020157260851701724,0.0,699.9998751925942,0.0,0.0,Fall,128.345,0.0,0.0,0.0
2020-10-01 14:00:00,2372.13,100.0,0.00012480740575119854,0.0,699.9999922723188,0.0,0.0,Fall,131.785,0.0,0.0,0.0
2020-10-01 15:00:00,2291.94,100.0,7.727681193500757e-06,0.0,699.9999995215264,0.0,0.0,Fall,127.33000000000001,0.0,0.0,0.0
2020-10-01 16:00:00,1389.942,100.0,4.784736083820462e-07,0.0,699.9999999703743,0.0,0.0,Fall,77.21900000000001,0.0,0.0,0.0
2020-10-01 17:00:00,19.827,100.0,0.0,85.46470516189177,614.5352948084826,0.0,0.0,Fall,1.1015000000000001,12.209243594555968,0.0,0.0
2020-10-01 18:00:00,0.0,100.0,0.0,106.60035817780522,507.93493663067744,0.0,0.0,Fall,0.0,15.228622596829316,0.0,0.0
2020-10-01 19:00:00,0.0,100.0,0.0,106.60035817780522,401.3345784528722,0.0,0.0,Fall,0.0,15.228622596829316,0.0,0.0
2020-10-01 20:00:00,0.0,100.0,0.0,106.60035817780522,294.734220275067,0.0,0.0,Fall,0.0,15.228622596829316,0.0,0.0
2020-10-01 21:00:00,0.0,100.0,0.0,106.60035817780522,188.1338620972618,0.0,0.0,Fall,0.0,15.228622596829316,0.0,0.0
2020-10-01 22:00:00,0.0,100.0,0.0,106.60035817780522,81.5335039194566,0.0,0.0,Fall,0.0,15.228622596829316,0.0,0.0
2020-10-01 23:00:00,0.0,100.0,0.0,81.5335039194566,0.0,23.514793652511074,0.0,Fall,0.0,11.64764341706523,58.786984131277684,0.0
2020-10-02 00:00:00,0.0,40.0,0.0,0.0,0.0,40.0,60.0,Fall,0.0,0.0,100.0,60.0
2020-10-02 01:00:00,0.0,40.0,0.0,0.0,0.0,40.0,60.0,Fall,0.0,0.0,100.0,60.0
2020-10-02 02:00:00,0.0,40.0,0.0,0.0,0.0,40.0,60.0,Fall,0.0,0.0,100.0,60.0
2020-10-02 03:00:00,0.0,40.0,0.0,0.0,0.0,40.0,60.0,Fall,0.0,0.0,100.0,60.0
2020-10-02 04:00:00,0.0,40.0,0.0,0.0,0.0,40.0,60.0,Fall,0.0,0.0,100.0,60.0
2020-10-02 05:00:00,0.0,40.0,0.0,0.0,0.0,40.0,60.0,Fall,0.0,0.0,100.0,60.0
2020-10-02 06:00:00,302.346,100.0,200.0,0.0,187.6166303929372,0.0,0.0,Fall,16.797,0.0,0.0,0.0
2020-10-02 07:00:00,2062.836,100.0,200.0,0.0,375.2332607858744,0.0,0.0,Fall,114.60199999999998,0.0,0.0,0.0
2020-10-02 08:00:00,2420.874,100.0,200.0,0.0,562.8498911788115,0.0,0.0,Fall,134.493,0.0,0.0,0.0
2020-10-02 09:00:00,2371.842,100.0,137.15010882118844,0.0,691.5080975540917,0.0,0.0,Fall,131.769,0.0,0.0,0.0
2020-10-02 10:00:00,2252.34,100.0,8.491902445908286,0.0,699.4742081667259,0.0,0.0,Fall,125.13000000000001,0.0,0.0,0.0
2020-10-02 11:00:00,2168.73,100.0,0.5257918332740664,0.0,699.9674446269609,0.0,0.0,Fall,120.485,0.0,0.0,0.0
2020-10-02 12:00:00,2184.498,100.0,0.03255537303909659,0.0,699.9979842739149,0.0,0.0,Fall,121.361,0.0,0.0,0.0
2020-10-02 13:00:00,2273.688,100.0,0.0020157260851701724,0.0,699.9998751925942,0.0,0.0,Fall,126.316,0.0,0.0,0.0
2020-10-02 14:00:00,2272.968,100.0,0.00012480740575119854,0.0,699.9999922723188,0.0,0.0,Fall,126.27599999999998,0.0,0.0,0.0
2020-10-02 15:00:00,2187.216,100.0,7.727681193500757e-06,0.0,699.9999995215264,0.0,0.0,Fall,121.512,0.0,0.0,0.0
2020-10-02 16:00:00,1154.07,100.0,4.784736083820462e-07,0.0,699.9999999703743,0.0,0.0,Fall,64.115,0.0,0.0,0.0
2020-10-02 17:00:00,20.1024,100.0,0.0,85.1711277754701,614.8288721949043,0.0,0.0,Fall,1.1168,12.1673039679243,0.0,0.0
2020-10-02 18:00:00,0.0,100.0,0.0,106.60035817780522,508.22851401709903,0.0,0.0,Fall,0.0,15.228622596829316,0.0,0.0
2020-10-02 19:00:00,0.0,100.0,0.0,106.60035817780522,401.62815583929387,0.0,0.0,Fall,0.0,15.228622596829316,0.0,0.0
2020-10-02 20:00:00,0.0,100.0,0.0,106.60035817780522,295.02779766148865,0.0,0.0,Fall,0.0,15.228622596829316,0.0,0.0
2020-10-02 21:00:00,0.0,100.0,0.0,106.60035817780522,188.42743948368343,0.0,0.0,Fall,0.0,15.228622596829316,0.0,0.0
2020-10-02 22:00:00,0.0,100.0,0.0,106.60035817780522,81.82708130587822,0.0,0.0,Fall,0.0,15.228622596829316,0.0,0.0
2020-10-02 23:00:00,0.0,100.0,0.0,81.82708130587822,0.0,23.239393652511126,0.0,Fall,0.0,11.68958304369689,58.098484131277814,0.0
2020-10-03 00:00:00,0.0,40.0,0.0,0.0,0.0,40.0,60.0,Fall,0.0,0.0,100.0,60.0
2020-10-03 01:00:00,0.0,40.0,0.0,0.0,0.0,40.0,60.0,Fall,0.0,0.0,100.0,60.0
2020-10-03 02:00:00,0.0,40.0,0.0,0.0,0.0,40.0,60.0,Fall,0.0,0.0,100.0,60.0
2020-10-03 03:00:00,0.0,40.0,0.0,0.0,0.0,40.0,60.0,Fall,0.0,0.0,100.0,60.0
2020-10-03 04:00:00,0.0,40.0,0.0,0.0,0.0,40.0,60.0,Fall,0.0,0.0,100.0,60.0
2020-10-03 05:00:00,0.0,40.0,0.0,0.0,0.0,40.0,60.0,Fall,0.0,0.0,100.0,60.0
2020-10-03 06:00:00,284.742,100.0,184.74200000000002,0.0,173.30335766026002,0.0,0.0,Fall,15.818999999999999,0.0,0.0,0.0
2020-10-03 07:00:00,1360.71,100.0,200.0,0.0,360.91998805319724,0.0,0.0,Fall,75.595,0.0,0.0,0.0
2020-10-03 08:00:00,2161.368,100.0,200.0,0.0,548.5366184461344,0.0,0.0,Fall,120.07600000000001,0.0,0.0,0.0
2020-10-03 09:00:00,2342.25,100.0,151.46338155386562,0.0,690.6218648214144,0.0,0.0,Fall,130.125,0.0,0.0,0.0
2020-10-03 10:00:00,2238.768,100.0,9.378135178585536,0.0,699.4193354292929,0.0,0.0,Fall,124.376,0.0,0.0,0.0
2020-10-03 11:00:00,1435.464,100.0,0.5806645707071293,0.0,699.964047080016,0.0,0.0,Fall,79.74799999999999,0.0,0.0,0.0
2020-10-03 12:00:00,1971.072,100.0,0.03595291998400353,0.0,699.9977739085169,0.0,0.0,Fall,109.504,0.0,0.0,0.0
2020-10-03 13:00:00,2191.986,100.0,0.0022260914830258115,0.0,699.999862167432,0.0,0.0,Fall,121.777,0.0,0.0,0.0
2020-10-03 14:00:00,2000.61,100.0,0.0001378325680270791,0.0,699.9999914658418,0.0,0.0,Fall,111.14500000000001,0.0,0.0,0.0
2020-10-03 15:00:00,1348.92,100.0,8.534158114343882e-06,0.0,699.9999994715918,0.0,0.0,Fall,74.94000000000001,0.0,0.0,0.0
2020-10-03 16:00:00,152.0424,100.0,5.284082144498825e-07,0.0,699.9999999672826,0.0,0.0,Fall,8.4468,0.0,0.0,0.0
2020-10-03 17:00:00,0.0,100.0,0.0,106.60035817780522,593.3996417894774,0.0,0.0,Fall,0.0,15.228622596829316,0.0,0.0
2020-10-03 18:00:00,0.0,100.0,0.0,106.60035817780522,486.79928361167225,0.0,0.0,Fall,0.0,15.228622596829316,0.0,0.0
2020-10-03 19:00:00,0.0,100.0,0.0,106.60035817780522,380.19892543386703,0.0,0.0,Fall,0.0,15.228622596829316,0.0,0.0
2020-10-03 20:00:00,0.0,100.0,0.0,106.60035817780522,273.5985672560618,0.0,0.0,Fall,0.0,15.228622596829316,0.0,0.0
2020-10-03 21:00:00,0.0,100.0,0.0,106.60035817780522,166.99820907825662,0.0,0.0,Fall,0.0,15.228622596829316,0.0,0.0
2020-10-03 22:00:00,0.0,100.0,0.0,106.60035817780522,60.3978509004514,0.0,0.0,Fall,0.0,15.228622596829316,0.0,0.0
2020-10-03 23:00:00,0.0,96.65820634458859,0.0,60.3978509004514,0.0,40.0,3.3417936554114007,Fall,0.0,8.6282644143502,100.0,3.3417936554114007
2020-10-04 00:00:00,0.0,40.0,0.0,0.0,0.0,40.0,60.0,Fall,0.0,0.0,100.0,60.0
2020-10-04 01:00:00,0.0,40.0,0.0,0.0,0.0,40.0,60.0,Fall,0.0,0.0,100.0,60.0
2020-10-04 02:00:00,0.0,40.0,0.0,0.0,0.0,40.0,60.0,Fall,0.0,0.0,100.0,60.0
2020-10-04 03:00:00,0.0,40.0,0.0,0.0,0.0,40.0,60.0,Fall,0.0,0.0,100.0,60.0
2020-10-04 04:00:00,0.0,40.0,0.0,0.0,0.0,40.0,60.0,Fall,0.0,0.0,100.0,60.0
2020-10-04 05:00:00,0.0,40.0,0.0,0.0,0.0,40.0,60.0,Fall,0.0,0.0,100.0,60.0
2020-10-04 06:00:00,172.1556,100.0,72.15559999999999,0.0,67.68795267990309,0.0,0.0,Fall,9.5642,0.0,0.0,0.0
2020-10-04 07:00:00,1722.834,100.0,200.0,0.0,255.3045830728403,0.0,0.0,Fall,95.71300000000001,0.0,0.0,0.0
2020-10-04 08:00:00,2322.738,100.0,200.0,0.0,442.92121346577744,0.0,0.0,Fall,129.041,0.0,0.0,0.0
2020-10-04 09:00:00,2331.63,100.0,200.0,0.0,630.5378438587147,0.0,0.0,Fall,129.535,0.0,0.0,0.0
2020-10-04 10:00:00,2223.846,100.0,69.46215614128532,0.0,695.6991222339948,0.0,0.0,Fall,123.54700000000001,0.0,0.0,0.0
2020-10-04 11:00:00,2092.644,100.0,4.300877766005229,0.0,699.7337032049438,0.0,0.0,Fall,116.258,0.0,0.0,0.0
2020-10-04 12:00:00,1967.958,100.0,0.2662967950562015,0.0,699.9835117418082,0.0,0.0,Fall,109.331,0.0,0.0,0.0
2020-10-04 13:00:00,2058.3,100.0,0.01648825819173362,0.0,699.9989790990231,0.0,0.0,Fall,114.35000000000002,0.0,0.0,0.0
2020-10-04 14:00:00,1862.514,100.0,0.001020900976844132,0.0,699.9999367890294,0.0,0.0,Fall,103.473,0.0,0.0,0.0
2020-10-04 15:00:00,898.164,100.0,6.321097060572356e-05,0.0,699.9999960861759,0.0,0.0,Fall,49.897999999999996,0.0,0.0,0.0
2020-10-04 16:00:00,84.465,100.0,0.0,16.560365642922036,683.4396304432539,0.0,0.0,Fall,4.6925,2.365766520417434,0.0,0.0
2020-10-04 17:00:00,0.0,100.0,0.0,106.60035817780522,576.8392722654487,0.0,0.0,Fall,0.0,15.228622596829316,0.0,0.0
2020-10-04 18:00:00,0.0,100.0,0.0,106.60035817780522,470.2389140876435,0.0,0.0,Fall,0.0,15.228622596829316,0.0,0.0
2020-10-04 19:00:00,0.0,100.0,0.0,106.60035817780522,363.6385559098383,0.0,0.0,Fall,0.0,15.228622596829316,0.0,0.0
2020-10-04 20:00:00,0.0,100.0,0.0,106.60035817780522,257.0381977320331,0.0,0.0,Fall,0.0,15.228622596829316,0.0,0.0
2020-10-04 21:00:00,0.0,100.0,0.0,106.60035817780522,150.43783955422788,0.0,0.0,Fall,0.0,15.228622596829316,0.0,0.0
2020-10-04 22:00:00,0.0,100.0,0.0,106.60035817780522,43.83748137642267,0.0,0.0,Fall,0.0,15.228622596829316,0.0,0.0
2020-10-04 23:00:00,0.0,81.1232027037878,0.0,43.83748137642267,0.0,40.0,18.876797296212203,Fall,0.0,6.262497339488954,100.0,18.876797296212203
2020-10-05 00:00:00,0.0,40.0,0.0,0.0,0.0,40.0,60.0,Fall,0.0,0.0,100.0,60.0
2020-10-05 01:00:00,0.0,40.0,0.0,0.0,0.0,40.0,60.0,Fall,0.0,0.0,100.0,60.0
2020-10-05 02:00:00,0.0,40.0,0.0,0.0,0.0,40.0,60.0,Fall,0.0,0.0,100.0,60.0
2020-10-05 03:00:00,0.0,40.0,0.0,0.0,0.0,40.0,60.0,Fall,0.0,0.0,100.0,60.0
2020-10-05 04:00:00,0.0,40.0,0.0,0.0,0.0,40.0,60.0,Fall,0.0,0.0,100.0,60.0
2020-10-05 05:00:00,0.0,40.0,0.0,0.0,0.0,40.0,60.0,Fall,0.0,0.0,100.0,60.0
2020-10-05 06:00:00,80.055,100.0,0.0,0.0,0.0,19.944999999999993,0.0,Fall,4.4475,0.0,49.86249999999998,0.0
2020-10-05 07:00:00,1557.576,100.0,200.0,0.0,187.6166303929372,0.0,0.0,Fall,86.532,0.0,0.0,0.0
2020-10-05 08:00:00,1721.466,100.0,200.0,0.0,375.2332607858744,0.0,0.0,Fall,95.637,0.0,0.0,0.0
2020-10-05 09:00:00,935.46,100.0,200.0,0.0,562.8498911788115,0.0,0.0,Fall,51.970000000000006,0.0,0.0,0.0
2020-10-05 10:00:00,755.856,100.0,137.15010882118844,0.0,691.5080975540917,0.0,0.0,Fall,41.992000000000004,0.0,0.0,0.0
2020-10-05 11:00:00,831.942,100.0,8.491902445908286,0.0,699.4742081667259,0.0,0.0,Fall,46.219,0.0,0.0,0.0
2020-10-05 12:00:00,1077.354,100.0,0.5257918332740664,0.0,699.9674446269609,0.0,0.0,Fall,59.853,0.0,0.0,0.0
2020-10-05 13:00:00,1170.36,100.0,0.03255537303909659,0.0,699.9979842739149,0.0,0.0,Fall,65.01999999999998,0.0,0.0,0.0
2020-10-05 14:00:00,1628.784,100.0,0.0020157260851701724,0.0,699.9998751925942,0.0,0.0,Fall,90.488,0.0,0.0,0.0
2020-10-05 15:00:00,1422.972,100.0,0.00012480740575119854,0.0,699.9999922723188,0.0,0.0,Fall,79.054,0.0,0.0,0.0
2020-10-05 16:00:00,882.504,100.0,7.727681193500757e-06,0.0,699.9999995215264,0.0,0.0,Fall,49.028,0.0,0.0,0.0
2020-10-05 17:00:00,20.811600000000002,100.0,0.0,84.41511803527311,615.5848814862533,0.0,0.0,Fall,1.1562000000000001,12.059302576467587,0.0,0.0
2020-10-05 18:00:00,0.0,100.0,0.0,106.60035817780522,508.98452330844805,0.0,0.0,Fall,0.0,15.228622596829316,0.0,0.0
2020-10-05 19:00:00,0.0,100.0,0.0,106.60035817780522,402.3841651306428,0.0,0.0,Fall,0.0,15.228622596829316,0.0,0.0
2020-10-05 20:00:00,0.0,100.0,0.0,106.60035817780522,295.7838069528376,0.0,0.0,Fall,0.0,15.228622596829316,0.0,0.0
2020-10-05 21:00:00,0.0,100.0,0.0,106.60035817780522,189.18344877503242,0.0,0.0,Fall,0.0,15.228622596829316,0.0,0.0
2020-10-05 22:00:00,0.0,100.0,0.0,106.60035817780522,82.5830905972272,0.0,0.0,Fall,0.0,15.228622596829316,0.0,0.0
2020-10-05 23:00:00,0.0,100.0,0.0,82.5830905972272,0.0,22.5301940735679,0.0,Fall,0.0,11.797584371032457,56.325485183919746,0.0
2020-10-06 00:00:00,0.0,40.0,0.0,0.0,0.0,40.0,60.0,Fall,0.0,0.0,100.0,60.0
2020-10-06 01:00:00,0.0,40.0,0.0,0.0,0.0,40.0,60.0,Fall,0.0,0.0,100.0,60.0
2020-10-06 02:00:00,0.0,40.0,0.0,0.0,0.0,40.0,60.0,Fall,0.0,0.0,100.0,60.0
2020-10-06 03:00:00,0.0,40.0,0.0,0.0,0.0,40.0,60.0,Fall,0.0,0.0,100.0,60.0
2020-10-06 04:00:00,0.0,40.0,0.0,0.0,0.0,40.0,60.0,Fall,0.0,0.0,100.0,60.0
2020-10-06 05:00:00,0.0,40.0,0.0,0.0,0.0,40.0,60.0,Fall,0.0,0.0,100.0,60.0
2020-10-06 06:00:00,317.79,100.0,200.0,0.0,187.6166303929372,0.0,0.0,Fall,17.655,0.0,0.0,0.0
2020-10-06 07:00:00,2135.376,100.0,200.0,0.0,375.2332607858744,0.0,0.0,Fall,118.632,0.0,0.0,0.0
2020-10-06 08:00:00,2412.018,100.0,200.0,0.0,562.8498911788115,0.0,0.0,Fall,134.001,0.0,0.0,0.0
2020-10-06 09:00:00,2350.998,100.0,137.15010882118844,0.0,691.5080975540917,0.0,0.0,Fall,130.61100000000002,0.0,0.0,0.0
2020-10-06 10:00:00,2198.016,100.0,8.491902445908286,0.0,699.4742081667259,0.0,0.0,Fall,122.112,0.0,0.0,0.0
2020-10-06 11:00:00,2129.508,100.0,0.5257918332740664,0.0,699.9674446269609,0.0,0.0,Fall,118.306,0.0,0.0,0.0
2020-10-06 12:00:00,2160.9,100.0,0.03255537303909659,0.0,699.9979842739149,0.0,0.0,Fall,120.05000000000001,0.0,0.0,0.0
2020-10-06 13:00:00,2247.444,100.0,0.0020157260851701724,0.0,699.9998751925942,0.0,0.0,Fall,124.858,0.0,0.0,0.0
2020-10-06 14:00:00,2318.076,100.0,0.00012480740575119854,0.0,699.9999922723188,0.0,0.0,Fall,128.78199999999998,0.0,0.0,0.0
2020-10-06 15:00:00,2208.798,100.0,7.727681193500757e-06,0.0,699.9999995215264,0.0,0.0,Fall,122.711,0.0,0.0,0.0
2020-10-06 16:00:00,1010.43,100.0,4.784736083820462e-07,0.0,699.9999999703743,0.0,0.0,Fall,56.135000000000005,0.0,0.0,0.0
2020-10-06 17:00:00,18.064799999999998,100.0,0.0,87.34321667370106,612.6567832966733,0.0,0.0,Fall,1.0036,12.477602381957295,0.0,0.0
2020-10-06 18:00:00,0.0,100.0,0.0,106.60035817780522,506.0564251188681,0.0,0.0,Fall,0.0,15.228622596829316,0.0,0.0
2020-10-06 19:00:00,0.0,100.0,0.0,106.60035817780522,399.45606694106294,0.0,0.0,Fall,0.0,15.228622596829316,0.0,0.0
2020-10-06 20:00:00,0.0,100.0,0.0,106.60035817780522,292.8557087632577,0.0,0.0,Fall,0.0,15.228622596829316,0.0,0.0
2020-10-06 21:00:00,0.0,100.0,0.0,106.60035817780522,186.2553505854525,0.0,0.0,Fall,0.0,15.228622596829316,0.0,0.0
2020-10-06 22:00:00,0.0,100.0,0.0,106.60035817780522,79.6549924076473,0.0,0.0,Fall,0.0,15.228622596829316,0.0,0.0
2020-10-06 23:00:00,0.0,100.0,0.0,79.6549924076473,0.0,25.276993652511095,0.0,Fall,0.0,11.3792846296639,63.19248413127774,0.0
2020-10-07 00:00:00,0.0,40.0,0.0,0.0,0.0,40.0,60.0,Fall,0.0,0.0,100.0,60.0
2020-10-07 01:00:00,0.0,40.0,0.0,0.0,0.0,40.0,60.0,Fall,0.0,0.0,100.0,60.0
2020-10-07 02:00:00,0.0,40.0,0.0,0.0,0.0,40.0,60.0,Fall,0.0,0.0,100.0,60.0
2020-10-07 03:00:00,0.0,40.0,0.0,0.0,0.0,40.0,60.0,Fall,0.0,0.0,100.0,60.0
2020-10-07 04:00:00,0.0,40.0,0.0,0.0,0.0,40.0,60.0,Fall,0.0,0.0,100.0,60.0
2020-10-07 05:00:00,0.0,40.0,0.0,0.0,0.0,40.0,60.0,Fall,0.0,0.0,100.0,60.0
2020-10-07 06:00:00,308.394,100.0,200.0,0.0,187.6166303929372,0.0,0.0,Fall,17.133000000000003,0.0,0.0,0.0
2020-10-07 07:00:00,2136.816,100.0,200.0,0.0,375.2332607858744,0.0,0.0,Fall,118.71199999999999,0.0,0.0,0.0
2020-10-07 08:00:00,2420.856,100.0,200.0,0.0,562.8498911788115,0.0,0.0,Fall,134.49200000000002,0.0,0.0,0.0
2020-10-07 09:00:00,2279.736,100.0,137.15010882118844,0.0,691.5080975540917,0.0,0.0,Fall,126.65199999999999,0.0,0.0,0.0
2020-10-07 10:00:00,2199.762,100.0,8.491902445908286,0.0,699.4742081667259,0.0,0.0,Fall,122.20900000000002,0.0,0.0,0.0
2020-10-07 11:00:00,2152.458,100.0,0.5257918332740664,0.0,699.9674446269609,0.0,0.0,Fall,119.581,0.0,0.0,0.0
2020-10-07 12:00:00,2183.724,100.0,0.03255537303909659,0.0,699.9979842739149,0.0,0.0,Fall,121.31800000000001,0.0,0.0,0.0
2020-10-07 13:00:00,2272.32,100.0,0.0020157260851701724,0.0,699.9998751925942,0.0,0.0,Fall,126.24000000000002,0.0,0.0,0.0
2020-10-07 14:00:00,2345.976,100.0,0.00012480740575119854,0.0,699.9999922723188,0.0,0.0,Fall,130.332,0.0,0.0,0.0
2020-10-07 15:00:00,2226.924,100.0,7.727681193500757e-06,0.0,699.9999995215264,0.0,0.0,Fall,123.71799999999999,0.0,0.0,0.0
2020-10-07 16:00:00,1176.246,100.0,4.784736083820462e-07,0.0,699.9999999703743,0.0,0.0,Fall,65.34700000000001,0.0,0.0,0.0
2020-10-07 17:00:00,0.0,100.0,0.0,106.60035817780522,593.3996417925692,0.0,0.0,Fall,0.0,15.228622596829316,0.0,0.0
2020-10-07 18:00:00,0.0,100.0,0.0,106.60035817780522,486.79928361476397,0.0,0.0,Fall,0.0,15.228622596829316,0.0,0.0
2020-10-07 19:00:00,0.0,100.0,0.0,106.60035817780522,380.1989254369588,0.0,0.0,Fall,0.0,15.228622596829316,0.0,0.0
2020-10-07 20:00:00,0.0,100.0,0.0,106.60035817780522,273.5985672591536,0.0,0.0,Fall,0.0,15.228622596829316,0.0,0.0
2020-10-07 21:00:00,0.0,100.0,0.0,106.60035817780522,166.9982090813484,0.0,0.0,Fall,0.0,15.228622596829316,0.0,0.0
2020-10-07 22:00:00,0.0,100.0,0.0,106.60035817780522,60.397850903543166,0.0,0.0,Fall,0.0,15.228622596829316,0.0,0.0
2020-10-07 23:00:00,0.0,96.65820634748893,0.0,60.397850903543166,0.0,40.0,3.341793652511072,Fall,0.0,8.62826441479188,100.0,3.3417936525110723
2020-10-08 00:00:00,0.0,40.0,0.0,0.0,0.0,40.0,60.0,Fall,0.0,0.0,100.0,60.0
2020-10-08 01:00:00,0.0,40.0,0.0,0.0,0.0,40.0,60.0,Fall,0.0,0.0,100.0,60.0
2020-10-08 02:00:00,0.0,40.0,0.0,0.0,0.0,40.0,60.0,Fall,0.0,0.0,100.0,60.0
2020-10-08 03:00:00,0.0,40.0,0.0,0.0,0.0,40.0,60.0,Fall,0.0,0.0,100.0,60.0
2020-10-08 04:00:00,0.0,40.0,0.0,0.0,0.0,40.0,60.0,Fall,0.0,0.0,100.0,60.0
2020-10-08 05:00:00,0.0,40.0,0.0,0.0,0.0,40.0,60.0,Fall,0.0,0.0,100.0,60.0
2020-10-08 06:00:00,314.388,100.0,200.0,0.0,187.6166303929372,0.0,0.0,Fall,17.465999999999998,0.0,0.0,0.0
2020-10-08 07:00:00,2159.172,100.0,200.0,0.0,375.2332607858744,0.0,0.0,Fall,119.95400000000001,0.0,0.0,0.0
2020-10-08 08:00:00,2410.47,100.0,200.0,0.0,562.8498911788115,0.0,0.0,Fall,133.915,0.0,0.0,0.0
2020-10-08 09:00:00,2343.978,100.0,137.15010882118844,0.0,691.5080975540917,0.0,0.0,Fall,130.221,0.0,0.0,0.0
2020-10-08 10:00:00,2202.624,100.0,8.491902445908286,0.0,699.4742081667259,0.0,0.0,Fall,122.368,0.0,0.0,0.0
2020-10-08 11:00:00,2117.556,100.0,0.5257918332740664,0.0,699.9674446269609,0.0,0.0,Fall,117.642,0.0,0.0,0.0
2020-10-08 12:00:00,2136.924,100.0,0.03255537303909659,0.0,699.9979842739149,0.0,0.0,Fall,118.71799999999999,0.0,0.0,0.0
2020-10-08 13:00:00,2220.552,100.0,0.0020157260851701724,0.0,699.9998751925942,0.0,0.0,Fall,123.364,0.0,0.0,0.0
2020-10-08 14:00:00,2287.8,100.0,0.00012480740575119854,0.0,699.9999922723188,0.0,0.0,Fall,127.10000000000001,0.0,0.0,0.0
2020-10-08 15:00:00,2190.618,100.0,7.727681193500757e-06,0.0,699.9999995215264,0.0,0.0,Fall,121.701,0.0,0.0,0.0
2020-10-08 16:00:00,1068.624,100.0,4.784736083820462e-07,0.0,699.9999999703743,0.0,0.0,Fall,59.367999999999995,0.0,0.0,0.0
2020-10-08 17:00:00,0.0,100.0,0.0,106.60035817780522,593.3996417925692,0.0,0.0,Fall,0.0,15.228622596829316,0.0,0.0
2020-10-08 18:00:00,0.0,100.0,0.0,106.60035817780522,486.79928361476397,0.0,0.0,Fall,0.0,15.228622596829316,0.0,0.0
2020-10-08 19:00:00,0.0,100.0,0.0,106.60035817780522,380.1989254369588,0.0,0.0,Fall,0.0,15.228622596829316,0.0,0.0
2020-10-08 20:00:00,0.0,100.0,0.0,106.60035817780522,273.5985672591536,0.0,0.0,Fall,0.0,15.228622596829316,0.0,0.0
2020-10-08 21:00:00,0.0,100.0,0.0,106.60035817780522,166.9982090813484,0.0,0.0,Fall,0.0,15.228622596829316,0.0,0.0
2020-10-08 22:00:00,0.0,100.0,0.0,106.60035817780522,60.397850903543166,0.0,0.0,Fall,0.0,15.228622596829316,0.0,0.0
2020-10-08 23:00:00,0.0,96.65820634748893,0.0,60.397850903543166,0.0,40.0,3.341793652511072,Fall,0.0,8.62826441479188,100.0,3.3417936525110723
2020-10-09 00:00:00,0.0,40.0,0.0,0.0,0.0,40.0,60.0,Fall,0.0,0.0,100.0,60.0
2020-10-09 01:00:00,0.0,40.0,0.0,0.0,0.0,40.0,60.0,Fall,0.0,0.0,100.0,60.0
2020-10-09 02:00:00,0.0,40.0,0.0,0.0,0.0,40.0,60.0,Fall,0.0,0.0,100.0,60.0
2020-10-09 03:00:00,0.0,40.0,0.0,0.0,0.0,40.0,60.0,Fall,0.0,0.0,100.0,60.0
2020-10-09 04:00:00,0.0,40.0,0.0,0.0,0.0,40.0,60.0,Fall,0.0,0.0,100.0,60.0
2020-10-09 05:00:00,0.0,40.0,0.0,0.0,0.0,40.0,60.0,Fall,0.0,0.0,100.0,60.0
2020-10-09 06:00:00,292.554,100.0,192.55399999999997,0.0,180.63166324340813,0.0,0.0,Fall,16.252999999999997,0.0,0.0,0.0
2020-10-09 07:00:00,2082.456,100.0,200.0,0.0,368.2482936363453,0.0,0.0,Fall,115.69200000000002,0.0,0.0,0.0
2020-10-09 08:00:00,2362.338,100.0,200.0,0.0,555.8649240292825,0.0,0.0,Fall,131.241,0.0,0.0,0.0
2020-10-09 09:00:00,2293.722,100.0,144.13507597071748,0.0,691.0756104045627,0.0,0.0,Fall,127.42900000000002,0.0,0.0,0.0
2020-10-09 10:00:00,2187.342,100.0,8.92438959543733,0.0,699.4474299256113,0.0,0.0,Fall,121.519,0.0,0.0,0.0
2020-10-09 11:00:00,2076.876,100.0,0.5525700743886409,0.0,699.9657866026752,0.0,0.0,Fall,115.382,0.0,0.0,0.0
2020-10-09 12:00:00,2124.702,100.0,0.03421339732478373,0.0,699.997881614277,0.0,0.0,Fall,118.039,0.0,0.0,0.0
2020-10-09 13:00:00,2224.782,100.0,0.002118385722977109,0.0,699.9998688362332,0.0,0.0,Fall,123.59900000000002,0.0,0.0,0.0
2020-10-09 14:00:00,2280.348,100.0,0.00013116376684047283,0.0,699.9999918787529,0.0,0.0,Fall,126.68599999999999,0.0,0.0,0.0
2020-10-09 15:00:00,2109.978,100.0,8.121247054077685e-06,0.0,699.999999497158,0.0,0.0,Fall,117.221,0.0,0.0,0.0
2020-10-09 16:00:00,923.292,100.0,5.028420127928257e-07,0.0,699.9999999688656,0.0,0.0,Fall,51.294000000000004,0.0,0.0,0.0
2020-10-09 17:00:00,0.0,100.0,0.0,106.60035817780522,593.3996417910605,0.0,0.0,Fall,0.0,15.228622596829316,0.0,0.0
2020-10-09 18:00:00,0.0,100.0,0.0,106.60035817780522,486.7992836132552,0.0,0.0,Fall,0.0,15.228622596829316,0.0,0.0
2020-10-09 19:00:00,0.0,100.0,0.0,106.60035817780522,380.19892543545006,0.0,0.0,Fall,0.0,15.228622596829316,0.0,0.0
2020-10-09 20:00:00,0.0,100.0,0.0,106.60035817780522,273.59856725764485,0.0,0.0,Fall,0.0,15.228622596829316,0.0,0.0
2020-10-09 21:00:00,0.0,100.0,0.0,106.60035817780522,166.99820907983963,0.0,0.0,Fall,0.0,15.228622596829316,0.0,0.0
2020-10-09 22:00:00,0.0,100.0,0.0,106.60035817780522,60.39785090203442,0.0,0.0,Fall,0.0,15.228622596829316,0.0,0.0
2020-10-09 23:00:00,0.0,96.6582063460736,0.0,60.39785090203442,0.0,40.0,3.341793653926402,Fall,0.0,8.628264414576346,100.0,3.341793653926402
2020-10-10 00:00:00,0.0,40.0,0.0,0.0,0.0,40.0,60.0,Fall,0.0,0.0,100.0,60.0
2020-10-10 01:00:00,0.0,40.0,0.0,0.0,0.0,40.0,60.0,Fall,0.0,0.0,100.0,60.0
2020-10-10 02:00:00,0.0,40.0,0.0,0.0,0.0,40.0,60.0,Fall,0.0,0.0,100.0,60.0
2020-10-10 03:00:00,0.0,40.0,0.0,0.0,0.0,40.0,60.0,Fall,0.0,0.0,100.0,60.0
2020-10-10 04:00:00,0.0,40.0,0.0,0.0,0.0,40.0,60.0,Fall,0.0,0.0,100.0,60.0
2020-10-10 05:00:00,0.0,40.0,0.0,0.0,0.0,40.0,60.0,Fall,0.0,0.0,100.0,60.0
2020-10-10 06:00:00,122.8248,100.0,22.824799999999996,0.0,21.41156032696356,0.0,0.0,Fall,6.823599999999999,0.0,0.0,0.0
2020-10-10 07:00:00,1485.702,100.0,200.0,0.0,209.02819071990078,0.0,0.0,Fall,82.539,0.0,0.0,0.0
2020-10-10 08:00:00,2154.186,100.0,200.0,0.0,396.644821112838,0.0,0.0,Fall,119.677,0.0,0.0,0.0
2020-10-10 09:00:00,2026.098,100.0,200.0,0.0,584.2614515057752,0.0,0.0,Fall,112.561,0.0,0.0,0.0
2020-10-10 10:00:00,1396.638,100.0,115.73854849422479,0.0,692.8338338810553,0.0,0.0,Fall,77.591,0.0,0.0,0.0
2020-10-10 11:00:00,1587.132,100.0,7.166166118944762,0.0,699.5562935814175,0.0,0.0,Fall,88.174,0.0,0.0,0.0
2020-10-10 12:00:00,1049.508,100.0,0.44370641858247106,0.0,699.9725270971084,0.0,0.0,Fall,58.306000000000004,0.0,0.0,0.0
2020-10-10 13:00:00,464.418,100.0,0.027472902891691773,0.0,699.9982989644466,0.0,0.0,Fall,25.801000000000002,0.0,0.0,0.0
2020-10-10 14:00:00,503.244,100.0,0.0017010355534730478,0.0,699.9998946772401,0.0,0.0,Fall,27.958,0.0,0.0,0.0
2020-10-10 15:00:00,171.009,100.0,0.00010532275983132422,0.0,699.9999934787468,0.0,0.0,Fall,9.500499999999999,0.0,0.0,0.0
2020-10-10 16:00:00,109.6236,100.0,6.521253264509142e-06,0.0,699.9999995962245,0.0,0.0,Fall,6.090199999999999,0.0,0.0,0.0
2020-10-10 17:00:00,0.0,100.0,0.0,106.60035817780522,593.3996414184193,0.0,0.0,Fall,0.0,15.228622596829316,0.0,0.0
2020-10-10 18:00:00,0.0,100.0,0.0,106.60035817780522,486.7992832406141,0.0,0.0,Fall,0.0,15.228622596829316,0.0,0.0
2020-10-10 19:00:00,0.0,100.0,0.0,106.60035817780522,380.1989250628089,0.0,0.0,Fall,0.0,15.228622596829316,0.0,0.0
2020-10-10 20:00:00,0.0,100.0,0.0,106.60035817780522,273.5985668850037,0.0,0.0,Fall,0.0,15.228622596829316,0.0,0.0
2020-10-10 21:00:00,0.0,100.0,0.0,106.60035817780522,166.9982087071985,0.0,0.0,Fall,0.0,15.228622596829316,0.0,0.0
2020-10-10 22:00:00,0.0,100.0,0.0,106.60035817780522,60.39785052939328,0.0,0.0,Fall,0.0,15.228622596829316,0.0,0.0
2020-10-10 23:00:00,0.0,96.65820599650522,0.0,60.39785052939328,0.0,40.0,3.341794003494776,Fall,0.0,8.628264361341898,100.0,3.341794003494776
2020-10-11 00:00:00,0.0,40.0,0.0,0.0,0.0,40.0,60.0,Fall,0.0,0.0,100.0,60.0
2020-10-11 01:00:00,0.0,40.0,0.0,0.0,0.0,40.0,60.0,Fall,0.0,0.0,100.0,60.0
2020-10-11 02:00:00,0.0,40.0,0.0,0.0,0.0,40.0,60.0,Fall,0.0,0.0,100.0,60.0
2020-10-11 03:00:00,0.0,40.0,0.0,0.0,0.0,40.0,60.0,Fall,0.0,0.0,100.0,60.0
2020-10-11 04:00:00,0.0,40.0,0.0,0.0,0.0,40.0,60.0,Fall,0.0,0.0,100.0,60.0
2020-10-11 05:00:00,0.0,40.0,0.0,0.0,0.0,40.0,60.0,Fall,0.0,0.0,100.0,60.0
2020-10-11 06:00:00,275.112,100.0,175.11200000000002,0.0,164.2696169068401,0.0,0.0,Fall,15.284,0.0,0.0,0.0
2020-10-11 07:00:00,1950.534,100.0,200.0,0.0,351.88624729977727,0.0,0.0,Fall,108.36300000000001,0.0,0.0,0.0
2020-10-11 08:00:00,2321.352,100.0,200.0,0.0,539.5028776927145,0.0,0.0,Fall,128.964,0.0,0.0,0.0
2020-10-11 09:00:00,2235.942,100.0,160.49712230728554,0.0,690.0625240679946,0.0,0.0,Fall,124.219,0.0,0.0,0.0
2020-10-11 10:00:00,2132.514,100.0,9.937475932005444,0.0,699.3847028128635,0.0,0.0,Fall,118.47300000000001,0.0,0.0,0.0
2020-10-11 11:00:00,2085.462,100.0,0.6152971871366026,0.0,699.9619027375676,0.0,0.0,Fall,115.859,0.0,0.0,0.0
2020-10-11 12:00:00,2129.472,100.0,0.0380972624324495,0.0,699.9976411375915,0.0,0.0,Fall,118.304,0.0,0.0,0.0
2020-10-11 13:00:00,2227.536,100.0,0.00235886240855325,0.0,699.9998539466748,0.0,0.0,Fall,123.752,0.0,0.0,0.0
2020-10-11 14:00:00,2309.526,100.0,0.00014605332526843994,0.0,699.9999909568385,0.0,0.0,Fall,128.307,0.0,0.0,0.0
2020-10-11 15:00:00,2173.716,100.0,9.04316152445972e-06,0.0,699.999999440076,0.0,0.0,Fall,120.76199999999999,0.0,0.0,0.0
2020-10-11 16:00:00,829.872,100.0,5.599240539595485e-07,0.0,699.9999999653313,0.0,0.0,Fall,46.10399999999999,0.0,0.0,0.0
2020-10-11 17:00:00,0.0,100.0,0.0,106.60035817780522,593.3996417875261,0.0,0.0,Fall,0.0,15.228622596829316,0.0,0.0
2020-10-11 18:00:00,0.0,100.0,0.0,106.60035817780522,486.7992836097209,0.0,0.0,Fall,0.0,15.228622596829316,0.0,0.0
2020-10-11 19:00:00,0.0,100.0,0.0,106.60035817780522,380.19892543191565,0.0,0.0,Fall,0.0,15.228622596829316,0.0,0.0
2020-10-11 20:00:00,0.0,100.0,0.0,106.60035817780522,273.5985672541105,0.0,0.0,Fall,0.0,15.228622596829316,0.0,0.0
2020-10-11 21:00:00,0.0,100.0,0.0,106.60035817780522,166.99820907630527,0.0,0.0,Fall,0.0,15.228622596829316,0.0,0.0
2020-10-11 22:00:00,0.0,100.0,0.0,106.60035817780522,60.39785089850005,0.0,0.0,Fall,0.0,15.228622596829316,0.0,0.0
2020-10-11 23:00:00,0.0,96.65820634275806,0.0,60.39785089850005,0.0,40.0,3.3417936572419293,Fall,0.0,8.628264414071436,100.0,3.3417936572419293
2020-10-12 00:00:00,0.0,40.0,0.0,0.0,0.0,40.0,60.0,Fall,0.0,0.0,100.0,60.0
2020-10-12 01:00:00,0.0,40.0,0.0,0.0,0.0,40.0,60.0,Fall,0.0,0.0,100.0,60.0
2020-10-12 02:00:00,0.0,40.0,0.0,0.0,0.0,40.0,60.0,Fall,0.0,0.0,100.0,60.0
2020-10-12 03:00:00,0.0,40.0,0.0,0.0,0.0,40.0,60.0,Fall,0.0,0.0,100.0,60.0
2020-10-12 04:00:00,0.0,40.0,0.0,0.0,0.0,40.0,60.0,Fall,0.0,0.0,100.0,60.0
2020-10-12 05:00:00,0.0,40.0,0.0,0.0,0.0,40.0,60.0,Fall,0.0,0.0,100.0,60.0
2020-10-12 06:00:00,15.736139999999999,55.73614,0.0,0.0,0.0,40.0,44.263859999999994,Fall,0.87423,0.0,100.0,44.263859999999994
2020-10-12 07:00:00,383.364,100.0,200.0,0.0,187.6166303929372,0.0,0.0,Fall,21.298,0.0,0.0,0.0
2020-10-12 08:00:00,815.166,100.0,200.0,0.0,375.2332607858744,0.0,0.0,Fall,45.287000000000006,0.0,0.0,0.0
2020-10-12 09:00:00,2203.524,100.0,200.0,0.0,562.8498911788115,0.0,0.0,Fall,122.418,0.0,0.0,0.0
2020-10-12 10:00:00,2199.042,100.0,137.15010882118844,0.0,691.5080975540917,0.0,0.0,Fall,122.169,0.0,0.0,0.0
2020-10-12 11:00:00,2019.042,100.0,8.491902445908286,0.0,699.4742081667259,0.0,0.0,Fall,112.16899999999998,0.0,0.0,0.0
2020-10-12 12:00:00,2148.696,100.0,0.5257918332740664,0.0,699.9674446269609,0.0,0.0,Fall,119.37199999999999,0.0,0.0,0.0
2020-10-12 13:00:00,1406.088,100.0,0.03255537303909659,0.0,699.9979842739149,0.0,0.0,Fall,78.116,0.0,0.0,0.0
2020-10-12 14:00:00,2221.578,100.0,0.0020157260851701724,0.0,699.9998751925942,0.0,0.0,Fall,123.421,0.0,0.0,0.0
2020-10-12 15:00:00,1995.3,100.0,0.00012480740575119854,0.0,699.9999922723188,0.0,0.0,Fall,110.85000000000001,0.0,0.0,0.0
2020-10-12 16:00:00,860.49,100.0,7.727681193500757e-06,0.0,699.9999995215264,0.0,0.0,Fall,47.805,0.0,0.0,0.0
2020-10-12 17:00:00,0.0,100.0,0.0,106.60035817780522,593.3996413437212,0.0,0.0,Fall,0.0,15.228622596829316,0.0,0.0
2020-10-12 18:00:00,0.0,100.0,0.0,106.60035817780522,486.799283165916,0.0,0.0,Fall,0.0,15.228622596829316,0.0,0.0
2020-10-12 19:00:00,0.0,100.0,0.0,106.60035817780522,380.1989249881108,0.0,0.0,Fall,0.0,15.228622596829316,0.0,0.0
2020-10-12 20:00:00,0.0,100.0,0.0,106.60035817780522,273.59856681030556,0.0,0.0,Fall,0.0,15.228622596829316,0.0,0.0
2020-10-12 21:00:00,0.0,100.0,0.0,106.60035817780522,166.99820863250036,0.0,0.0,Fall,0.0,15.228622596829316,0.0,0.0
2020-10-12 22:00:00,0.0,100.0,0.0,106.60035817780522,60.39785045469516,0.0,0.0,Fall,0.0,15.228622596829316,0.0,0.0
2020-10-12 23:00:00,0.0,96.65820592643217,0.0,60.39785045469516,0.0,40.0,3.3417940735678258,Fall,0.0,8.628264350670738,100.0,3.3417940735678253
2020-10-13 00:00:00,0.0,40.0,0.0,0.0,0.0,40.0,60.0,Fall,0.0,0.0,100.0,60.0
2020-10-13 01:00:00,0.0,40.0,0.0,0.0,0.0,40.0,60.0,Fall,0.0,0.0,100.0,60.0
2020-10-13 02:00:00,0.0,40.0,0.0,0.0,0.0,40.0,60.0,Fall,0.0,0.0,100.0,60.0
2020-10-13 03:00:00,0.0,40.0,0.0,0.0,0.0,40.0,60.0,Fall,0.0,0.0,100.0,60.0
2020-10-13 04:00:00,0.0,40.0,0.0,0.0,0.0,40.0,60.0,Fall,0.0,0.0,100.0,60.0
2020-10-13 05:00:00,0.0,40.0,0.0,0.0,0.0,40.0,60.0,Fall,0.0,0.0,100.0,60.0
2020-10-13 06:00:00,24.2712,64.2712,0.0,0.0,0.0,40.0,35.72880000000001,Fall,1.3484,0.0,100.0,35.72880000000001
2020-10-13 07:00:00,90.2358,100.0,0.0,0.0,0.0,9.764200000000002,0.0,Fall,5.0131000000000006,0.0,24.410500000000006,0.0
2020-10-13 08:00:00,254.43,100.0,154.43,0.0,144.86818115790646,0.0,0.0,Fall,14.135,0.0,0.0,0.0
2020-10-13 09:00:00,489.978,100.0,200.0,0.0,332.48481155084363,0.0,0.0,Fall,27.221,0.0,0.0,0.0
2020-10-13 10:00:00,497.502,100.0,200.0,0.0,520.1014419437809,0.0,0.0,Fall,27.639000000000003,0.0,0.0,0.0
2020-10-13 11:00:00,390.924,100.0,179.89855805621914,0.0,688.861248319061,0.0,0.0,Fall,21.718,0.0,0.0,0.0
2020-10-13 12:00:00,412.38,100.0,11.138751680938993,0.0,699.3103236048682,0.0,0.0,Fall,22.91,0.0,0.0,0.0
2020-10-13 13:00:00,416.34,100.0,0.6896763951317407,0.0,699.9572974114492,0.0,0.0,Fall,23.13,0.0,0.0,0.0
2020-10-13 14:00:00,1011.168,100.0,0.042702588550862855,0.0,699.997355990314,0.0,0.0,Fall,56.176,0.0,0.0,0.0
2020-10-13 15:00:00,274.356,100.0,0.002644009686075151,0.0,699.999836291254,0.0,0.0,Fall,15.242,0.0,0.0,0.0
2020-10-13 16:00:00,44.7642,100.0,0.0,58.88156064237613,641.118275648878,0.0,0.0,Fall,2.4869000000000003,8.411651520339447,0.0,0.0
2020-10-13 17:00:00,0.0,100.0,0.0,106.60035817780522,534.5179174710728,0.0,0.0,Fall,0.0,15.228622596829316,0.0,0.0
2020-10-13 18:00:00,0.0,100.0,0.0,106.60035817780522,427.9175592932676,0.0,0.0,Fall,0.0,15.228622596829316,0.0,0.0
2020-10-13 19:00:00,0.0,100.0,0.0,106.60035817780522,321.31720111546235,0.0,0.0,Fall,0.0,15.228622596829316,0.0,0.0
2020-10-13 20:00:00,0.0,100.0,0.0,106.60035817780522,214.71684293765713,0.0,0.0,Fall,0.0,15.228622596829316,0.0,0.0
2020-10-13 21:00:00,0.0,100.0,0.0,106.60035817780522,108.11648475985193,0.0,0.0,Fall,0.0,15.228622596829316,0.0,0.0
2020-10-13 22:00:00,0.0,100.0,0.0,106.60035817780522,1.5161265820467087,0.0,0.0,Fall,0.0,15.228622596829316,0.0,0.0
2020-10-13 23:00:00,0.0,41.422252802863824,0.0,1.5161265820467087,0.0,40.0,58.577747197136176,Fall,0.0,0.2165895117209584,100.0,58.577747197136176
2020-10-14 00:00:00,0.0,40.0,0.0,0.0,0.0,40.0,60.0,Fall,0.0,0.0,100.0,60.0
2020-10-14 01:00:00,0.0,40.0,0.0,0.0,0.0,40.0,60.0,Fall,0.0,0.0,100.0,60.0
2020-10-14 02:00:00,0.0,40.0,0.0,0.0,0.0,40.0,60.0,Fall,0.0,0.0,100.0,60.0
2020-10-14 03:00:00,0.0,40.0,0.0,0.0,0.0,40.0,60.0,Fall,0.0,0.0,100.0,60.0
2020-10-14 04:00:00,0.0,40.0,0.0,0.0,0.0,40.0,60.0,Fall,0.0,0.0,100.0,60.0
2020-10-14 05:00:00,0.0,40.0,0.0,0.0,0.0,40.0,60.0,Fall,0.0,0.0,100.0,60.0
2020-10-14 06:00:00,82.5498,100.0,0.0,0.0,0.0,17.450199999999995,0.0,Fall,4.586100000000001,0.0,43.62549999999999,0.0
2020-10-14 07:00:00,1494.612,100.0,200.0,0.0,187.6166303929372,0.0,0.0,Fall,83.034,0.0,0.0,0.0
2020-10-14 08:00:00,994.824,100.0,200.0,0.0,375.2332607858744,0.0,0.0,Fall,55.267999999999994,0.0,0.0,0.0
2020-10-14 09:00:00,646.398,100.0,200.0,0.0,562.8498911788115,0.0,0.0,Fall,35.911,0.0,0.0,0.0
2020-10-14 10:00:00,366.21,100.0,137.15010882118844,0.0,691.5080975540917,0.0,0.0,Fall,20.345,0.0,0.0,0.0
2020-10-14 11:00:00,436.5,100.0,8.491902445908286,0.0,699.4742081667259,0.0,0.0,Fall,24.25,0.0,0.0,0.0
2020-10-14 12:00:00,423.918,100.0,0.5257918332740664,0.0,699.9674446269609,0.0,0.0,Fall,23.551,0.0,0.0,0.0
2020-10-14 13:00:00,399.348,100.0,0.03255537303909659,0.0,699.9979842739149,0.0,0.0,Fall,22.186,0.0,0.0,0.0
2020-10-14 14:00:00,367.38,100.0,0.0020157260851701724,0.0,699.9998751925942,0.0,0.0,Fall,20.41,0.0,0.0,0.0
2020-10-14 15:00:00,190.764,100.0,0.00012480740575119854,0.0,699.9999922723188,0.0,0.0,Fall,10.598,0.0,0.0,0.0
2020-10-14 16:00:00,195.246,100.0,7.727681193500757e-06,0.0,699.9999995215264,0.0,0.0,Fall,10.847000000000001,0.0,0.0,0.0
2020-10-14 17:00:00,0.0,100.0,0.0,106.60035817780522,593.3996413437212,0.0,0.0,Fall,0.0,15.228622596829316,0.0,0.0
2020-10-14 18:00:00,0.0,100.0,0.0,106.60035817780522,486.799283165916,0.0,0.0,Fall,0.0,15.228622596829316,0.0,0.0
2020-10-14 19:00:00,0.0,100.0,0.0,106.60035817780522,380.1989249881108,0.0,0.0,Fall,0.0,15.228622596829316,0.0,0.0
2020-10-14 20:00:00,0.0,100.0,0.0,106.60035817780522,273.59856681030556,0.0,0.0,Fall,0.0,15.228622596829316,0.0,0.0
2020-10-14 21:00:00,0.0,100.0,0.0,106.60035817780522,166.99820863250036,0.0,0.0,Fall,0.0,15.228622596829316,0.0,0.0
2020-10-14 22:00:00,0.0,100.0,0.0,106.60035817780522,60.39785045469516,0.0,0.0,Fall,0.0,15.228622596829316,0.0,0.0
2020-10-14 23:00:00,0.0,96.65820592643217,0.0,60.39785045469516,0.0,40.0,3.3417940735678258,Fall,0.0,8.628264350670738,100.0,3.3417940735678253
2020-10-15 00:00:00,0.0,40.0,0.0,0.0,0.0,40.0,60.0,Fall,0.0,0.0,100.0,60.0
2020-10-15 01:00:00,0.0,40.0,0.0,0.0,0.0,40.0,60.0,Fall,0.0,0.0,100.0,60.0
2020-10-15 02:00:00,0.0,40.0,0.0,0.0,0.0,40.0,60.0,Fall,0.0,0.0,100.0,60.0
2020-10-15 03:00:00,0.0,40.0,0.0,0.0,0.0,40.0,60.0,Fall,0.0,0.0,100.0,60.0
2020-10-15 04:00:00,0.0,40.0,0.0,0.0,0.0,40.0,60.0,Fall,0.0,0.0,100.0,60.0
2020-10-15 05:00:00,0.0,40.0,0.0,0.0,0.0,40.0,60.0,Fall,0.0,0.0,100.0,60.0
2020-10-15 06:00:00,192.06,100.0,92.06,0.0,86.35993496986899,0.0,0.0,Fall,10.67,0.0,0.0,0.0
2020-10-15 07:00:00,1657.998,100.0,200.0,0.0,273.9765653628062,0.0,0.0,Fall,92.111,0.0,0.0,0.0
2020-10-15 08:00:00,2329.128,100.0,200.0,0.0,461.5931957557434,0.0,0.0,Fall,129.396,0.0,0.0,0.0
2020-10-15 09:00:00,2307.942,100.0,200.0,0.0,649.2098261486807,0.0,0.0,Fall,128.219,0.0,0.0,0.0
2020-10-15 10:00:00,2092.482,100.0,50.79017385131936,0.0,696.8552325239607,0.0,0.0,Fall,116.249,0.0,0.0,0.0
2020-10-15 11:00:00,1633.986,100.0,3.1447674760393567,0.0,699.8052859100798,0.0,0.0,Fall,90.777,0.0,0.0,0.0
2020-10-15 12:00:00,1975.5,100.0,0.19471408992027864,0.0,699.987943917284,0.0,0.0,Fall,109.74999999999999,0.0,0.0,0.0
2020-10-15 13:00:00,1905.75,100.0,0.012056082715978847,0.0,699.9992535253587,0.0,0.0,Fall,105.87500000000001,0.0,0.0,0.0
2020-10-15 14:00:00,1694.664,100.0,0.0007464746413752436,0.0,699.9999537806431,0.0,0.0,Fall,94.148,0.0,0.0,0.0
2020-10-15 15:00:00,2057.058,100.0,4.621935694012791e-05,0.0,699.9999971382431,0.0,0.0,Fall,114.281,0.0,0.0,0.0
2020-10-15 16:00:00,785.268,100.0,2.861756947822869e-06,0.0,699.9999998228091,0.0,0.0,Fall,43.626000000000005,0.0,0.0,0.0
2020-10-15 17:00:00,0.0,100.0,0.0,106.60035817780522,593.3996416450038,0.0,0.0,Fall,0.0,15.228622596829316,0.0,0.0
2020-10-15 18:00:00,0.0,100.0,0.0,106.60035817780522,486.7992834671986,0.0,0.0,Fall,0.0,15.228622596829316,0.0,0.0
2020-10-15 19:00:00,0.0,100.0,0.0,106.60035817780522,380.1989252893934,0.0,0.0,Fall,0.0,15.228622596829316,0.0,0.0
2020-10-15 20:00:00,0.0,100.0,0.0,106.60035817780522,273.5985671115882,0.0,0.0,Fall,0.0,15.228622596829316,0.0,0.0
2020-10-15 21:00:00,0.0,100.0,0.0,106.60035817780522,166.998208933783,0.0,0.0,Fall,0.0,15.228622596829316,0.0,0.0
2020-10-15 22:00:00,0.0,100.0,0.0,106.60035817780522,60.39785075597778,0.0,0.0,Fall,0.0,15.228622596829316,0.0,0.0
2020-10-15 23:00:00,0.0,96.65820620906032,0.0,60.39785075597778,0.0,40.0,3.3417937909396755,Fall,0.0,8.628264393711111,100.0,3.3417937909396755
2020-10-16 00:00:00,0.0,40.0,0.0,0.0,0.0,40.0,60.0,Fall,0.0,0.0,100.0,60.0
2020-10-16 01:00:00,0.0,40.0,0.0,0.0,0.0,40.0,60.0,Fall,0.0,0.0,100.0,60.0
2020-10-16 02:00:00,0.0,40.0,0.0,0.0,0.0,40.0,60.0,Fall,0.0,0.0,100.0,60.0
2020-10-16 03:00:00,0.0,40.0,0.0,0.0,0.0,40.0,60.0,Fall,0.0,0.0,100.0,60.0
2020-10-16 04:00:00,0.0,40.0,0.0,0.0,0.0,40.0,60.0,Fall,0.0,0.0,100.0,60.0
2020-10-16 05:00:00,0.0,40.0,0.0,0.0,0.0,40.0,60.0,Fall,0.0,0.0,100.0,60.0
2020-10-16 06:00:00,193.284,100.0,93.28399999999999,0.0,87.50814874787376,0.0,0.0,Fall,10.738,0.0,0.0,0.0
2020-10-16 07:00:00,1644.048,100.0,200.0,0.0,275.124779140811,0.0,0.0,Fall,91.336,0.0,0.0,0.0
2020-10-16 08:00:00,1830.474,100.0,200.0,0.0,462.7414095337482,0.0,0.0,Fall,101.69299999999998,0.0,0.0,0.0
2020-10-16 09:00:00,2194.11,100.0,200.0,0.0,650.3580399266854,0.0,0.0,Fall,121.895,0.0,0.0,0.0
2020-10-16 10:00:00,2040.066,100.0,49.64196007331461,0.0,696.9263263019654,0.0,0.0,Fall,113.337,0.0,0.0,0.0
2020-10-16 11:00:00,1956.726,100.0,3.0736736980346033,0.0,699.8096878127287,0.0,0.0,Fall,108.707,0.0,0.0,0.0
2020-10-16 12:00:00,1176.336,100.0,0.19031218727130908,0.0,699.9882164692214,0.0,0.0,Fall,65.352,0.0,0.0,0.0
2020-10-16 13:00:00,302.742,100.0,0.011783530778600834,0.0,699.9992704009154,0.0,0.0,Fall,16.819,0.0,0.0,0.0
2020-10-16 14:00:00,226.098,100.0,0.000729599084588699,0.0,699.9999548255244,0.0,0.0,Fall,12.561,0.0,0.0,0.0
2020-10-16 15:00:00,139.79880000000003,100.0,4.517447564285249e-05,0.0,699.9999972029389,0.0,0.0,Fall,7.766600000000001,0.0,0.0,0.0
2020-10-16 16:00:00,46.1556,100.0,0.0,57.39832325869015,642.6016739442487,0.0,0.0,Fall,2.5641999999999996,8.199760465527165,0.0,0.0
2020-10-16 17:00:00,0.0,100.0,0.0,106.60035817780522,536.0013157664436,0.0,0.0,Fall,0.0,15.228622596829316,0.0,0.0
2020-10-16 18:00:00,0.0,100.0,0.0,106.60035817780522,429.4009575886383,0.0,0.0,Fall,0.0,15.228622596829316,0.0,0.0
2020-10-16 19:00:00,0.0,100.0,0.0,106.60035817780522,322.8005994108331,0.0,0.0,Fall,0.0,15.228622596829316,0.0,0.0
2020-10-16 20:00:00,0.0,100.0,0.0,106.60035817780522,216.2002412330279,0.0,0.0,Fall,0.0,15.228622596829316,0.0,0.0
2020-10-16 21:00:00,0.0,100.0,0.0,106.60035817780522,109.59988305522268,0.0,0.0,Fall,0.0,15.228622596829316,0.0,0.0
2020-10-16 22:00:00,0.0,100.0,0.0,106.60035817780522,2.9995248774174543,0.0,0.0,Fall,0.0,15.228622596829316,0.0,0.0
2020-10-16 23:00:00,0.0,42.81380375140425,0.0,2.9995248774174543,0.0,40.0,57.18619624859575,Fall,0.0,0.42850355391677913,100.0,57.18619624859574
2020-10-17 00:00:00,0.0,40.0,0.0,0.0,0.0,40.0,60.0,Fall,0.0,0.0,100.0,60.0
2020-10-17 01:00:00,0.0,40.0,0.0,0.0,0.0,40.0,60.0,Fall,0.0,0.0,100.0,60.0
2020-10-17 02:00:00,0.0,40.0,0.0,0.0,0.0,40.0,60.0,Fall,0.0,0.0,100.0,60.0
2020-10-17 03:00:00,0.0,40.0,0.0,0.0,0.0,40.0,60.0,Fall,0.0,0.0,100.0,60.0
2020-10-17 04:00:00,0.0,40.0,0.0,0.0,0.0,40.0,60.0,Fall,0.0,0.0,100.0,60.0
2020-10-17 05:00:00,0.0,40.0,0.0,0.0,0.0,40.0,60.0,Fall,0.0,0.0,100.0,60.0
2020-10-17 06:00:00,115.39259999999999,100.0,15.392599999999987,0.0,14.439538724931612,0.0,0.0,Fall,6.410699999999999,0.0,0.0,0.0
2020-10-17 07:00:00,1533.186,100.0,200.0,0.0,202.05616911786882,0.0,0.0,Fall,85.17699999999999,0.0,0.0,0.0
2020-10-17 08:00:00,1871.424,100.0,200.0,0.0,389.672799510806,0.0,0.0,Fall,103.96799999999999,0.0,0.0,0.0
2020-10-17 09:00:00,2231.676,100.0,200.0,0.0,577.2894299037432,0.0,0.0,Fall,123.982,0.0,0.0,0.0
2020-10-17 10:00:00,2096.496,100.0,122.71057009625679,0.0,692.4021482790233,0.0,0.0,Fall,116.472,0.0,0.0,0.0
2020-10-17 11:00:00,2002.536,100.0,7.597851720976643,0.0,699.5295649695973,0.0,0.0,Fall,111.252,0.0,0.0,0.0
2020-10-17 12:00:00,2015.046,100.0,0.47043503040261564,0.0,699.9708721457121,0.0,0.0,Fall,111.947,0.0,0.0,0.0
2020-10-17 13:00:00,2156.112,100.0,0.029127854287973605,0.0,699.9981964950724,0.0,0.0,Fall,119.784,0.0,0.0,0.0
2020-10-17 14:00:00,2199.438,100.0,0.0018035049275495112,0.0,699.9998883326595,0.0,0.0,Fall,122.191,0.0,0.0,0.0
2020-10-17 15:00:00,1341.612,100.0,0.00011166734050493687,0.0,699.9999930859102,0.0,0.0,Fall,74.534,0.0,0.0,0.0
2020-10-17 16:00:00,294.57,100.0,6.914089783094823e-06,0.0,699.9999995719014,0.0,0.0,Fall,16.365,0.0,0.0,0.0
2020-10-17 17:00:00,0.0,100.0,0.0,106.60035817780522,593.3996413940962,0.0,0.0,Fall,0.0,15.228622596829316,0.0,0.0
2020-10-17 18:00:00,0.0,100.0,0.0,106.60035817780522,486.799283216291,0.0,0.0,Fall,0.0,15.228622596829316,0.0,0.0
2020-10-17 19:00:00,0.0,100.0,0.0,106.60035817780522,380.1989250384858,0.0,0.0,Fall,0.0,15.228622596829316,0.0,0.0
2020-10-17 20:00:00,0.0,100.0,0.0,106.60035817780522,273.5985668606806,0.0,0.0,Fall,0.0,15.228622596829316,0.0,0.0
2020-10-17 21:00:00,0.0,100.0,0.0,106.60035817780522,166.99820868287537,0.0,0.0,Fall,0.0,15.228622596829316,0.0,0.0
2020-10-17 22:00:00,0.0,100.0,0.0,106.60035817780522,60.39785050507017,0.0,0.0,Fall,0.0,15.228622596829316,0.0,0.0
2020-10-17 23:00:00,0.0,96.65820597368813,0.0,60.39785050507017,0.0,40.0,3.341794026311881,Fall,0.0,8.628264357867167,100.0,3.3417940263118813
2020-10-18 00:00:00,0.0,40.0,0.0,0.0,0.0,40.0,60.0,Fall,0.0,0.0,100.0,60.0
2020-10-18 01:00:00,0.0,40.0,0.0,0.0,0.0,40.0,60.0,Fall,0.0,0.0,100.0,60.0
2020-10-18 02:00:00,0.0,40.0,0.0,0.0,0.0,40.0,60.0,Fall,0.0,0.0,100.0,60.0
2020-10-18 03:00:00,0.0,40.0,0.0,0.0,0.0,40.0,60.0,Fall,0.0,0.0,100.0,60.0
2020-10-18 04:00:00,0.0,40.0,0.0,0.0,0.0,40.0,60.0,Fall,0.0,0.0,100.0,60.0
2020-10-18 05:00:00,0.0,40.0,0.0,0.0,0.0,40.0,60.0,Fall,0.0,0.0,100.0,60.0
2020-10-18 06:00:00,0.0,40.0,0.0,0.0,0.0,40.0,60.0,Fall,0.0,0.0,100.0,60.0
2020-10-18 07:00:00,145.3536,100.0,45.3536,0.0,42.54544804094558,0.0,0.0,Fall,8.0752,0.0,0.0,0.0
2020-10-18 08:00:00,575.388,100.0,200.0,0.0,230.16207843388275,0.0,0.0,Fall,31.966,0.0,0.0,0.0
2020-10-18 09:00:00,489.366,100.0,200.0,0.0,417.77870882682,0.0,0.0,Fall,27.187,0.0,0.0,0.0
2020-10-18 10:00:00,1468.278,100.0,200.0,0.0,605.3953392197571,0.0,0.0,Fall,81.571,0.0,0.0,0.0
2020-10-18 11:00:00,1765.962,100.0,94.60466078024288,0.0,694.1423775950373,0.0,0.0,Fall,98.10900000000001,0.0,0.0,0.0
2020-10-18 12:00:00,1354.284,100.0,5.857622404962778,0.0,699.6373144837037,0.0,0.0,Fall,75.238,0.0,0.0,0.0
2020-10-18 13:00:00,1130.382,100.0,0.36268551629630386,0.0,699.9775436560028,0.0,0.0,Fall,62.79900000000001,0.0,0.0,0.0
2020-10-18 14:00:00,578.286,100.0,0.022456343997153454,0.0,699.9986095739614,0.0,0.0,Fall,32.126999999999995,0.0,0.0,0.0
2020-10-18 15:00:00,1329.498,100.0,0.0013904260386480018,0.0,699.9999139092022,0.0,0.0,Fall,73.861,0.0,0.0,0.0
2020-10-18 16:00:00,201.69,100.0,8.60907977912575e-05,0.0,699.9999946695291,0.0,0.0,Fall,11.205,0.0,0.0,0.0
2020-10-18 17:00:00,0.0,100.0,0.0,106.60035817780522,593.399636491724,0.0,0.0,Fall,0.0,15.228622596829316,0.0,0.0
2020-10-18 18:00:00,0.0,100.0,0.0,106.60035817780522,486.79927831391876,0.0,0.0,Fall,0.0,15.228622596829316,0.0,0.0
2020-10-18 19:00:00,0.0,100.0,0.0,106.60035817780522,380.19892013611354,0.0,0.0,Fall,0.0,15.228622596829316,0.0,0.0
2020-10-18 20:00:00,0.0,100.0,0.0,106.60035817780522,273.5985619583083,0.0,0.0,Fall,0.0,15.228622596829316,0.0,0.0
2020-10-18 21:00:00,0.0,100.0,0.0,106.60035817780522,166.99820378050313,0.0,0.0,Fall,0.0,15.228622596829316,0.0,0.0
2020-10-18 22:00:00,0.0,100.0,0.0,106.60035817780522,60.39784560269791,0.0,0.0,Fall,0.0,15.228622596829316,0.0,0.0
2020-10-18 23:00:00,0.0,96.65820137485531,0.0,60.39784560269791,0.0,40.0,3.3417986251446976,Fall,0.0,8.628263657528274,100.0,3.3417986251446976
2020-10-19 00:00:00,0.0,40.0,0.0,0.0,0.0,40.0,60.0,Fall,0.0,0.0,100.0,60.0
2020-10-19 01:00:00,0.0,40.0,0.0,0.0,0.0,40.0,60.0,Fall,0.0,0.0,100.0,60.0
2020-10-19 02:00:00,0.0,40.0,0.0,0.0,0.0,40.0,60.0,Fall,0.0,0.0,100.0,60.0
2020-10-19 03:00:00,0.0,40.0,0.0,0.0,0.0,40.0,60.0,Fall,0.0,0.0,100.0,60.0
2020-10-19 04:00:00,0.0,40.0,0.0,0.0,0.0,40.0,60.0,Fall,0.0,0.0,100.0,60.0
2020-10-19 05:00:00,0.0,40.0,0.0,0.0,0.0,40.0,60.0,Fall,0.0,0.0,100.0,60.0
2020-10-19 06:00:00,16.86996,56.86996,0.0,0.0,0.0,40.0,43.13004000000001,Fall,0.9372199999999999,0.0,100.0,43.13004000000001
2020-10-19 07:00:00,311.364,100.0,200.0,0.0,187.6166303929372,0.0,0.0,Fall,17.298,0.0,0.0,0.0
2020-10-19 08:00:00,1332.504,100.0,200.0,0.0,375.2332607858744,0.0,0.0,Fall,74.02799999999999,0.0,0.0,0.0
2020-10-19 09:00:00,2095.146,100.0,200.0,0.0,562.8498911788115,0.0,0.0,Fall,116.39700000000002,0.0,0.0,0.0
2020-10-19 10:00:00,2049.318,100.0,137.15010882118844,0.0,691.5080975540917,0.0,0.0,Fall,113.85100000000001,0.0,0.0,0.0
2020-10-19 11:00:00,1975.446,100.0,8.491902445908286,0.0,699.4742081667259,0.0,0.0,Fall,109.747,0.0,0.0,0.0
2020-10-19 12:00:00,1821.546,100.0,0.5257918332740664,0.0,699.9674446269609,0.0,0.0,Fall,101.197,0.0,0.0,0.0
2020-10-19 13:00:00,1477.674,100.0,0.03255537303909659,0.0,699.9979842739149,0.0,0.0,Fall,82.09299999999999,0.0,0.0,0.0
2020-10-19 14:00:00,1995.624,100.0,0.0020157260851701724,0.0,699.9998751925942,0.0,0.0,Fall,110.86800000000001,0.0,0.0,0.0
2020-10-19 15:00:00,1993.356,100.0,0.00012480740575119854,0.0,699.9999922723188,0.0,0.0,Fall,110.742,0.0,0.0,0.0
2020-10-19 16:00:00,501.3,100.0,7.727681193500757e-06,0.0,699.9999995215264,0.0,0.0,Fall,27.85,0.0,0.0,0.0
2020-10-19 17:00:00,0.0,100.0,0.0,106.60035817780522,593.3996413437212,0.0,0.0,Fall,0.0,15.228622596829316,0.0,0.0
2020-10-19 18:00:00,0.0,100.0,0.0,106.60035817780522,486.799283165916,0.0,0.0,Fall,0.0,15.228622596829316,0.0,0.0
2020-10-19 19:00:00,0.0,100.0,0.0,106.60035817780522,380.1989249881108,0.0,0.0,Fall,0.0,15.228622596829316,0.0,0.0
2020-10-19 20:00:00,0.0,100.0,0.0,106.60035817780522,273.59856681030556,0.0,0.0,Fall,0.0,15.228622596829316,0.0,0.0
2020-10-19 21:00:00,0.0,100.0,0.0,106.60035817780522,166.99820863250036,0.0,0.0,Fall,0.0,15.228622596829316,0.0,0.0
2020-10-19 22:00:00,0.0,100.0,0.0,106.60035817780522,60.39785045469516,0.0,0.0,Fall,0.0,15.228622596829316,0.0,0.0
2020-10-19 23:00:00,0.0,96.65820592643217,0.0,60.39785045469516,0.0,40.0,3.3417940735678258,Fall,0.0,8.628264350670738,100.0,3.3417940735678253
2020-10-20 00:00:00,0.0,40.0,0.0,0.0,0.0,40.0,60.0,Fall,0.0,0.0,100.0,60.0
2020-10-20 01:00:00,0.0,40.0,0.0,0.0,0.0,40.0,60.0,Fall,0.0,0.0,100.0,60.0
2020-10-20 02:00:00,0.0,40.0,0.0,0.0,0.0,40.0,60.0,Fall,0.0,0.0,100.0,60.0
2020-10-20 03:00:00,0.0,40.0,0.0,0.0,0.0,40.0,60.0,Fall,0.0,0.0,100.0,60.0
2020-10-20 04:00:00,0.0,40.0,0.0,0.0,0.0,40.0,60.0,Fall,0.0,0.0,100.0,60.0
2020-10-20 05:00:00,0.0,40.0,0.0,0.0,0.0,40.0,60.0,Fall,0.0,0.0,100.0,60.0
2020-10-20 06:00:00,25.3818,65.3818,0.0,0.0,0.0,40.0,34.6182,Fall,1.4101,0.0,100.0,34.6182
2020-10-20 07:00:00,710.748,100.0,200.0,0.0,187.6166303929372,0.0,0.0,Fall,39.486000000000004,0.0,0.0,0.0
2020-10-20 08:00:00,1118.25,100.0,200.0,0.0,375.2332607858744,0.0,0.0,Fall,62.125,0.0,0.0,0.0
2020-10-20 09:00:00,1959.102,100.0,200.0,0.0,562.8498911788115,0.0,0.0,Fall,108.839,0.0,0.0,0.0
2020-10-20 10:00:00,2075.472,100.0,137.15010882118844,0.0,691.5080975540917,0.0,0.0,Fall,115.304,0.0,0.0,0.0
2020-10-20 11:00:00,1957.392,100.0,8.491902445908286,0.0,699.4742081667259,0.0,0.0,Fall,108.744,0.0,0.0,0.0
2020-10-20 12:00:00,1992.816,100.0,0.5257918332740664,0.0,699.9674446269609,0.0,0.0,Fall,110.71200000000002,0.0,0.0,0.0
2020-10-20 13:00:00,2084.67,100.0,0.03255537303909659,0.0,699.9979842739149,0.0,0.0,Fall,115.815,0.0,0.0,0.0
2020-10-20 14:00:00,1949.202,100.0,0.0020157260851701724,0.0,699.9998751925942,0.0,0.0,Fall,108.28899999999999,0.0,0.0,0.0
2020-10-20 15:00:00,466.47,100.0,0.00012480740575119854,0.0,699.9999922723188,0.0,0.0,Fall,25.915,0.0,0.0,0.0
2020-10-20 16:00:00,28.5354,100.0,0.0,76.1815195703358,623.8184727019831,0.0,0.0,Fall,1.5853,10.883074224333685,0.0,0.0
2020-10-20 17:00:00,0.0,100.0,0.0,106.60035817780522,517.2181145241778,0.0,0.0,Fall,0.0,15.228622596829316,0.0,0.0
2020-10-20 18:00:00,0.0,100.0,0.0,106.60035817780522,410.61775634637263,0.0,0.0,Fall,0.0,15.228622596829316,0.0,0.0
2020-10-20 19:00:00,0.0,100.0,0.0,106.60035817780522,304.01739816856747,0.0,0.0,Fall,0.0,15.228622596829316,0.0,0.0
2020-10-20 20:00:00,0.0,100.0,0.0,106.60035817780522,197.41703999076225,0.0,0.0,Fall,0.0,15.228622596829316,0.0,0.0
2020-10-20 21:00:00,0.0,100.0,0.0,106.60035817780522,90.81668181295703,0.0,0.0,Fall,0.0,15.228622596829316,0.0,0.0
2020-10-20 22:00:00,0.0,100.0,0.0,90.81668181295703,0.0,14.806400873927302,0.0,Fall,0.0,12.97381168756529,37.016002184818255,0.0
2020-10-20 23:00:00,0.0,40.0,0.0,0.0,0.0,40.0,60.0,Fall,0.0,0.0,100.0,60.0
2020-10-21 00:00:00,0.0,40.0,0.0,0.0,0.0,40.0,60.0,Fall,0.0,0.0,100.0,60.0
2020-10-21 01:00:00,0.0,40.0,0.0,0.0,0.0,40.0,60.0,Fall,0.0,0.0,100.0,60.0
2020-10-21 02:00:00,0.0,40.0,0.0,0.0,0.0,40.0,60.0,Fall,0.0,0.0,100.0,60.0
2020-10-21 03:00:00,0.0,40.0,0.0,0.0,0.0,40.0,60.0,Fall,0.0,0.0,100.0,60.0
2020-10-21 04:00:00,0.0,40.0,0.0,0.0,0.0,40.0,60.0,Fall,0.0,0.0,100.0,60.0
2020-10-21 05:00:00,0.0,40.0,0.0,0.0,0.0,40.0,60.0,Fall,0.0,0.0,100.0,60.0
2020-10-21 06:00:00,17.110260000000004,57.110260000000004,0.0,0.0,0.0,40.0,42.88973999999999,Fall,0.9505700000000002,0.0,100.0,42.88973999999999
2020-10-21 07:00:00,355.536,100.0,200.0,0.0,187.6166303929372,0.0,0.0,Fall,19.752,0.0,0.0,0.0
2020-10-21 08:00:00,343.152,100.0,200.0,0.0,375.2332607858744,0.0,0.0,Fall,19.064,0.0,0.0,0.0
2020-10-21 09:00:00,1368.882,100.0,200.0,0.0,562.8498911788115,0.0,0.0,Fall,76.049,0.0,0.0,0.0
2020-10-21 10:00:00,837.684,100.0,137.15010882118844,0.0,691.5080975540917,0.0,0.0,Fall,46.538,0.0,0.0,0.0
2020-10-21 11:00:00,412.218,100.0,8.491902445908286,0.0,699.4742081667259,0.0,0.0,Fall,22.901000000000003,0.0,0.0,0.0
2020-10-21 12:00:00,975.258,100.0,0.5257918332740664,0.0,699.9674446269609,0.0,0.0,Fall,54.181000000000004,0.0,0.0,0.0
2020-10-21 13:00:00,1273.086,100.0,0.03255537303909659,0.0,699.9979842739149,0.0,0.0,Fall,70.72699999999999,0.0,0.0,0.0
2020-10-21 14:00:00,1239.156,100.0,0.0020157260851701724,0.0,699.9998751925942,0.0,0.0,Fall,68.842,0.0,0.0,0.0
2020-10-21 15:00:00,379.998,100.0,0.00012480740575119854,0.0,699.9999922723188,0.0,0.0,Fall,21.111,0.0,0.0,0.0
2020-10-21 16:00:00,74.4678,100.0,0.0,27.217416650673584,672.7825756216452,0.0,0.0,Fall,4.1371,3.888202378667655,0.0,0.0
2020-10-21 17:00:00,0.0,100.0,0.0,106.60035817780522,566.18221744384,0.0,0.0,Fall,0.0,15.228622596829316,0.0,0.0
2020-10-21 18:00:00,0.0,100.0,0.0,106.60035817780522,459.58185926603477,0.0,0.0,Fall,0.0,15.228622596829316,0.0,0.0
2020-10-21 19:00:00,0.0,100.0,0.0,106.60035817780522,352.9815010882296,0.0,0.0,Fall,0.0,15.228622596829316,0.0,0.0
2020-10-21 20:00:00,0.0,100.0,0.0,106.60035817780522,246.3811429104244,0.0,0.0,Fall,0.0,15.228622596829316,0.0,0.0
2020-10-21 21:00:00,0.0,100.0,0.0,106.60035817780522,139.7807847326192,0.0,0.0,Fall,0.0,15.228622596829316,0.0,0.0
2020-10-21 22:00:00,0.0,100.0,0.0,106.60035817780522,33.18042655481397,0.0,0.0,Fall,0.0,15.228622596829316,0.0,0.0
2020-10-21 23:00:00,0.0,71.12599912607266,0.0,33.18042655481397,0.0,40.0,28.874000873927343,Fall,0.0,4.740060936401996,100.0,28.87400087392734
2020-10-22 00:00:00,0.0,40.0,0.0,0.0,0.0,40.0,60.0,Fall,0.0,0.0,100.0,60.0
2020-10-22 01:00:00,0.0,40.0,0.0,0.0,0.0,40.0,60.0,Fall,0.0,0.0,100.0,60.0
2020-10-22 02:00:00,0.0,40.0,0.0,0.0,0.0,40.0,60.0,Fall,0.0,0.0,100.0,60.0
2020-10-22 03:00:00,0.0,40.0,0.0,0.0,0.0,40.0,60.0,Fall,0.0,0.0,100.0,60.0
2020-10-22 04:00:00,0.0,40.0,0.0,0.0,0.0,40.0,60.0,Fall,0.0,0.0,100.0,60.0
2020-10-22 05:00:00,0.0,40.0,0.0,0.0,0.0,40.0,60.0,Fall,0.0,0.0,100.0,60.0
2020-10-22 06:00:00,123.2694,100.0,23.269400000000005,0.0,21.828632096327066,0.0,0.0,Fall,6.8483,0.0,0.0,0.0
2020-10-22 07:00:00,1498.158,100.0,200.0,0.0,209.44526248926425,0.0,0.0,Fall,83.231,0.0,0.0,0.0
2020-10-22 08:00:00,2136.942,100.0,200.0,0.0,397.06189288220145,0.0,0.0,Fall,118.719,0.0,0.0,0.0
2020-10-22 09:00:00,2179.602,100.0,200.0,0.0,584.6785232751387,0.0,0.0,Fall,121.089,0.0,0.0,0.0
2020-10-22 10:00:00,2053.494,100.0,115.32147672486131,0.0,692.8596576504189,0.0,0.0,Fall,114.083,0.0,0.0,0.0
2020-10-22 11:00:00,1947.042,100.0,7.1403423495811875,0.0,699.5578925078208,0.0,0.0,Fall,108.16900000000001,0.0,0.0,0.0
2020-10-22 12:00:00,1977.714,100.0,0.4421074921791442,0.0,699.9726260975915,0.0,0.0,Fall,109.873,0.0,0.0,0.0
2020-10-22 13:00:00,2066.274,100.0,0.027373902408522555,0.0,699.9983050942444,0.0,0.0,Fall,114.79299999999999,0.0,0.0,0.0
2020-10-22 14:00:00,1606.302,100.0,0.0016949057555757463,0.0,699.9998950567779,0.0,0.0,Fall,89.23899999999999,0.0,0.0,0.0
2020-10-22 15:00:00,617.202,100.0,0.00010494322213344276,0.0,699.9999935022464,0.0,0.0,Fall,34.288999999999994,0.0,0.0,0.0
2020-10-22 16:00:00,56.3328,100.0,0.0,46.549391606218556,653.4506018960279,0.0,0.0,Fall,3.1296,6.64991308660265,0.0,0.0
2020-10-22 17:00:00,0.0,100.0,0.0,106.60035817780522,546.8502437182227,0.0,0.0,Fall,0.0,15.228622596829316,0.0,0.0
2020-10-22 18:00:00,0.0,100.0,0.0,106.60035817780522,440.2498855404175,0.0,0.0,Fall,0.0,15.228622596829316,0.0,0.0
2020-10-22 19:00:00,0.0,100.0,0.0,106.60035817780522,333.64952736261233,0.0,0.0,Fall,0.0,15.228622596829316,0.0,0.0
2020-10-22 20:00:00,0.0,100.0,0.0,106.60035817780522,227.0491691848071,0.0,0.0,Fall,0.0,15.228622596829316,0.0,0.0
2020-10-22 21:00:00,0.0,100.0,0.0,106.60035817780522,120.4488110070019,0.0,0.0,Fall,0.0,15.228622596829316,0.0,0.0
2020-10-22 22:00:00,0.0,100.0,0.0,106.60035817780522,13.84845282919667,0.0,0.0,Fall,0.0,15.228622596829316,0.0,0.0
2020-10-22 23:00:00,0.0,52.991000279847086,0.0,13.84845282919667,0.0,40.0,47.008999720152914,Fall,0.0,1.9783504041709528,100.0,47.008999720152914
2020-10-23 00:00:00,0.0,40.0,0.0,0.0,0.0,40.0,60.0,Fall,0.0,0.0,100.0,60.0
2020-10-23 01:00:00,0.0,40.0,0.0,0.0,0.0,40.0,60.0,Fall,0.0,0.0,100.0,60.0
2020-10-23 02:00:00,0.0,40.0,0.0,0.0,0.0,40.0,60.0,Fall,0.0,0.0,100.0,60.0
2020-10-23 03:00:00,0.0,40.0,0.0,0.0,0.0,40.0,60.0,Fall,0.0,0.0,100.0,60.0
2020-10-23 04:00:00,0.0,40.0,0.0,0.0,0.0,40.0,60.0,Fall,0.0,0.0,100.0,60.0
2020-10-23 05:00:00,0.0,40.0,0.0,0.0,0.0,40.0,60.0,Fall,0.0,0.0,100.0,60.0
2020-10-23 06:00:00,22.8798,62.8798,0.0,0.0,0.0,40.0,37.1202,Fall,1.2711000000000001,0.0,100.0,37.1202
2020-10-23 07:00:00,174.52439999999999,100.0,74.52439999999999,0.0,69.91008405027702,0.0,0.0,Fall,9.695799999999998,0.0,0.0,0.0
2020-10-23 08:00:00,892.26,100.0,200.0,0.0,257.5267144432142,0.0,0.0,Fall,49.57,0.0,0.0,0.0
2020-10-23 09:00:00,1567.926,100.0,200.0,0.0,445.1433448361514,0.0,0.0,Fall,87.107,0.0,0.0,0.0
2020-10-23 10:00:00,1664.604,100.0,200.0,0.0,632.7599752290886,0.0,0.0,Fall,92.47800000000001,0.0,0.0,0.0
2020-10-23 11:00:00,1211.454,100.0,67.24002477091143,0.0,695.8367096043688,0.0,0.0,Fall,67.303,0.0,0.0,0.0
2020-10-23 12:00:00,635.814,100.0,4.163290395631222,0.0,699.7422221812468,0.0,0.0,Fall,35.323,0.0,0.0,0.0
2020-10-23 13:00:00,282.708,100.0,0.2577778187531512,0.0,699.9840392099693,0.0,0.0,Fall,15.706000000000001,0.0,0.0,0.0
2020-10-23 14:00:00,200.124,100.0,0.015960790030658246,0.0,699.9990117581892,0.0,0.0,Fall,11.118,0.0,0.0,0.0
2020-10-23 15:00:00,411.66,100.0,0.0009882418108172716,0.0,699.9999388111819,0.0,0.0,Fall,22.87,0.0,0.0,0.0
2020-10-23 16:00:00,64.0818,100.0,0.0,38.288929851020434,661.7110089601615,0.0,0.0,Fall,3.5601000000000003,5.469847121574348,0.0,0.0
2020-10-23 17:00:00,0.0,100.0,0.0,106.60035817780522,555.1106507823563,0.0,0.0,Fall,0.0,15.228622596829316,0.0,0.0
2020-10-23 18:00:00,0.0,100.0,0.0,106.60035817780522,448.51029260455107,0.0,0.0,Fall,0.0,15.228622596829316,0.0,0.0
2020-10-23 19:00:00,0.0,100.0,0.0,106.60035817780522,341.90993442674585,0.0,0.0,Fall,0.0,15.228622596829316,0.0,0.0
2020-10-23 20:00:00,0.0,100.0,0.0,106.60035817780522,235.30957624894066,0.0,0.0,Fall,0.0,15.228622596829316,0.0,0.0
2020-10-23 21:00:00,0.0,100.0,0.0,106.60035817780522,128.70921807113544,0.0,0.0,Fall,0.0,15.228622596829316,0.0,0.0
2020-10-23 22:00:00,0.0,100.0,0.0,106.60035817780522,22.108859893330226,0.0,0.0,Fall,0.0,15.228622596829316,0.0,0.0
2020-10-23 23:00:00,0.0,60.73994897508085,0.0,22.108859893330226,0.0,40.0,39.26005102491915,Fall,0.0,3.1584085561900324,100.0,39.26005102491915
2020-10-24 00:00:00,0.0,40.0,0.0,0.0,0.0,40.0,60.0,Fall,0.0,0.0,100.0,60.0
2020-10-24 01:00:00,0.0,40.0,0.0,0.0,0.0,40.0,60.0,Fall,0.0,0.0,100.0,60.0
2020-10-24 02:00:00,0.0,40.0,0.0,0.0,0.0,40.0,60.0,Fall,0.0,0.0,100.0,60.0
2020-10-24 03:00:00,0.0,40.0,0.0,0.0,0.0,40.0,60.0,Fall,0.0,0.0,100.0,60.0
2020-10-24 04:00:00,0.0,40.0,0.0,0.0,0.0,40.0,60.0,Fall,0.0,0.0,100.0,60.0
2020-10-24 05:00:00,0.0,40.0,0.0,0.0,0.0,40.0,60.0,Fall,0.0,0.0,100.0,60.0
2020-10-24 06:00:00,41.49720000000001,81.4972,0.0,0.0,0.0,40.0,18.502799999999993,Fall,2.3054000000000006,0.0,100.0,18.502799999999993
2020-10-24 07:00:00,1313.73,100.0,200.0,0.0,187.6166303929372,0.0,0.0,Fall,72.985,0.0,0.0,0.0
2020-10-24 08:00:00,2086.182,100.0,200.0,0.0,375.2332607858744,0.0,0.0,Fall,115.899,0.0,0.0,0.0
2020-10-24 09:00:00,2124.09,100.0,200.0,0.0,562.8498911788115,0.0,0.0,Fall,118.00500000000001,0.0,0.0,0.0
2020-10-24 10:00:00,1987.956,100.0,137.15010882118844,0.0,691.5080975540917,0.0,0.0,Fall,110.442,0.0,0.0,0.0
2020-10-24 11:00:00,1908.576,100.0,8.491902445908286,0.0,699.4742081667259,0.0,0.0,Fall,106.032,0.0,0.0,0.0
2020-10-24 12:00:00,1979.352,100.0,0.5257918332740664,0.0,699.9674446269609,0.0,0.0,Fall,109.964,0.0,0.0,0.0
2020-10-24 13:00:00,2098.422,100.0,0.03255537303909659,0.0,699.9979842739149,0.0,0.0,Fall,116.57900000000001,0.0,0.0,0.0
2020-10-24 14:00:00,2176.146,100.0,0.0020157260851701724,0.0,699.9998751925942,0.0,0.0,Fall,120.897,0.0,0.0,0.0
2020-10-24 15:00:00,1880.856,100.0,0.00012480740575119854,0.0,699.9999922723188,0.0,0.0,Fall,104.492,0.0,0.0,0.0
2020-10-24 16:00:00,172.6218,100.0,7.727681193500757e-06,0.0,699.9999995215264,0.0,0.0,Fall,9.5901,0.0,0.0,0.0
2020-10-24 17:00:00,0.0,100.0,0.0,106.60035817780522,593.3996413437212,0.0,0.0,Fall,0.0,15.228622596829316,0.0,0.0
2020-10-24 18:00:00,0.0,100.0,0.0,106.60035817780522,486.799283165916,0.0,0.0,Fall,0.0,15.228622596829316,0.0,0.0
2020-10-24 19:00:00,0.0,100.0,0.0,106.60035817780522,380.1989249881108,0.0,0.0,Fall,0.0,15.228622596829316,0.0,0.0
2020-10-24 20:00:00,0.0,100.0,0.0,106.60035817780522,273.59856681030556,0.0,0.0,Fall,0.0,15.228622596829316,0.0,0.0
2020-10-24 21:00:00,0.0,100.0,0.0,106.60035817780522,166.99820863250036,0.0,0.0,Fall,0.0,15.228622596829316,0.0,0.0
2020-10-24 22:00:00,0.0,100.0,0.0,106.60035817780522,60.39785045469516,0.0,0.0,Fall,0.0,15.228622596829316,0.0,0.0
2020-10-24 23:00:00,0.0,96.65820592643217,0.0,60.39785045469516,0.0,40.0,3.3417940735678258,Fall,0.0,8.628264350670738,100.0,3.3417940735678253
2020-10-25 00:00:00,0.0,40.0,0.0,0.0,0.0,40.0,60.0,Fall,0.0,0.0,100.0,60.0
2020-10-25 01:00:00,0.0,40.0,0.0,0.0,0.0,40.0,60.0,Fall,0.0,0.0,100.0,60.0
2020-10-25 02:00:00,0.0,40.0,0.0,0.0,0.0,40.0,60.0,Fall,0.0,0.0,100.0,60.0
2020-10-25 03:00:00,0.0,40.0,0.0,0.0,0.0,40.0,60.0,Fall,0.0,0.0,100.0,60.0
2020-10-25 04:00:00,0.0,40.0,0.0,0.0,0.0,40.0,60.0,Fall,0.0,0.0,100.0,60.0
2020-10-25 05:00:00,0.0,40.0,0.0,0.0,0.0,40.0,60.0,Fall,0.0,0.0,100.0,60.0
2020-10-25 06:00:00,0.0,40.0,0.0,0.0,0.0,40.0,60.0,Fall,0.0,0.0,100.0,60.0
2020-10-25 07:00:00,839.88,100.0,200.0,0.0,187.6166303929372,0.0,0.0,Fall,46.660000000000004,0.0,0.0,0.0
2020-10-25 08:00:00,1298.394,100.0,200.0,0.0,375.2332607858744,0.0,0.0,Fall,72.13300000000001,0.0,0.0,0.0
2020-10-25 09:00:00,1641.078,100.0,200.0,0.0,562.8498911788115,0.0,0.0,Fall,91.171,0.0,0.0,0.0
2020-10-25 10:00:00,2000.268,100.0,137.15010882118844,0.0,691.5080975540917,0.0,0.0,Fall,111.12599999999999,0.0,0.0,0.0
2020-10-25 11:00:00,1926.09,100.0,8.491902445908286,0.0,699.4742081667259,0.0,0.0,Fall,107.005,0.0,0.0,0.0
2020-10-25 12:00:00,1961.838,100.0,0.5257918332740664,0.0,699.9674446269609,0.0,0.0,Fall,108.991,0.0,0.0,0.0
2020-10-25 13:00:00,2066.418,100.0,0.03255537303909659,0.0,699.9979842739149,0.0,0.0,Fall,114.801,0.0,0.0,0.0
2020-10-25 14:00:00,2140.578,100.0,0.0020157260851701724,0.0,699.9998751925942,0.0,0.0,Fall,118.92099999999999,0.0,0.0,0.0
2020-10-25 15:00:00,1834.56,100.0,0.00012480740575119854,0.0,699.9999922723188,0.0,0.0,Fall,101.91999999999999,0.0,0.0,0.0
2020-10-25 16:00:00,300.996,100.0,7.727681193500757e-06,0.0,699.9999995215264,0.0,0.0,Fall,16.721999999999998,0.0,0.0,0.0
2020-10-25 17:00:00,0.0,100.0,0.0,106.60035817780522,593.3996413437212,0.0,0.0,Fall,0.0,15.228622596829316,0.0,0.0
2020-10-25 18:00:00,0.0,100.0,0.0,106.60035817780522,486.799283165916,0.0,0.0,Fall,0.0,15.228622596829316,0.0,0.0
2020-10-25 19:00:00,0.0,100.0,0.0,106.60035817780522,380.1989249881108,0.0,0.0,Fall,0.0,15.228622596829316,0.0,0.0
2020-10-25 20:00:00,0.0,100.0,0.0,106.60035817780522,273.59856681030556,0.0,0.0,Fall,0.0,15.228622596829316,0.0,0.0
2020-10-25 21:00:00,0.0,100.0,0.0,106.60035817780522,166.99820863250036,0.0,0.0,Fall,0.0,15.228622596829316,0.0,0.0
2020-10-25 22:00:00,0.0,100.0,0.0,106.60035817780522,60.39785045469516,0.0,0.0,Fall,0.0,15.228622596829316,0.0,0.0
2020-10-25 23:00:00,0.0,96.65820592643217,0.0,60.39785045469516,0.0,40.0,3.3417940735678258,Fall,0.0,8.628264350670738,100.0,3.3417940735678253
2020-10-26 00:00:00,0.0,40.0,0.0,0.0,0.0,40.0,60.0,Fall,0.0,0.0,100.0,60.0
2020-10-26 01:00:00,0.0,40.0,0.0,0.0,0.0,40.0,60.0,Fall,0.0,0.0,100.0,60.0
2020-10-26 02:00:00,0.0,40.0,0.0,0.0,0.0,40.0,60.0,Fall,0.0,0.0,100.0,60.0
2020-10-26 03:00:00,0.0,40.0,0.0,0.0,0.0,40.0,60.0,Fall,0.0,0.0,100.0,60.0
2020-10-26 04:00:00,0.0,40.0,0.0,0.0,0.0,40.0,60.0,Fall,0.0,0.0,100.0,60.0
2020-10-26 05:00:00,0.0,40.0,0.0,0.0,0.0,40.0,60.0,Fall,0.0,0.0,100.0,60.0
2020-10-26 06:00:00,79.9452,100.0,0.0,0.0,0.0,20.0548,0.0,Fall,4.4414,0.0,50.137,0.0
2020-10-26 07:00:00,1286.514,100.0,200.0,0.0,187.6166303929372,0.0,0.0,Fall,71.473,0.0,0.0,0.0
2020-10-26 08:00:00,2035.674,100.0,200.0,0.0,375.2332607858744,0.0,0.0,Fall,113.093,0.0,0.0,0.0
2020-10-26 09:00:00,2093.796,100.0,200.0,0.0,562.8498911788115,0.0,0.0,Fall,116.32199999999999,0.0,0.0,0.0
2020-10-26 10:00:00,1661.454,100.0,137.15010882118844,0.0,691.5080975540917,0.0,0.0,Fall,92.303,0.0,0.0,0.0
2020-10-26 11:00:00,1252.764,100.0,8.491902445908286,0.0,699.4742081667259,0.0,0.0,Fall,69.598,0.0,0.0,0.0
2020-10-26 12:00:00,1648.404,100.0,0.5257918332740664,0.0,699.9674446269609,0.0,0.0,Fall,91.578,0.0,0.0,0.0
2020-10-26 13:00:00,1956.042,100.0,0.03255537303909659,0.0,699.9979842739149,0.0,0.0,Fall,108.669,0.0,0.0,0.0
2020-10-26 14:00:00,1370.862,100.0,0.0020157260851701724,0.0,699.9998751925942,0.0,0.0,Fall,76.15899999999999,0.0,0.0,0.0
2020-10-26 15:00:00,1029.6,100.0,0.00012480740575119854,0.0,699.9999922723188,0.0,0.0,Fall,57.199999999999996,0.0,0.0,0.0
2020-10-26 16:00:00,24.890399999999996,100.0,0.0,80.06710262591679,619.932889646402,0.0,0.0,Fall,1.3827999999999998,11.438157517988113,0.0,0.0
2020-10-26 17:00:00,0.0,100.0,0.0,106.60035817780522,513.3325314685968,0.0,0.0,Fall,0.0,15.228622596829316,0.0,0.0
2020-10-26 18:00:00,0.0,100.0,0.0,106.60035817780522,406.7321732907916,0.0,0.0,Fall,0.0,15.228622596829316,0.0,0.0
2020-10-26 19:00:00,0.0,100.0,0.0,106.60035817780522,300.1318151129864,0.0,0.0,Fall,0.0,15.228622596829316,0.0,0.0
2020-10-26 20:00:00,0.0,100.0,0.0,106.60035817780522,193.53145693518115,0.0,0.0,Fall,0.0,15.228622596829316,0.0,0.0
2020-10-26 21:00:00,0.0,100.0,0.0,106.60035817780522,86.93109875737595,0.0,0.0,Fall,0.0,15.228622596829316,0.0,0.0
2020-10-26 22:00:00,0.0,100.0,0.0,86.93109875737595,0.0,18.45140087392737,0.0,Fall,0.0,12.41872839391085,46.12850218481842,0.0
2020-10-26 23:00:00,0.0,40.0,0.0,0.0,0.0,40.0,60.0,Fall,0.0,0.0,100.0,60.0
2020-10-27 00:00:00,0.0,40.0,0.0,0.0,0.0,40.0,60.0,Fall,0.0,0.0,100.0,60.0
2020-10-27 01:00:00,0.0,40.0,0.0,0.0,0.0,40.0,60.0,Fall,0.0,0.0,100.0,60.0
2020-10-27 02:00:00,0.0,40.0,0.0,0.0,0.0,40.0,60.0,Fall,0.0,0.0,100.0,60.0
2020-10-27 03:00:00,0.0,40.0,0.0,0.0,0.0,40.0,60.0,Fall,0.0,0.0,100.0,60.0
2020-10-27 04:00:00,0.0,40.0,0.0,0.0,0.0,40.0,60.0,Fall,0.0,0.0,100.0,60.0
2020-10-27 05:00:00,0.0,40.0,0.0,0.0,0.0,40.0,60.0,Fall,0.0,0.0,100.0,60.0
2020-10-27 06:00:00,15.387300000000002,55.3873,0.0,0.0,0.0,40.0,44.612700000000004,Fall,0.8548500000000001,0.0,100.0,44.612700000000004
2020-10-27 07:00:00,734.112,100.0,200.0,0.0,187.6166303929372,0.0,0.0,Fall,40.784,0.0,0.0,0.0
2020-10-27 08:00:00,1389.348,100.0,200.0,0.0,375.2332607858744,0.0,0.0,Fall,77.18599999999999,0.0,0.0,0.0
2020-10-27 09:00:00,2059.434,100.0,200.0,0.0,562.8498911788115,0.0,0.0,Fall,114.41300000000001,0.0,0.0,0.0
2020-10-27 10:00:00,1939.122,100.0,137.15010882118844,0.0,691.5080975540917,0.0,0.0,Fall,107.72900000000001,0.0,0.0,0.0
2020-10-27 11:00:00,1846.566,100.0,8.491902445908286,0.0,699.4742081667259,0.0,0.0,Fall,102.587,0.0,0.0,0.0
2020-10-27 12:00:00,1894.068,100.0,0.5257918332740664,0.0,699.9674446269609,0.0,0.0,Fall,105.226,0.0,0.0,0.0
2020-10-27 13:00:00,2006.982,100.0,0.03255537303909659,0.0,699.9979842739149,0.0,0.0,Fall,111.499,0.0,0.0,0.0
2020-10-27 14:00:00,2099.232,100.0,0.0020157260851701724,0.0,699.9998751925942,0.0,0.0,Fall,116.624,0.0,0.0,0.0
2020-10-27 15:00:00,1907.028,100.0,0.00012480740575119854,0.0,699.9999922723188,0.0,0.0,Fall,105.94600000000001,0.0,0.0,0.0
2020-10-27 16:00:00,321.84,100.0,7.727681193500757e-06,0.0,699.9999995215264,0.0,0.0,Fall,17.88,0.0,0.0,0.0
2020-10-27 17:00:00,0.0,100.0,0.0,106.60035817780522,593.3996413437212,0.0,0.0,Fall,0.0,15.228622596829316,0.0,0.0
2020-10-27 18:00:00,0.0,100.0,0.0,106.60035817780522,486.799283165916,0.0,0.0,Fall,0.0,15.228622596829316,0.0,0.0
2020-10-27 19:00:00,0.0,100.0,0.0,106.60035817780522,380.1989249881108,0.0,0.0,Fall,0.0,15.228622596829316,0.0,0.0
2020-10-27 20:00:00,0.0,100.0,0.0,106.60035817780522,273.59856681030556,0.0,0.0,Fall,0.0,15.228622596829316,0.0,0.0
2020-10-27 21:00:00,0.0,100.0,0.0,106.60035817780522,166.99820863250036,0.0,0.0,Fall,0.0,15.228622596829316,0.0,0.0
2020-10-27 22:00:00,0.0,100.0,0.0,106.60035817780522,60.39785045469516,0.0,0.0,Fall,0.0,15.228622596829316,0.0,0.0
2020-10-27 23:00:00,0.0,96.65820592643217,0.0,60.39785045469516,0.0,40.0,3.3417940735678258,Fall,0.0,8.628264350670738,100.0,3.3417940735678253
2020-10-28 00:00:00,0.0,40.0,0.0,0.0,0.0,40.0,60.0,Fall,0.0,0.0,100.0,60.0
2020-10-28 01:00:00,0.0,40.0,0.0,0.0,0.0,40.0,60.0,Fall,0.0,0.0,100.0,60.0
2020-10-28 02:00:00,0.0,40.0,0.0,0.0,0.0,40.0,60.0,Fall,0.0,0.0,100.0,60.0
2020-10-28 03:00:00,0.0,40.0,0.0,0.0,0.0,40.0,60.0,Fall,0.0,0.0,100.0,60.0
2020-10-28 04:00:00,0.0,40.0,0.0,0.0,0.0,40.0,60.0,Fall,0.0,0.0,100.0,60.0
2020-10-28 05:00:00,0.0,40.0,0.0,0.0,0.0,40.0,60.0,Fall,0.0,0.0,100.0,60.0
2020-10-28 06:00:00,49.4874,89.48740000000001,0.0,0.0,0.0,40.0,10.512599999999999,Fall,2.7493,0.0,100.0,10.512599999999999
2020-10-28 07:00:00,423.324,100.0,200.0,0.0,187.6166303929372,0.0,0.0,Fall,23.518,0.0,0.0,0.0
2020-10-28 08:00:00,1855.836,100.0,200.0,0.0,375.2332607858744,0.0,0.0,Fall,103.102,0.0,0.0,0.0
2020-10-28 09:00:00,2053.296,100.0,200.0,0.0,562.8498911788115,0.0,0.0,Fall,114.072,0.0,0.0,0.0
2020-10-28 10:00:00,1919.448,100.0,137.15010882118844,0.0,691.5080975540917,0.0,0.0,Fall,106.636,0.0,0.0,0.0
2020-10-28 11:00:00,1634.688,100.0,8.491902445908286,0.0,699.4742081667259,0.0,0.0,Fall,90.816,0.0,0.0,0.0
2020-10-28 12:00:00,911.232,100.0,0.5257918332740664,0.0,699.9674446269609,0.0,0.0,Fall,50.624,0.0,0.0,0.0
2020-10-28 13:00:00,1492.794,100.0,0.03255537303909659,0.0,699.9979842739149,0.0,0.0,Fall,82.933,0.0,0.0,0.0
2020-10-28 14:00:00,2031.156,100.0,0.0020157260851701724,0.0,699.9998751925942,0.0,0.0,Fall,112.842,0.0,0.0,0.0
2020-10-28 15:00:00,1938.654,100.0,0.00012480740575119854,0.0,699.9999922723188,0.0,0.0,Fall,107.70299999999999,0.0,0.0,0.0
2020-10-28 16:00:00,286.38,100.0,7.727681193500757e-06,0.0,699.9999995215264,0.0,0.0,Fall,15.909999999999998,0.0,0.0,0.0
2020-10-28 17:00:00,0.0,100.0,0.0,106.60035817780522,593.3996413437212,0.0,0.0,Fall,0.0,15.228622596829316,0.0,0.0
2020-10-28 18:00:00,0.0,100.0,0.0,106.60035817780522,486.799283165916,0.0,0.0,Fall,0.0,15.228622596829316,0.0,0.0
2020-10-28 19:00:00,0.0,100.0,0.0,106.60035817780522,380.1989249881108,0.0,0.0,Fall,0.0,15.228622596829316,0.0,0.0
2020-10-28 20:00:00,0.0,100.0,0.0,106.60035817780522,273.59856681030556,0.0,0.0,Fall,0.0,15.228622596829316,0.0,0.0
2020-10-28 21:00:00,0.0,100.0,0.0,106.60035817780522,166.99820863250036,0.0,0.0,Fall,0.0,15.228622596829316,0.0,0.0
2020-10-28 22:00:00,0.0,100.0,0.0,106.60035817780522,60.39785045469516,0.0,0.0,Fall,0.0,15.228622596829316,0.0,0.0
2020-10-28 23:00:00,0.0,96.65820592643217,0.0,60.39785045469516,0.0,40.0,3.3417940735678258,Fall,0.0,8.628264350670738,100.0,3.3417940735678253
2020-10-29 00:00:00,0.0,40.0,0.0,0.0,0.0,40.0,60.0,Fall,0.0,0.0,100.0,60.0
2020-10-29 01:00:00,0.0,40.0,0.0,0.0,0.0,40.0,60.0,Fall,0.0,0.0,100.0,60.0
2020-10-29 02:00:00,0.0,40.0,0.0,0.0,0.0,40.0,60.0,Fall,0.0,0.0,100.0,60.0
2020-10-29 03:00:00,0.0,40.0,0.0,0.0,0.0,40.0,60.0,Fall,0.0,0.0,100.0,60.0
2020-10-29 04:00:00,0.0,40.0,0.0,0.0,0.0,40.0,60.0,Fall,0.0,0.0,100.0,60.0
2020-10-29 05:00:00,0.0,40.0,0.0,0.0,0.0,40.0,60.0,Fall,0.0,0.0,100.0,60.0
2020-10-29 06:00:00,0.0,40.0,0.0,0.0,0.0,40.0,60.0,Fall,0.0,0.0,100.0,60.0
2020-10-29 07:00:00,1092.636,100.0,200.0,0.0,187.6166303929372,0.0,0.0,Fall,60.702,0.0,0.0,0.0
2020-10-29 08:00:00,2134.476,100.0,200.0,0.0,375.2332607858744,0.0,0.0,Fall,118.58200000000001,0.0,0.0,0.0
2020-10-29 09:00:00,2133.864,100.0,200.0,0.0,562.8498911788115,0.0,0.0,Fall,118.548,0.0,0.0,0.0
2020-10-29 10:00:00,1980.756,100.0,137.15010882118844,0.0,691.5080975540917,0.0,0.0,Fall,110.042,0.0,0.0,0.0
2020-10-29 11:00:00,1864.35,100.0,8.491902445908286,0.0,699.4742081667259,0.0,0.0,Fall,103.57499999999999,0.0,0.0,0.0
2020-10-29 12:00:00,1925.784,100.0,0.5257918332740664,0.0,699.9674446269609,0.0,0.0,Fall,106.98800000000001,0.0,0.0,0.0
2020-10-29 13:00:00,2046.096,100.0,0.03255537303909659,0.0,699.9979842739149,0.0,0.0,Fall,113.672,0.0,0.0,0.0
2020-10-29 14:00:00,2135.268,100.0,0.0020157260851701724,0.0,699.9998751925942,0.0,0.0,Fall,118.626,0.0,0.0,0.0
2020-10-29 15:00:00,1846.854,100.0,0.00012480740575119854,0.0,699.9999922723188,0.0,0.0,Fall,102.603,0.0,0.0,0.0
2020-10-29 16:00:00,188.802,100.0,7.727681193500757e-06,0.0,699.9999995215264,0.0,0.0,Fall,10.488999999999999,0.0,0.0,0.0
2020-10-29 17:00:00,0.0,100.0,0.0,106.60035817780522,593.3996413437212,0.0,0.0,Fall,0.0,15.228622596829316,0.0,0.0
2020-10-29 18:00:00,0.0,100.0,0.0,106.60035817780522,486.799283165916,0.0,0.0,Fall,0.0,15.228622596829316,0.0,0.0
2020-10-29 19:00:00,0.0,100.0,0.0,106.60035817780522,380.1989249881108,0.0,0.0,Fall,0.0,15.228622596829316,0.0,0.0
2020-10-29 20:00:00,0.0,100.0,0.0,106.60035817780522,273.59856681030556,0.0,0.0,Fall,0.0,15.228622596829316,0.0,0.0
2020-10-29 21:00:00,0.0,100.0,0.0,106.60035817780522,166.99820863250036,0.0,0.0,Fall,0.0,15.228622596829316,0.0,0.0
2020-10-29 22:00:00,0.0,100.0,0.0,106.60035817780522,60.39785045469516,0.0,0.0,Fall,0.0,15.228622596829316,0.0,0.0
2020-10-29 23:00:00,0.0,96.65820592643217,0.0,60.39785045469516,0.0,40.0,3.3417940735678258,Fall,0.0,8.628264350670738,100.0,3.3417940735678253
2020-10-30 00:00:00,0.0,40.0,0.0,0.0,0.0,40.0,60.0,Fall,0.0,0.0,100.0,60.0
2020-10-30 01:00:00,0.0,40.0,0.0,0.0,0.0,40.0,60.0,Fall,0.0,0.0,100.0,60.0
2020-10-30 02:00:00,0.0,40.0,0.0,0.0,0.0,40.0,60.0,Fall,0.0,0.0,100.0,60.0
2020-10-30 03:00:00,0.0,40.0,0.0,0.0,0.0,40.0,60.0,Fall,0.0,0.0,100.0,60.0
2020-10-30 04:00:00,0.0,40.0,0.0,0.0,0.0,40.0,60.0,Fall,0.0,0.0,100.0,60.0
2020-10-30 05:00:00,0.0,40.0,0.0,0.0,0.0,40.0,60.0,Fall,0.0,0.0,100.0,60.0
2020-10-30 06:00:00,0.0,40.0,0.0,0.0,0.0,40.0,60.0,Fall,0.0,0.0,100.0,60.0
2020-10-30 07:00:00,68.5188,100.0,0.0,0.0,0.0,31.4812,0.0,Fall,3.8066000000000004,0.0,78.703,0.0
2020-10-30 08:00:00,195.768,100.0,95.768,0.0,89.83834729735405,0.0,0.0,Fall,10.876,0.0,0.0,0.0
2020-10-30 09:00:00,1134.792,100.0,200.0,0.0,277.45497769029123,0.0,0.0,Fall,63.044,0.0,0.0,0.0
2020-10-30 10:00:00,926.496,100.0,200.0,0.0,465.07160808322845,0.0,0.0,Fall,51.471999999999994,0.0,0.0,0.0
2020-10-30 11:00:00,1012.932,100.0,200.0,0.0,652.6882384761657,0.0,0.0,Fall,56.274,0.0,0.0,0.0
2020-10-30 12:00:00,1856.034,100.0,47.31176152383431,0.0,697.0706048514458,0.0,0.0,Fall,103.11300000000001,0.0,0.0,0.0
2020-10-30 13:00:00,1992.078,100.0,2.9293951485542347,0.0,699.8186210857516,0.0,0.0,Fall,110.671,0.0,0.0,0.0
2020-10-30 14:00:00,1985.22,100.0,0.1813789142484311,0.0,699.9887695893298,0.0,0.0,Fall,110.28999999999999,0.0,0.0,0.0
2020-10-30 15:00:00,1476.054,100.0,0.011230410670279526,0.0,699.9993046483692,0.0,0.0,Fall,82.003,0.0,0.0,0.0
2020-10-30 16:00:00,77.1462,100.0,0.0,24.362232657239254,675.6370719911299,0.0,0.0,Fall,4.2859,3.480318951034179,0.0,0.0
2020-10-30 17:00:00,0.0,100.0,0.0,106.60035817780522,569.0367138133247,0.0,0.0,Fall,0.0,15.228622596829316,0.0,0.0
2020-10-30 18:00:00,0.0,100.0,0.0,106.60035817780522,462.4363556355195,0.0,0.0,Fall,0.0,15.228622596829316,0.0,0.0
2020-10-30 19:00:00,0.0,100.0,0.0,106.60035817780522,355.8359974577143,0.0,0.0,Fall,0.0,15.228622596829316,0.0,0.0
2020-10-30 20:00:00,0.0,100.0,0.0,106.60035817780522,249.2356392799091,0.0,0.0,Fall,0.0,15.228622596829316,0.0,0.0
2020-10-30 21:00:00,0.0,100.0,0.0,106.60035817780522,142.63528110210387,0.0,0.0,Fall,0.0,15.228622596829316,0.0,0.0
2020-10-30 22:00:00,0.0,100.0,0.0,106.60035817780522,36.03492292429866,0.0,0.0,Fall,0.0,15.228622596829316,0.0,0.0
2020-10-30 23:00:00,0.0,73.8037540776306,0.0,36.03492292429866,0.0,40.0,26.1962459223694,Fall,0.0,5.147846132042666,100.0,26.1962459223694
2020-10-31 00:00:00,0.0,40.0,0.0,0.0,0.0,40.0,60.0,Fall,0.0,0.0,100.0,60.0
2020-10-31 01:00:00,0.0,40.0,0.0,0.0,0.0,40.0,60.0,Fall,0.0,0.0,100.0,60.0
2020-10-31 02:00:00,0.0,40.0,0.0,0.0,0.0,40.0,60.0,Fall,0.0,0.0,100.0,60.0
2020-10-31 03:00:00,0.0,40.0,0.0,0.0,0.0,40.0,60.0,Fall,0.0,0.0,100.0,60.0
2020-10-31 04:00:00,0.0,40.0,0.0,0.0,0.0,40.0,60.0,Fall,0.0,0.0,100.0,60.0
2020-10-31 05:00:00,0.0,40.0,0.0,0.0,0.0,40.0,60.0,Fall,0.0,0.0,100.0,60.0
2020-10-31 06:00:00,22.4478,62.4478,0.0,0.0,0.0,40.0,37.5522,Fall,1.2471,0.0,100.0,37.5522
2020-10-31 07:00:00,582.66,100.0,200.0,0.0,187.6166303929372,0.0,0.0,Fall,32.37,0.0,0.0,0.0
2020-10-31 08:00:00,1669.68,100.0,200.0,0.0,375.2332607858744,0.0,0.0,Fall,92.75999999999999,0.0,0.0,0.0
2020-10-31 09:00:00,1987.128,100.0,200.0,0.0,562.8498911788115,0.0,0.0,Fall,110.396,0.0,0.0,0.0
2020-10-31 10:00:00,1951.254,100.0,137.15010882118844,0.0,691.5080975540917,0.0,0.0,Fall,108.403,0.0,0.0,0.0
2020-10-31 11:00:00,1912.356,100.0,8.491902445908286,0.0,699.4742081667259,0.0,0.0,Fall,106.24199999999999,0.0,0.0,0.0
2020-10-31 12:00:00,2022.174,100.0,0.5257918332740664,0.0,699.9674446269609,0.0,0.0,Fall,112.34299999999999,0.0,0.0,0.0
2020-10-31 13:00:00,2015.784,100.0,0.03255537303909659,0.0,699.9979842739149,0.0,0.0,Fall,111.988,0.0,0.0,0.0
2020-10-31 14:00:00,1724.958,100.0,0.0020157260851701724,0.0,699.9998751925942,0.0,0.0,Fall,95.831,0.0,0.0,0.0
2020-10-31 15:00:00,1113.426,100.0,0.00012480740575119854,0.0,699.9999922723188,0.0,0.0,Fall,61.85699999999999,0.0,0.0,0.0
2020-10-31 16:00:00,130.023,100.0,7.727681193500757e-06,0.0,699.9999995215264,0.0,0.0,Fall,7.2235,0.0,0.0,0.0
2020-10-31 17:00:00,0.0,100.0,0.0,106.60035817780522,593.3996413437212,0.0,0.0,Fall,0.0,15.228622596829316,0.0,0.0
2020-10-31 18:00:00,0.0,100.0,0.0,106.60035817780522,486.799283165916,0.0,0.0,Fall,0.0,15.228622596829316,0.0,0.0
2020-10-31 19:00:00,0.0,100.0,0.0,106.60035817780522,380.1989249881108,0.0,0.0,Fall,0.0,15.228622596829316,0.0,0.0
2020-10-31 20:00:00,0.0,100.0,0.0,106.60035817780522,273.59856681030556,0.0,0.0,Fall,0.0,15.228622596829316,0.0,0.0
2020-10-31 21:00:00,0.0,100.0,0.0,106.60035817780522,166.99820863250036,0.0,0.0,Fall,0.0,15.228622596829316,0.0,0.0
2020-10-31 22:00:00,0.0,100.0,0.0,106.60035817780522,60.39785045469516,0.0,0.0,Fall,0.0,15.228622596829316,0.0,0.0
2020-10-31 23:00:00,0.0,96.65820592643217,0.0,60.39785045469516,0.0,40.0,3.3417940735678258,Fall,0.0,8.628264350670738,100.0,3.3417940735678253
2020-11-01 00:00:00,0.0,40.0,0.0,0.0,0.0,40.0,60.0,Winter,0.0,0.0,100.0,60.0
2020-11-01 01:00:00,0.0,40.0,0.0,0.0,0.0,40.0,60.0,Winter,0.0,0.0,100.0,60.0
2020-11-01 02:00:00,0.0,40.0,0.0,0.0,0.0,40.0,60.0,Winter,0.0,0.0,100.0,60.0
2020-11-01 03:00:00,0.0,40.0,0.0,0.0,0.0,40.0,60.0,Winter,0.0,0.0,100.0,60.0
2020-11-01 04:00:00,0.0,40.0,0.0,0.0,0.0,40.0,60.0,Winter,0.0,0.0,100.0,60.0
2020-11-01 05:00:00,0.0,40.0,0.0,0.0,0.0,40.0,60.0,Winter,0.0,0.0,100.0,60.0
2020-11-01 06:00:00,0.0,40.0,0.0,0.0,0.0,40.0,60.0,Winter,0.0,0.0,100.0,60.0
2020-11-01 07:00:00,147.6342,100.0,47.63419999999999,0.0,44.684840477316236,0.0,0.0,Winter,8.2019,0.0,0.0,0.0
2020-11-01 08:00:00,639.216,100.0,200.0,0.0,232.30147087025344,0.0,0.0,Winter,35.512,0.0,0.0,0.0
2020-11-01 09:00:00,815.49,100.0,200.0,0.0,419.91810126319064,0.0,0.0,Winter,45.305,0.0,0.0,0.0
2020-11-01 10:00:00,977.904,100.0,200.0,0.0,607.5347316561279,0.0,0.0,Winter,54.327999999999996,0.0,0.0,0.0
2020-11-01 11:00:00,1044.054,100.0,92.46526834387215,0.0,694.2748420314078,0.0,0.0,Winter,58.00300000000001,0.0,0.0,0.0
2020-11-01 12:00:00,883.008,100.0,5.725157968592131,0.0,699.6455162640806,0.0,0.0,Winter,49.056,0.0,0.0,0.0
2020-11-01 13:00:00,739.998,100.0,0.35448373591946436,0.0,699.9780514843922,0.0,0.0,Winter,41.111000000000004,0.0,0.0,0.0
2020-11-01 14:00:00,876.798,100.0,0.021948515607859008,0.0,699.9986410170945,0.0,0.0,Winter,48.711,0.0,0.0,0.0
2020-11-01 15:00:00,417.618,100.0,0.0013589829055126756,0.0,699.999915856062,0.0,0.0,Winter,23.201,0.0,0.0,0.0
2020-11-01 16:00:00,86.1768,100.0,0.0,14.73558071163437,685.2643351444276,0.0,0.0,Winter,4.7876,2.10508295880491,0.0,0.0
2020-11-01 17:00:00,0.0,100.0,0.0,106.60035817780522,578.6639769666224,0.0,0.0,Winter,0.0,15.228622596829316,0.0,0.0
2020-11-01 18:00:00,0.0,100.0,0.0,106.60035817780522,472.0636187888172,0.0,0.0,Winter,0.0,15.228622596829316,0.0,0.0
2020-11-01 19:00:00,0.0,100.0,0.0,106.60035817780522,365.463260611012,0.0,0.0,Winter,0.0,15.228622596829316,0.0,0.0
2020-11-01 20:00:00,0.0,100.0,0.0,106.60035817780522,258.8629024332068,0.0,0.0,Winter,0.0,15.228622596829316,0.0,0.0
2020-11-01 21:00:00,0.0,100.0,0.0,106.60035817780522,152.2625442554016,0.0,0.0,Winter,0.0,15.228622596829316,0.0,0.0
2020-11-01 22:00:00,0.0,100.0,0.0,106.60035817780522,45.662186077596374,0.0,0.0,Winter,0.0,15.228622596829316,0.0,0.0
2020-11-01 23:00:00,0.0,82.8349274412696,0.0,45.662186077596374,0.0,40.0,17.165072558730394,Winter,0.0,6.523169439656624,100.0,17.165072558730394
2020-11-02 00:00:00,0.0,40.0,0.0,0.0,0.0,40.0,60.0,Winter,0.0,0.0,100.0,60.0
2020-11-02 01:00:00,0.0,40.0,0.0,0.0,0.0,40.0,60.0,Winter,0.0,0.0,100.0,60.0
2020-11-02 02:00:00,0.0,40.0,0.0,0.0,0.0,40.0,60.0,Winter,0.0,0.0,100.0,60.0
2020-11-02 03:00:00,0.0,40.0,0.0,0.0,0.0,40.0,60.0,Winter,0.0,0.0,100.0,60.0
2020-11-02 04:00:00,0.0,40.0,0.0,0.0,0.0,40.0,60.0,Winter,0.0,0.0,100.0,60.0
2020-11-02 05:00:00,0.0,40.0,0.0,0.0,0.0,40.0,60.0,Winter,0.0,0.0,100.0,60.0
2020-11-02 06:00:00,34.1928,74.1928,0.0,0.0,0.0,40.0,25.807199999999995,Winter,1.8996,0.0,100.0,25.807199999999998
2020-11-02 07:00:00,836.496,100.0,200.0,0.0,187.6166303929372,0.0,0.0,Winter,46.471999999999994,0.0,0.0,0.0
2020-11-02 08:00:00,1184.904,100.0,200.0,0.0,375.2332607858744,0.0,0.0,Winter,65.828,0.0,0.0,0.0
2020-11-02 09:00:00,1817.712,100.0,200.0,0.0,562.8498911788115,0.0,0.0,Winter,100.98400000000001,0.0,0.0,0.0
2020-11-02 10:00:00,1822.014,100.0,137.15010882118844,0.0,691.5080975540917,0.0,0.0,Winter,101.223,0.0,0.0,0.0
2020-11-02 11:00:00,1757.7,100.0,8.491902445908286,0.0,699.4742081667259,0.0,0.0,Winter,97.65,0.0,0.0,0.0
2020-11-02 12:00:00,1901.124,100.0,0.5257918332740664,0.0,699.9674446269609,0.0,0.0,Winter,105.61800000000001,0.0,0.0,0.0
2020-11-02 13:00:00,2013.822,100.0,0.03255537303909659,0.0,699.9979842739149,0.0,0.0,Winter,111.87899999999999,0.0,0.0,0.0
2020-11-02 14:00:00,2046.384,100.0,0.0020157260851701724,0.0,699.9998751925942,0.0,0.0,Winter,113.68800000000002,0.0,0.0,0.0
2020-11-02 15:00:00,1209.492,100.0,0.00012480740575119854,0.0,699.9999922723188,0.0,0.0,Winter,67.194,0.0,0.0,0.0
2020-11-02 16:00:00,33.0426,100.0,0.0,71.37682822654575,628.6231640457731,0.0,0.0,Winter,1.8357,10.196689746649394,0.0,0.0
2020-11-02 17:00:00,0.0,100.0,0.0,106.60035817780522,522.0228058679679,0.0,0.0,Winter,0.0,15.228622596829316,0.0,0.0
2020-11-02 18:00:00,0.0,100.0,0.0,106.60035817780522,415.4224476901627,0.0,0.0,Winter,0.0,15.228622596829316,0.0,0.0
2020-11-02 19:00:00,0.0,100.0,0.0,106.60035817780522,308.8220895123575,0.0,0.0,Winter,0.0,15.228622596829316,0.0,0.0
2020-11-02 20:00:00,0.0,100.0,0.0,106.60035817780522,202.2217313345523,0.0,0.0,Winter,0.0,15.228622596829316,0.0,0.0
2020-11-02 21:00:00,0.0,100.0,0.0,106.60035817780522,95.62137315674707,0.0,0.0,Winter,0.0,15.228622596829316,0.0,0.0
2020-11-02 22:00:00,0.0,100.0,0.0,95.62137315674707,0.0,10.299200873927305,0.0,Winter,0.0,13.66019616524958,25.748002184818265,0.0
2020-11-02 23:00:00,0.0,40.0,0.0,0.0,0.0,40.0,60.0,Winter,0.0,0.0,100.0,60.0
2020-11-03 00:00:00,0.0,40.0,0.0,0.0,0.0,40.0,60.0,Winter,0.0,0.0,100.0,60.0
2020-11-03 01:00:00,0.0,40.0,0.0,0.0,0.0,40.0,60.0,Winter,0.0,0.0,100.0,60.0
2020-11-03 02:00:00,0.0,40.0,0.0,0.0,0.0,40.0,60.0,Winter,0.0,0.0,100.0,60.0
2020-11-03 03:00:00,0.0,40.0,0.0,0.0,0.0,40.0,60.0,Winter,0.0,0.0,100.0,60.0
2020-11-03 04:00:00,0.0,40.0,0.0,0.0,0.0,40.0,60.0,Winter,0.0,0.0,100.0,60.0
2020-11-03 05:00:00,0.0,40.0,0.0,0.0,0.0,40.0,60.0,Winter,0.0,0.0,100.0,60.0
2020-11-03 06:00:00,0.0,40.0,0.0,0.0,0.0,40.0,60.0,Winter,0.0,0.0,100.0,60.0
2020-11-03 07:00:00,1198.674,100.0,200.0,0.0,187.6166303929372,0.0,0.0,Winter,66.593,0.0,0.0,0.0
2020-11-03 08:00:00,2156.184,100.0,200.0,0.0,375.2332607858744,0.0,0.0,Winter,119.78800000000001,0.0,0.0,0.0
2020-11-03 09:00:00,2111.634,100.0,200.0,0.0,562.8498911788115,0.0,0.0,Winter,117.313,0.0,0.0,0.0
2020-11-03 10:00:00,1933.956,100.0,137.15010882118844,0.0,691.5080975540917,0.0,0.0,Winter,107.442,0.0,0.0,0.0
2020-11-03 11:00:00,1829.934,100.0,8.491902445908286,0.0,699.4742081667259,0.0,0.0,Winter,101.663,0.0,0.0,0.0
2020-11-03 12:00:00,1884.348,100.0,0.5257918332740664,0.0,699.9674446269609,0.0,0.0,Winter,104.68599999999999,0.0,0.0,0.0
2020-11-03 13:00:00,2016.36,100.0,0.03255537303909659,0.0,699.9979842739149,0.0,0.0,Winter,112.01999999999998,0.0,0.0,0.0
2020-11-03 14:00:00,2078.244,100.0,0.0020157260851701724,0.0,699.9998751925942,0.0,0.0,Winter,115.45800000000001,0.0,0.0,0.0
2020-11-03 15:00:00,1775.466,100.0,0.00012480740575119854,0.0,699.9999922723188,0.0,0.0,Winter,98.637,0.0,0.0,0.0
2020-11-03 16:00:00,196.956,100.0,7.727681193500757e-06,0.0,699.9999995215264,0.0,0.0,Winter,10.941999999999998,0.0,0.0,0.0
2020-11-03 17:00:00,0.0,100.0,0.0,106.60035817780522,593.3996413437212,0.0,0.0,Winter,0.0,15.228622596829316,0.0,0.0
2020-11-03 18:00:00,0.0,100.0,0.0,106.60035817780522,486.799283165916,0.0,0.0,Winter,0.0,15.228622596829316,0.0,0.0
2020-11-03 19:00:00,0.0,100.0,0.0,106.60035817780522,380.1989249881108,0.0,0.0,Winter,0.0,15.228622596829316,0.0,0.0
2020-11-03 20:00:00,0.0,100.0,0.0,106.60035817780522,273.59856681030556,0.0,0.0,Winter,0.0,15.228622596829316,0.0,0.0
2020-11-03 21:00:00,0.0,100.0,0.0,106.60035817780522,166.99820863250036,0.0,0.0,Winter,0.0,15.228622596829316,0.0,0.0
2020-11-03 22:00:00,0.0,100.0,0.0,106.60035817780522,60.39785045469516,0.0,0.0,Winter,0.0,15.228622596829316,0.0,0.0
2020-11-03 23:00:00,0.0,96.65820592643217,0.0,60.39785045469516,0.0,40.0,3.3417940735678258,Winter,0.0,8.628264350670738,100.0,3.3417940735678253
2020-11-04 00:00:00,0.0,40.0,0.0,0.0,0.0,40.0,60.0,Winter,0.0,0.0,100.0,60.0
2020-11-04 01:00:00,0.0,40.0,0.0,0.0,0.0,40.0,60.0,Winter,0.0,0.0,100.0,60.0
2020-11-04 02:00:00,0.0,40.0,0.0,0.0,0.0,40.0,60.0,Winter,0.0,0.0,100.0,60.0
2020-11-04 03:00:00,0.0,40.0,0.0,0.0,0.0,40.0,60.0,Winter,0.0,0.0,100.0,60.0
2020-11-04 04:00:00,0.0,40.0,0.0,0.0,0.0,40.0,60.0,Winter,0.0,0.0,100.0,60.0
2020-11-04 05:00:00,0.0,40.0,0.0,0.0,0.0,40.0,60.0,Winter,0.0,0.0,100.0,60.0
2020-11-04 06:00:00,0.0,40.0,0.0,0.0,0.0,40.0,60.0,Winter,0.0,0.0,100.0,60.0
2020-11-04 07:00:00,288.72,100.0,188.72000000000003,0.0,177.03505243877555,0.0,0.0,Winter,16.040000000000003,0.0,0.0,0.0
2020-11-04 08:00:00,1551.726,100.0,200.0,0.0,364.6516828317128,0.0,0.0,Winter,86.20700000000001,0.0,0.0,0.0
2020-11-04 09:00:00,2059.92,100.0,200.0,0.0,552.26831322465,0.0,0.0,Winter,114.44000000000001,0.0,0.0,0.0
2020-11-04 10:00:00,1904.706,100.0,147.73168677535,0.0,690.85291959993,0.0,0.0,Winter,105.81700000000001,0.0,0.0,0.0
2020-11-04 11:00:00,1721.862,100.0,9.147080400069942,0.0,699.4336416129021,0.0,0.0,Winter,95.659,0.0,0.0,0.0
2020-11-04 12:00:00,1762.974,100.0,0.5663583870979492,0.0,699.9649328738125,0.0,0.0,Winter,97.943,0.0,0.0,0.0
2020-11-04 13:00:00,1917.576,100.0,0.035067126187495884,0.0,699.9978287540769,0.0,0.0,Winter,106.53200000000001,0.0,0.0,0.0
2020-11-04 14:00:00,1892.268,100.0,0.0021712459231493994,0.0,699.9998655632961,0.0,0.0,Winter,105.126,0.0,0.0,0.0
2020-11-04 15:00:00,1524.42,100.0,0.00013443670386914164,0.0,699.999991676103,0.0,0.0,Winter,84.69,0.0,0.0,0.0
2020-11-04 16:00:00,150.5502,100.0,8.3238969091326e-06,0.0,699.9999994846105,0.0,0.0,Winter,8.3639,0.0,0.0,0.0
2020-11-04 17:00:00,0.0,100.0,0.0,106.60035817780522,593.3996413068053,0.0,0.0,Winter,0.0,15.228622596829316,0.0,0.0
2020-11-04 18:00:00,0.0,100.0,0.0,106.60035817780522,486.7992831290001,0.0,0.0,Winter,0.0,15.228622596829316,0.0,0.0
2020-11-04 19:00:00,0.0,100.0,0.0,106.60035817780522,380.1989249511949,0.0,0.0,Winter,0.0,15.228622596829316,0.0,0.0
2020-11-04 20:00:00,0.0,100.0,0.0,106.60035817780522,273.5985667733897,0.0,0.0,Winter,0.0,15.228622596829316,0.0,0.0
2020-11-04 21:00:00,0.0,100.0,0.0,106.60035817780522,166.9982085955845,0.0,0.0,Winter,0.0,15.228622596829316,0.0,0.0
2020-11-04 22:00:00,0.0,100.0,0.0,106.60035817780522,60.39785041777928,0.0,0.0,Winter,0.0,15.228622596829316,0.0,0.0
2020-11-04 23:00:00,0.0,96.65820589180201,0.0,60.39785041777928,0.0,40.0,3.3417941081979876,Winter,0.0,8.628264345397039,100.0,3.3417941081979876
2020-11-05 00:00:00,0.0,40.0,0.0,0.0,0.0,40.0,60.0,Winter,0.0,0.0,100.0,60.0
2020-11-05 01:00:00,0.0,40.0,0.0,0.0,0.0,40.0,60.0,Winter,0.0,0.0,100.0,60.0
2020-11-05 02:00:00,0.0,40.0,0.0,0.0,0.0,40.0,60.0,Winter,0.0,0.0,100.0,60.0
2020-11-05 03:00:00,0.0,40.0,0.0,0.0,0.0,40.0,60.0,Winter,0.0,0.0,100.0,60.0
2020-11-05 04:00:00,0.0,40.0,0.0,0.0,0.0,40.0,60.0,Winter,0.0,0.0,100.0,60.0
2020-11-05 05:00:00,0.0,40.0,0.0,0.0,0.0,40.0,60.0,Winter,0.0,0.0,100.0,60.0
2020-11-05 06:00:00,0.0,40.0,0.0,0.0,0.0,40.0,60.0,Winter,0.0,0.0,100.0,60.0
2020-11-05 07:00:00,60.49979999999999,100.0,0.0,0.0,0.0,39.50020000000001,0.0,Winter,3.3610999999999995,0.0,98.75050000000002,0.0
2020-11-05 08:00:00,357.426,100.0,200.0,0.0,187.6166303929372,0.0,0.0,Winter,19.857,0.0,0.0,0.0
2020-11-05 09:00:00,642.528,100.0,200.0,0.0,375.2332607858744,0.0,0.0,Winter,35.696,0.0,0.0,0.0
2020-11-05 10:00:00,1024.236,100.0,200.0,0.0,562.8498911788115,0.0,0.0,Winter,56.90200000000001,0.0,0.0,0.0
2020-11-05 11:00:00,1383.03,100.0,137.15010882118844,0.0,691.5080975540917,0.0,0.0,Winter,76.835,0.0,0.0,0.0
2020-11-05 12:00:00,1678.194,100.0,8.491902445908286,0.0,699.4742081667259,0.0,0.0,Winter,93.233,0.0,0.0,0.0
2020-11-05 13:00:00,1897.344,100.0,0.5257918332740664,0.0,699.9674446269609,0.0,0.0,Winter,105.40800000000002,0.0,0.0,0.0
2020-11-05 14:00:00,1921.644,100.0,0.03255537303909659,0.0,699.9979842739149,0.0,0.0,Winter,106.758,0.0,0.0,0.0
2020-11-05 15:00:00,1314.486,100.0,0.0020157260851701724,0.0,699.9998751925942,0.0,0.0,Winter,73.02700000000002,0.0,0.0,0.0
2020-11-05 16:00:00,34.7364,100.0,0.0,69.57123135973008,630.4286438328642,0.0,0.0,Winter,1.9298000000000002,9.938747337104296,0.0,0.0
2020-11-05 17:00:00,0.0,100.0,0.0,106.60035817780522,523.828285655059,0.0,0.0,Winter,0.0,15.228622596829316,0.0,0.0
2020-11-05 18:00:00,0.0,100.0,0.0,106.60035817780522,417.22792747725373,0.0,0.0,Winter,0.0,15.228622596829316,0.0,0.0
2020-11-05 19:00:00,0.0,100.0,0.0,106.60035817780522,310.6275692994485,0.0,0.0,Winter,0.0,15.228622596829316,0.0,0.0
2020-11-05 20:00:00,0.0,100.0,0.0,106.60035817780522,204.02721112164332,0.0,0.0,Winter,0.0,15.228622596829316,0.0,0.0
2020-11-05 21:00:00,0.0,100.0,0.0,106.60035817780522,97.4268529438381,0.0,0.0,Winter,0.0,15.228622596829316,0.0,0.0
2020-11-05 22:00:00,0.0,100.0,0.0,97.4268529438381,0.0,8.605510704444413,0.0,Winter,0.0,13.918121849119727,21.513776761111032,0.0
2020-11-05 23:00:00,0.0,40.0,0.0,0.0,0.0,40.0,60.0,Winter,0.0,0.0,100.0,60.0
2020-11-06 00:00:00,0.0,40.0,0.0,0.0,0.0,40.0,60.0,Winter,0.0,0.0,100.0,60.0
2020-11-06 01:00:00,0.0,40.0,0.0,0.0,0.0,40.0,60.0,Winter,0.0,0.0,100.0,60.0
2020-11-06 02:00:00,0.0,40.0,0.0,0.0,0.0,40.0,60.0,Winter,0.0,0.0,100.0,60.0
2020-11-06 03:00:00,0.0,40.0,0.0,0.0,0.0,40.0,60.0,Winter,0.0,0.0,100.0,60.0
2020-11-06 04:00:00,0.0,40.0,0.0,0.0,0.0,40.0,60.0,Winter,0.0,0.0,100.0,60.0
2020-11-06 05:00:00,0.0,40.0,0.0,0.0,0.0,40.0,60.0,Winter,0.0,0.0,100.0,60.0
2020-11-06 06:00:00,0.0,40.0,0.0,0.0,0.0,40.0,60.0,Winter,0.0,0.0,100.0,60.0
2020-11-06 07:00:00,841.212,100.0,200.0,0.0,187.6166303929372,0.0,0.0,Winter,46.733999999999995,0.0,0.0,0.0
2020-11-06 08:00:00,1990.386,100.0,200.0,0.0,375.2332607858744,0.0,0.0,Winter,110.577,0.0,0.0,0.0
2020-11-06 09:00:00,1986.408,100.0,200.0,0.0,562.8498911788115,0.0,0.0,Winter,110.356,0.0,0.0,0.0
2020-11-06 10:00:00,1862.514,100.0,137.15010882118844,0.0,691.5080975540917,0.0,0.0,Winter,103.473,0.0,0.0,0.0
2020-11-06 11:00:00,1661.49,100.0,8.491902445908286,0.0,699.4742081667259,0.0,0.0,Winter,92.305,0.0,0.0,0.0
2020-11-06 12:00:00,1316.394,100.0,0.5257918332740664,0.0,699.9674446269609,0.0,0.0,Winter,73.13300000000001,0.0,0.0,0.0
2020-11-06 13:00:00,1596.762,100.0,0.03255537303909659,0.0,699.9979842739149,0.0,0.0,Winter,88.70899999999999,0.0,0.0,0.0
2020-11-06 14:00:00,1808.406,100.0,0.0020157260851701724,0.0,699.9998751925942,0.0,0.0,Winter,100.467,0.0,0.0,0.0
2020-11-06 15:00:00,1343.232,100.0,0.00012480740575119854,0.0,699.9999922723188,0.0,0.0,Winter,74.624,0.0,0.0,0.0
2020-11-06 16:00:00,66.924,100.0,0.0,35.25913447089084,664.740857801428,0.0,0.0,Winter,3.7180000000000004,5.037019210127263,0.0,0.0
2020-11-06 17:00:00,0.0,100.0,0.0,106.60035817780522,558.1404996236228,0.0,0.0,Winter,0.0,15.228622596829316,0.0,0.0
2020-11-06 18:00:00,0.0,100.0,0.0,106.60035817780522,451.54014144581754,0.0,0.0,Winter,0.0,15.228622596829316,0.0,0.0
2020-11-06 19:00:00,0.0,100.0,0.0,106.60035817780522,344.9397832680123,0.0,0.0,Winter,0.0,15.228622596829316,0.0,0.0
2020-11-06 20:00:00,0.0,100.0,0.0,106.60035817780522,238.33942509020713,0.0,0.0,Winter,0.0,15.228622596829316,0.0,0.0
2020-11-06 21:00:00,0.0,100.0,0.0,106.60035817780522,131.73906691240194,0.0,0.0,Winter,0.0,15.228622596829316,0.0,0.0
2020-11-06 22:00:00,0.0,100.0,0.0,106.60035817780522,25.138708734596715,0.0,0.0,Winter,0.0,15.228622596829316,0.0,0.0
2020-11-06 23:00:00,0.0,63.582199126072666,0.0,25.138708734596715,0.0,40.0,36.417800873927334,Winter,0.0,3.5912441049423878,100.0,36.417800873927334
2020-11-07 00:00:00,0.0,40.0,0.0,0.0,0.0,40.0,60.0,Winter,0.0,0.0,100.0,60.0
2020-11-07 01:00:00,0.0,40.0,0.0,0.0,0.0,40.0,60.0,Winter,0.0,0.0,100.0,60.0
2020-11-07 02:00:00,0.0,40.0,0.0,0.0,0.0,40.0,60.0,Winter,0.0,0.0,100.0,60.0
2020-11-07 03:00:00,0.0,40.0,0.0,0.0,0.0,40.0,60.0,Winter,0.0,0.0,100.0,60.0
2020-11-07 04:00:00,0.0,40.0,0.0,0.0,0.0,40.0,60.0,Winter,0.0,0.0,100.0,60.0
2020-11-07 05:00:00,0.0,40.0,0.0,0.0,0.0,40.0,60.0,Winter,0.0,0.0,100.0,60.0
2020-11-07 06:00:00,0.0,40.0,0.0,0.0,0.0,40.0,60.0,Winter,0.0,0.0,100.0,60.0
2020-11-07 07:00:00,103.9536,100.0,3.9535999999999945,0.0,3.708805549607577,0.0,0.0,Winter,5.7752,0.0,0.0,0.0
2020-11-07 08:00:00,509.148,100.0,200.0,0.0,191.32543594254477,0.0,0.0,Winter,28.286,0.0,0.0,0.0
2020-11-07 09:00:00,256.392,100.0,156.392,0.0,338.034136244606,0.0,0.0,Winter,14.244000000000002,0.0,0.0,0.0
2020-11-07 10:00:00,535.248,100.0,200.0,0.0,525.6507666375433,0.0,0.0,Winter,29.736,0.0,0.0,0.0
2020-11-07 11:00:00,1261.98,100.0,174.34923336245677,0.0,689.2048450128233,0.0,0.0,Winter,70.11,0.0,0.0,0.0
2020-11-07 12:00:00,1271.106,100.0,10.795154987176764,0.0,699.3315980291413,0.0,0.0,Winter,70.61699999999999,0.0,0.0,0.0
2020-11-07 13:00:00,985.536,100.0,0.6684019708586857,0.0,699.9586146567439,0.0,0.0,Winter,54.752,0.0,0.0,0.0
2020-11-07 14:00:00,783.468,100.0,0.04138534325617366,0.0,699.9974375499908,0.0,0.0,Winter,43.525999999999996,0.0,0.0,0.0
2020-11-07 15:00:00,304.146,100.0,0.002562450009281747,0.0,699.9998413411722,0.0,0.0,Winter,16.897000000000002,0.0,0.0,0.0
2020-11-07 16:00:00,22.833,100.0,0.0,82.26029839506695,617.7395429461052,0.0,0.0,Winter,1.2684999999999997,11.75147119929528,0.0,0.0
2020-11-07 17:00:00,0.0,100.0,0.0,106.60035817780522,511.1391847683,0.0,0.0,Winter,0.0,15.228622596829316,0.0,0.0
2020-11-07 18:00:00,0.0,100.0,0.0,106.60035817780522,404.5388265904948,0.0,0.0,Winter,0.0,15.228622596829316,0.0,0.0
2020-11-07 19:00:00,0.0,100.0,0.0,106.60035817780522,297.93846841268964,0.0,0.0,Winter,0.0,15.228622596829316,0.0,0.0
2020-11-07 20:00:00,0.0,100.0,0.0,106.60035817780522,191.33811023488443,0.0,0.0,Winter,0.0,15.228622596829316,0.0,0.0
2020-11-07 21:00:00,0.0,100.0,0.0,106.60035817780522,84.7377520570792,0.0,0.0,Winter,0.0,15.228622596829316,0.0,0.0
2020-11-07 22:00:00,0.0,100.0,0.0,84.7377520570792,0.0,20.508942459893092,0.0,Winter,0.0,12.105393151011315,51.27235614973274,0.0
2020-11-07 23:00:00,0.0,40.0,0.0,0.0,0.0,40.0,60.0,Winter,0.0,0.0,100.0,60.0
2020-11-08 00:00:00,0.0,40.0,0.0,0.0,0.0,40.0,60.0,Winter,0.0,0.0,100.0,60.0
2020-11-08 01:00:00,0.0,40.0,0.0,0.0,0.0,40.0,60.0,Winter,0.0,0.0,100.0,60.0
2020-11-08 02:00:00,0.0,40.0,0.0,0.0,0.0,40.0,60.0,Winter,0.0,0.0,100.0,60.0
2020-11-08 03:00:00,0.0,40.0,0.0,0.0,0.0,40.0,60.0,Winter,0.0,0.0,100.0,60.0
2020-11-08 04:00:00,0.0,40.0,0.0,0.0,0.0,40.0,60.0,Winter,0.0,0.0,100.0,60.0
2020-11-08 05:00:00,0.0,40.0,0.0,0.0,0.0,40.0,60.0,Winter,0.0,0.0,100.0,60.0
2020-11-08 06:00:00,0.0,40.0,0.0,0.0,0.0,40.0,60.0,Winter,0.0,0.0,100.0,60.0
2020-11-08 07:00:00,138.9186,100.0,38.9186,0.0,36.50888295805282,0.0,0.0,Winter,7.7177,0.0,0.0,0.0
2020-11-08 08:00:00,517.158,100.0,200.0,0.0,224.12551335099002,0.0,0.0,Winter,28.731,0.0,0.0,0.0
2020-11-08 09:00:00,1719.972,100.0,200.0,0.0,411.7421437439272,0.0,0.0,Winter,95.55399999999999,0.0,0.0,0.0
2020-11-08 10:00:00,1809.45,100.0,200.0,0.0,599.3587741368644,0.0,0.0,Winter,100.52499999999999,0.0,0.0,0.0
2020-11-08 11:00:00,1434.78,100.0,100.64122586313553,0.0,693.7686125121445,0.0,0.0,Winter,79.71000000000001,0.0,0.0,0.0
2020-11-08 12:00:00,1516.896,100.0,6.231387487855507,0.0,699.6141721278652,0.0,0.0,Winter,84.272,0.0,0.0,0.0
2020-11-08 13:00:00,1510.866,100.0,0.3858278721347451,0.0,699.9761107542732,0.0,0.0,Winter,83.937,0.0,0.0,0.0
2020-11-08 14:00:00,1893.636,100.0,0.023889245726750233,0.0,699.9985208532026,0.0,0.0,Winter,105.202,0.0,0.0,0.0
2020-11-08 15:00:00,1455.228,100.0,0.0014791467973263935,0.0,699.9999084158925,0.0,0.0,Winter,80.846,0.0,0.0,0.0
2020-11-08 16:00:00,74.2104,100.0,0.0,27.491805972623247,672.5081024432692,0.0,0.0,Winter,4.1228,3.9274008532318923,0.0,0.0
2020-11-08 17:00:00,0.0,100.0,0.0,106.60035817780522,565.907744265464,0.0,0.0,Winter,0.0,15.228622596829316,0.0,0.0
2020-11-08 18:00:00,0.0,100.0,0.0,106.60035817780522,459.3073860876588,0.0,0.0,Winter,0.0,15.228622596829316,0.0,0.0
2020-11-08 19:00:00,0.0,100.0,0.0,106.60035817780522,352.7070279098536,0.0,0.0,Winter,0.0,15.228622596829316,0.0,0.0
2020-11-08 20:00:00,0.0,100.0,0.0,106.60035817780522,246.1066697320484,0.0,0.0,Winter,0.0,15.228622596829316,0.0,0.0
2020-11-08 21:00:00,0.0,100.0,0.0,106.60035817780522,139.5063115542432,0.0,0.0,Winter,0.0,15.228622596829316,0.0,0.0
2020-11-08 22:00:00,0.0,100.0,0.0,106.60035817780522,32.905953376437985,0.0,0.0,Winter,0.0,15.228622596829316,0.0,0.0
2020-11-08 23:00:00,0.0,70.86852046177194,0.0,32.905953376437985,0.0,40.0,29.131479538228064,Winter,0.0,4.700850482348284,100.0,29.13147953822806
2020-11-09 00:00:00,0.0,40.0,0.0,0.0,0.0,40.0,60.0,Winter,0.0,0.0,100.0,60.0
2020-11-09 01:00:00,0.0,40.0,0.0,0.0,0.0,40.0,60.0,Winter,0.0,0.0,100.0,60.0
2020-11-09 02:00:00,0.0,40.0,0.0,0.0,0.0,40.0,60.0,Winter,0.0,0.0,100.0,60.0
2020-11-09 03:00:00,0.0,40.0,0.0,0.0,0.0,40.0,60.0,Winter,0.0,0.0,100.0,60.0
2020-11-09 04:00:00,0.0,40.0,0.0,0.0,0.0,40.0,60.0,Winter,0.0,0.0,100.0,60.0
2020-11-09 05:00:00,0.0,40.0,0.0,0.0,0.0,40.0,60.0,Winter,0.0,0.0,100.0,60.0
2020-11-09 06:00:00,0.0,40.0,0.0,0.0,0.0,40.0,60.0,Winter,0.0,0.0,100.0,60.0
2020-11-09 07:00:00,75.8016,100.0,0.0,0.0,0.0,24.198400000000007,0.0,Winter,4.2112,0.0,60.496000000000016,0.0
2020-11-09 08:00:00,427.752,100.0,200.0,0.0,187.6166303929372,0.0,0.0,Winter,23.764000000000003,0.0,0.0,0.0
2020-11-09 09:00:00,1139.778,100.0,200.0,0.0,375.2332607858744,0.0,0.0,Winter,63.321000000000005,0.0,0.0,0.0
2020-11-09 10:00:00,1798.02,100.0,200.0,0.0,562.8498911788115,0.0,0.0,Winter,99.89,0.0,0.0,0.0
2020-11-09 11:00:00,1705.878,100.0,137.15010882118844,0.0,691.5080975540917,0.0,0.0,Winter,94.771,0.0,0.0,0.0
2020-11-09 12:00:00,1776.114,100.0,8.491902445908286,0.0,699.4742081667259,0.0,0.0,Winter,98.673,0.0,0.0,0.0
2020-11-09 13:00:00,1782.162,100.0,0.5257918332740664,0.0,699.9674446269609,0.0,0.0,Winter,99.009,0.0,0.0,0.0
2020-11-09 14:00:00,1084.194,100.0,0.03255537303909659,0.0,699.9979842739149,0.0,0.0,Winter,60.233000000000004,0.0,0.0,0.0
2020-11-09 15:00:00,1040.364,100.0,0.0020157260851701724,0.0,699.9998751925942,0.0,0.0,Winter,57.798,0.0,0.0,0.0
2020-11-09 16:00:00,70.146,100.0,0.0,31.82447093040197,668.1754042621923,0.0,0.0,Winter,3.897,4.546352990057424,0.0,0.0
2020-11-09 17:00:00,0.0,100.0,0.0,106.60035817780522,561.5750460843872,0.0,0.0,Winter,0.0,15.228622596829316,0.0,0.0
2020-11-09 18:00:00,0.0,100.0,0.0,106.60035817780522,454.9746879065819,0.0,0.0,Winter,0.0,15.228622596829316,0.0,0.0
2020-11-09 19:00:00,0.0,100.0,0.0,106.60035817780522,348.37432972877673,0.0,0.0,Winter,0.0,15.228622596829316,0.0,0.0
2020-11-09 20:00:00,0.0,100.0,0.0,106.60035817780522,241.7739715509715,0.0,0.0,Winter,0.0,15.228622596829316,0.0,0.0
2020-11-09 21:00:00,0.0,100.0,0.0,106.60035817780522,135.1736133731663,0.0,0.0,Winter,0.0,15.228622596829316,0.0,0.0
2020-11-09 22:00:00,0.0,100.0,0.0,106.60035817780522,28.57325519536108,0.0,0.0,Winter,0.0,15.228622596829316,0.0,0.0
2020-11-09 23:00:00,0.0,66.80408929555566,0.0,28.57325519536108,0.0,40.0,33.195910704444344,Winter,0.0,4.081893599337297,100.0,33.195910704444344
2020-11-10 00:00:00,0.0,40.0,0.0,0.0,0.0,40.0,60.0,Winter,0.0,0.0,100.0,60.0
2020-11-10 01:00:00,0.0,40.0,0.0,0.0,0.0,40.0,60.0,Winter,0.0,0.0,100.0,60.0
2020-11-10 02:00:00,0.0,40.0,0.0,0.0,0.0,40.0,60.0,Winter,0.0,0.0,100.0,60.0
2020-11-10 03:00:00,0.0,40.0,0.0,0.0,0.0,40.0,60.0,Winter,0.0,0.0,100.0,60.0
2020-11-10 04:00:00,0.0,40.0,0.0,0.0,0.0,40.0,60.0,Winter,0.0,0.0,100.0,60.0
2020-11-10 05:00:00,0.0,40.0,0.0,0.0,0.0,40.0,60.0,Winter,0.0,0.0,100.0,60.0
2020-11-10 06:00:00,0.0,40.0,0.0,0.0,0.0,40.0,60.0,Winter,0.0,0.0,100.0,60.0
2020-11-10 07:00:00,45.702,85.702,0.0,0.0,0.0,40.0,14.298000000000002,Winter,2.539,0.0,100.0,14.298000000000002
2020-11-10 08:00:00,120.9888,100.0,20.988799999999998,0.0,19.6892396599564,0.0,0.0,Winter,6.7216,0.0,0.0,0.0
2020-11-10 09:00:00,214.038,100.0,114.03800000000001,0.0,126.66636614370525,0.0,0.0,Winter,11.891,0.0,0.0,0.0
2020-11-10 10:00:00,579.654,100.0,200.0,0.0,314.28299653664243,0.0,0.0,Winter,32.202999999999996,0.0,0.0,0.0
2020-11-10 11:00:00,798.39,100.0,200.0,0.0,501.89962692957965,0.0,0.0,Winter,44.355,0.0,0.0,0.0
2020-11-10 12:00:00,1397.196,100.0,198.10037307042035,0.0,687.7342493048598,0.0,0.0,Winter,77.62199999999999,0.0,0.0,0.0
2020-11-10 13:00:00,1494.9,100.0,12.265750695140218,0.0,699.24054337817,0.0,0.0,Winter,83.05,0.0,0.0,0.0
2020-11-10 14:00:00,1436.328,100.0,0.7594566218300024,0.0,699.9529768397567,0.0,0.0,Winter,79.796,0.0,0.0,0.0
2020-11-10 15:00:00,390.798,100.0,0.04702316024329048,0.0,699.9970884741331,0.0,0.0,Winter,21.711,0.0,0.0,0.0
2020-11-10 16:00:00,47.248200000000004,100.0,0.0,56.233607745239446,643.7634807288937,0.0,0.0,Winter,2.6249000000000002,8.033372535034207,0.0,0.0
2020-11-10 17:00:00,0.0,100.0,0.0,106.60035817780522,537.1631225510885,0.0,0.0,Winter,0.0,15.228622596829316,0.0,0.0
2020-11-10 18:00:00,0.0,100.0,0.0,106.60035817780522,430.56276437328324,0.0,0.0,Winter,0.0,15.228622596829316,0.0,0.0
2020-11-10 19:00:00,0.0,100.0,0.0,106.60035817780522,323.962406195478,0.0,0.0,Winter,0.0,15.228622596829316,0.0,0.0
2020-11-10 20:00:00,0.0,100.0,0.0,106.60035817780522,217.36204801767283,0.0,0.0,Winter,0.0,15.228622596829316,0.0,0.0
2020-11-10 21:00:00,0.0,100.0,0.0,106.60035817780522,110.76168983986763,0.0,0.0,Winter,0.0,15.228622596829316,0.0,0.0
2020-11-10 22:00:00,0.0,100.0,0.0,106.60035817780522,4.16133166206241,0.0,0.0,Winter,0.0,15.228622596829316,0.0,0.0
2020-11-10 23:00:00,0.0,43.90367512191795,0.0,4.16133166206241,0.0,40.0,56.096324878082044,Winter,0.0,0.5944759517232014,100.0,56.09632487808205
2020-11-11 00:00:00,0.0,40.0,0.0,0.0,0.0,40.0,60.0,Winter,0.0,0.0,100.0,60.0
2020-11-11 01:00:00,0.0,40.0,0.0,0.0,0.0,40.0,60.0,Winter,0.0,0.0,100.0,60.0
2020-11-11 02:00:00,0.0,40.0,0.0,0.0,0.0,40.0,60.0,Winter,0.0,0.0,100.0,60.0
2020-11-11 03:00:00,0.0,40.0,0.0,0.0,0.0,40.0,60.0,Winter,0.0,0.0,100.0,60.0
2020-11-11 04:00:00,0.0,40.0,0.0,0.0,0.0,40.0,60.0,Winter,0.0,0.0,100.0,60.0
2020-11-11 05:00:00,0.0,40.0,0.0,0.0,0.0,40.0,60.0,Winter,0.0,0.0,100.0,60.0
2020-11-11 06:00:00,0.0,40.0,0.0,0.0,0.0,40.0,60.0,Winter,0.0,0.0,100.0,60.0
2020-11-11 07:00:00,39.43620000000001,79.43620000000001,0.0,0.0,0.0,40.0,20.563799999999993,Winter,2.1909000000000005,0.0,100.0,20.563799999999993
2020-11-11 08:00:00,113.08319999999999,100.0,13.08319999999999,0.0,12.27312949378437,0.0,0.0,Winter,6.282399999999999,0.0,0.0,0.0
2020-11-11 09:00:00,210.204,100.0,110.20400000000001,0.0,115.65364517290064,0.0,0.0,Winter,11.678,0.0,0.0,0.0
2020-11-11 10:00:00,1194.498,100.0,200.0,0.0,303.27027556583784,0.0,0.0,Winter,66.361,0.0,0.0,0.0
2020-11-11 11:00:00,1498.014,100.0,200.0,0.0,490.88690595877506,0.0,0.0,Winter,83.22299999999998,0.0,0.0,0.0
2020-11-11 12:00:00,1575.09,100.0,200.0,0.0,678.5035363517123,0.0,0.0,Winter,87.505,0.0,0.0,0.0
2020-11-11 13:00:00,1194.894,100.0,21.496463648287694,0.0,698.6690067269923,0.0,0.0,Winter,66.38300000000001,0.0,0.0,0.0
2020-11-11 14:00:00,829.134,100.0,1.3309932730076834,0.0,699.9175890917792,0.0,0.0,Winter,46.062999999999995,0.0,0.0,0.0
2020-11-11 15:00:00,1015.956,100.0,0.08241090822080151,0.0,699.9948973763193,0.0,0.0,Winter,56.442,0.0,0.0,0.0
2020-11-11 16:00:00,84.0762,100.0,0.0,16.974827835517345,683.020069540802,1.7763568394002505e-15,0.0,Winter,4.6709,2.4249754050739063,4.440892098500626e-15,0.0
2020-11-11 17:00:00,0.0,100.0,0.0,106.60035817780522,576.4197113629967,0.0,0.0,Winter,0.0,15.228622596829316,0.0,0.0
2020-11-11 18:00:00,0.0,100.0,0.0,106.60035817780522,469.8193531851915,0.0,0.0,Winter,0.0,15.228622596829316,0.0,0.0
2020-11-11 19:00:00,0.0,100.0,0.0,106.60035817780522,363.2189950073863,0.0,0.0,Winter,0.0,15.228622596829316,0.0,0.0
2020-11-11 20:00:00,0.0,100.0,0.0,106.60035817780522,256.61863682958113,0.0,0.0,Winter,0.0,15.228622596829316,0.0,0.0
2020-11-11 21:00:00,0.0,100.0,0.0,106.60035817780522,150.01827865177592,0.0,0.0,Winter,0.0,15.228622596829316,0.0,0.0
2020-11-11 22:00:00,0.0,100.0,0.0,106.60035817780522,43.41792047397069,0.0,0.0,Winter,0.0,15.228622596829316,0.0,0.0
2020-11-11 23:00:00,0.0,80.7296196899745,0.0,43.41792047397069,0.0,40.0,19.2703803100255,Winter,0.0,6.202560067710099,100.0,19.2703803100255
2020-11-12 00:00:00,0.0,40.0,0.0,0.0,0.0,40.0,60.0,Winter,0.0,0.0,100.0,60.0
2020-11-12 01:00:00,0.0,40.0,0.0,0.0,0.0,40.0,60.0,Winter,0.0,0.0,100.0,60.0
2020-11-12 02:00:00,0.0,40.0,0.0,0.0,0.0,40.0,60.0,Winter,0.0,0.0,100.0,60.0
2020-11-12 03:00:00,0.0,40.0,0.0,0.0,0.0,40.0,60.0,Winter,0.0,0.0,100.0,60.0
2020-11-12 04:00:00,0.0,40.0,0.0,0.0,0.0,40.0,60.0,Winter,0.0,0.0,100.0,60.0
2020-11-12 05:00:00,0.0,40.0,0.0,0.0,0.0,40.0,60.0,Winter,0.0,0.0,100.0,60.0
2020-11-12 06:00:00,0.0,40.0,0.0,0.0,0.0,40.0,60.0,Winter,0.0,0.0,100.0,60.0
2020-11-12 07:00:00,133.7472,100.0,33.74719999999999,0.0,31.65767974598264,0.0,0.0,Winter,7.4304,0.0,0.0,0.0
2020-11-12 08:00:00,110.01780000000001,100.0,10.017800000000008,0.0,41.05520914573448,0.0,0.0,Winter,6.1121,0.0,0.0,0.0
2020-11-12 09:00:00,210.114,100.0,110.114,0.0,144.35129734117393,0.0,0.0,Winter,11.673,0.0,0.0,0.0
2020-11-12 10:00:00,431.964,100.0,200.0,0.0,331.9679277341111,0.0,0.0,Winter,23.998,0.0,0.0,0.0
2020-11-12 11:00:00,1042.74,100.0,200.0,0.0,519.5845581270484,0.0,0.0,Winter,57.93000000000001,0.0,0.0,0.0
2020-11-12 12:00:00,665.496,100.0,180.4154418729517,0.0,688.8292445023285,0.0,0.0,Winter,36.972,0.0,0.0,0.0
2020-11-12 13:00:00,382.752,100.0,11.170755497671548,0.0,699.308342029411,0.0,0.0,Winter,21.264,0.0,0.0,0.0
2020-11-12 14:00:00,170.127,100.0,0.6916579705890036,0.0,699.9571747185427,0.0,0.0,Winter,9.4515,0.0,0.0,0.0
2020-11-12 15:00:00,60.0876,100.0,0.0,42.54676135735833,657.4104133611843,0.0,0.0,Winter,3.3382,6.0781087653369035,0.0,0.0
2020-11-12 16:00:00,0.0,100.0,0.0,106.60035817780522,550.8100551833791,0.0,0.0,Winter,0.0,15.228622596829316,0.0,0.0
2020-11-12 17:00:00,0.0,100.0,0.0,106.60035817780522,444.2096970055739,0.0,0.0,Winter,0.0,15.228622596829316,0.0,0.0
2020-11-12 18:00:00,0.0,100.0,0.0,106.60035817780522,337.6093388277687,0.0,0.0,Winter,0.0,15.228622596829316,0.0,0.0
2020-11-12 19:00:00,0.0,100.0,0.0,106.60035817780522,231.0089806499635,0.0,0.0,Winter,0.0,15.228622596829316,0.0,0.0
2020-11-12 20:00:00,0.0,100.0,0.0,106.60035817780522,124.40862247215827,0.0,0.0,Winter,0.0,15.228622596829316,0.0,0.0
2020-11-12 21:00:00,0.0,100.0,0.0,106.60035817780522,17.80826429435305,0.0,0.0,Winter,0.0,15.228622596829316,0.0,0.0
2020-11-12 22:00:00,0.0,56.70563270026689,0.0,17.80826429435305,0.0,40.0,43.29436729973311,Winter,0.0,2.5440377563361505,100.0,43.29436729973311
2020-11-12 23:00:00,0.0,40.0,0.0,0.0,0.0,40.0,60.0,Winter,0.0,0.0,100.0,60.0
2020-11-13 00:00:00,0.0,40.0,0.0,0.0,0.0,40.0,60.0,Winter,0.0,0.0,100.0,60.0
2020-11-13 01:00:00,0.0,40.0,0.0,0.0,0.0,40.0,60.0,Winter,0.0,0.0,100.0,60.0
2020-11-13 02:00:00,0.0,40.0,0.0,0.0,0.0,40.0,60.0,Winter,0.0,0.0,100.0,60.0
2020-11-13 03:00:00,0.0,40.0,0.0,0.0,0.0,40.0,60.0,Winter,0.0,0.0,100.0,60.0
2020-11-13 04:00:00,0.0,40.0,0.0,0.0,0.0,40.0,60.0,Winter,0.0,0.0,100.0,60.0
2020-11-13 05:00:00,0.0,40.0,0.0,0.0,0.0,40.0,60.0,Winter,0.0,0.0,100.0,60.0
2020-11-13 06:00:00,0.0,40.0,0.0,0.0,0.0,40.0,60.0,Winter,0.0,0.0,100.0,60.0
2020-11-13 07:00:00,38.181599999999996,78.1816,0.0,0.0,0.0,40.0,21.818400000000004,Winter,2.1212,0.0,100.0,21.818400000000004
2020-11-13 08:00:00,110.79180000000001,100.0,10.79180000000001,0.0,10.123605759372506,0.0,0.0,Winter,6.155100000000001,0.0,0.0,0.0
2020-11-13 09:00:00,170.46,100.0,70.46000000000001,0.0,76.22094464680427,0.0,0.0,Winter,9.47,0.0,0.0,0.0
2020-11-13 10:00:00,238.878,100.0,138.878,0.0,206.5000566253559,0.0,0.0,Winter,13.270999999999999,0.0,0.0,0.0
2020-11-13 11:00:00,525.618,100.0,200.0,0.0,394.1166870182931,0.0,0.0,Winter,29.201000000000004,0.0,0.0,0.0
2020-11-13 12:00:00,570.744,100.0,200.0,0.0,581.7333174112302,0.0,0.0,Winter,31.708000000000002,0.0,0.0,0.0
2020-11-13 13:00:00,333.0,100.0,118.26668258876971,0.0,692.6772997865104,0.0,0.0,Winter,18.5,0.0,0.0,0.0
2020-11-13 14:00:00,239.436,100.0,7.322700213489588,0.0,699.5466014836732,0.0,0.0,Winter,13.302,0.0,0.0,0.0
2020-11-13 15:00:00,138.5766,100.0,0.45339851632679345,0.0,699.9719269929651,0.0,0.0,Winter,7.698700000000001,0.0,0.0,0.0
2020-11-13 16:00:00,27.063,100.0,0.0,77.75110324414578,622.2208237488194,0.0,0.0,Winter,1.5035,11.107300463449397,0.0,0.0
2020-11-13 17:00:00,0.0,100.0,0.0,106.60035817780522,515.6204655710142,0.0,0.0,Winter,0.0,15.228622596829316,0.0,0.0
2020-11-13 18:00:00,0.0,100.0,0.0,106.60035817780522,409.020107393209,0.0,0.0,Winter,0.0,15.228622596829316,0.0,0.0
2020-11-13 19:00:00,0.0,100.0,0.0,106.60035817780522,302.4197492154038,0.0,0.0,Winter,0.0,15.228622596829316,0.0,0.0
2020-11-13 20:00:00,0.0,100.0,0.0,106.60035817780522,195.8193910375986,0.0,0.0,Winter,0.0,15.228622596829316,0.0,0.0
2020-11-13 21:00:00,0.0,100.0,0.0,106.60035817780522,89.21903285979339,0.0,0.0,Winter,0.0,15.228622596829316,0.0,0.0
2020-11-13 22:00:00,0.0,100.0,0.0,89.21903285979339,0.0,16.305128439644136,0.0,Winter,0.0,12.745576122827625,40.76282109911034,0.0
2020-11-13 23:00:00,0.0,40.0,0.0,0.0,0.0,40.0,60.0,Winter,0.0,0.0,100.0,60.0
2020-11-14 00:00:00,0.0,40.0,0.0,0.0,0.0,40.0,60.0,Winter,0.0,0.0,100.0,60.0
2020-11-14 01:00:00,0.0,40.0,0.0,0.0,0.0,40.0,60.0,Winter,0.0,0.0,100.0,60.0
2020-11-14 02:00:00,0.0,40.0,0.0,0.0,0.0,40.0,60.0,Winter,0.0,0.0,100.0,60.0
2020-11-14 03:00:00,0.0,40.0,0.0,0.0,0.0,40.0,60.0,Winter,0.0,0.0,100.0,60.0
2020-11-14 04:00:00,0.0,40.0,0.0,0.0,0.0,40.0,60.0,Winter,0.0,0.0,100.0,60.0
2020-11-14 05:00:00,0.0,40.0,0.0,0.0,0.0,40.0,60.0,Winter,0.0,0.0,100.0,60.0
2020-11-14 06:00:00,0.0,40.0,0.0,0.0,0.0,40.0,60.0,Winter,0.0,0.0,100.0,60.0
2020-11-14 07:00:00,50.266799999999996,90.26679999999999,0.0,0.0,0.0,40.0,9.733200000000004,Winter,2.7925999999999997,0.0,100.0,9.733200000000004
2020-11-14 08:00:00,114.741,100.0,14.741,0.0,13.828283743111434,0.0,0.0,Winter,6.374499999999999,0.0,0.0,0.0
2020-11-14 09:00:00,166.43880000000001,100.0,66.43880000000001,0.0,76.15340265986282,0.0,0.0,Winter,9.2466,0.0,0.0,0.0
2020-11-14 10:00:00,282.636,100.0,182.63600000000002,0.0,247.48115720208526,0.0,0.0,Winter,15.702000000000002,0.0,0.0,0.0
2020-11-14 11:00:00,369.846,100.0,200.0,0.0,435.09778759502245,0.0,0.0,Winter,20.547,0.0,0.0,0.0
2020-11-14 12:00:00,306.342,100.0,200.0,0.0,622.7144179879597,0.0,0.0,Winter,17.019,0.0,0.0,0.0
2020-11-14 13:00:00,351.234,100.0,77.28558201204031,0.0,695.2147203632397,0.0,0.0,Winter,19.512999999999998,0.0,0.0,0.0
2020-11-14 14:00:00,344.304,100.0,4.785279636760242,0.0,699.7037105679242,0.0,0.0,Winter,19.127999999999997,0.0,0.0,0.0
2020-11-14 15:00:00,111.519,100.0,0.29628943207580594,0.0,699.9816546922598,0.0,0.0,Winter,6.1955,0.0,0.0,0.0
2020-11-14 16:00:00,0.0,100.0,0.0,106.60035817780522,593.3812965144546,0.0,0.0,Winter,0.0,15.228622596829316,0.0,0.0
2020-11-14 17:00:00,0.0,100.0,0.0,106.60035817780522,486.78093833664934,0.0,0.0,Winter,0.0,15.228622596829316,0.0,0.0
2020-11-14 18:00:00,0.0,100.0,0.0,106.60035817780522,380.1805801588441,0.0,0.0,Winter,0.0,15.228622596829316,0.0,0.0
2020-11-14 19:00:00,0.0,100.0,0.0,106.60035817780522,273.5802219810389,0.0,0.0,Winter,0.0,15.228622596829316,0.0,0.0
2020-11-14 20:00:00,0.0,100.0,0.0,106.60035817780522,166.9798638032337,0.0,0.0,Winter,0.0,15.228622596829316,0.0,0.0
2020-11-14 21:00:00,0.0,100.0,0.0,106.60035817780522,60.3795056254285,0.0,0.0,Winter,0.0,15.228622596829316,0.0,0.0
2020-11-14 22:00:00,0.0,96.64099695117145,0.0,60.3795056254285,0.0,40.0,3.359003048828548,Winter,0.0,8.6256436607755,100.0,3.3590030488285483
2020-11-14 23:00:00,0.0,40.0,0.0,0.0,0.0,40.0,60.0,Winter,0.0,0.0,100.0,60.0
2020-11-15 00:00:00,0.0,40.0,0.0,0.0,0.0,40.0,60.0,Winter,0.0,0.0,100.0,60.0
2020-11-15 01:00:00,0.0,40.0,0.0,0.0,0.0,40.0,60.0,Winter,0.0,0.0,100.0,60.0
2020-11-15 02:00:00,0.0,40.0,0.0,0.0,0.0,40.0,60.0,Winter,0.0,0.0,100.0,60.0
2020-11-15 03:00:00,0.0,40.0,0.0,0.0,0.0,40.0,60.0,Winter,0.0,0.0,100.0,60.0
2020-11-15 04:00:00,0.0,40.0,0.0,0.0,0.0,40.0,60.0,Winter,0.0,0.0,100.0,60.0
2020-11-15 05:00:00,0.0,40.0,0.0,0.0,0.0,40.0,60.0,Winter,0.0,0.0,100.0,60.0
2020-11-15 06:00:00,0.0,40.0,0.0,0.0,0.0,40.0,60.0,Winter,0.0,0.0,100.0,60.0
2020-11-15 07:00:00,354.726,100.0,200.0,0.0,187.6166303929372,0.0,0.0,Winter,19.707,0.0,0.0,0.0
2020-11-15 08:00:00,1410.354,100.0,200.0,0.0,375.2332607858744,0.0,0.0,Winter,78.35300000000001,0.0,0.0,0.0
2020-11-15 09:00:00,1948.446,100.0,200.0,0.0,562.8498911788115,0.0,0.0,Winter,108.247,0.0,0.0,0.0
2020-11-15 10:00:00,1970.622,100.0,137.15010882118844,0.0,691.5080975540917,0.0,0.0,Winter,109.479,0.0,0.0,0.0
2020-11-15 11:00:00,1848.582,100.0,8.491902445908286,0.0,699.4742081667259,0.0,0.0,Winter,102.69900000000001,0.0,0.0,0.0
2020-11-15 12:00:00,1904.922,100.0,0.5257918332740664,0.0,699.9674446269609,0.0,0.0,Winter,105.829,0.0,0.0,0.0
2020-11-15 13:00:00,1909.494,100.0,0.03255537303909659,0.0,699.9979842739149,0.0,0.0,Winter,106.083,0.0,0.0,0.0
2020-11-15 14:00:00,1746.594,100.0,0.0020157260851701724,0.0,699.9998751925942,0.0,0.0,Winter,97.033,0.0,0.0,0.0
2020-11-15 15:00:00,917.928,100.0,0.00012480740575119854,0.0,699.9999922723188,0.0,0.0,Winter,50.995999999999995,0.0,0.0,0.0
2020-11-15 16:00:00,30.774600000000003,100.0,0.0,73.79452435001836,626.2054679223005,0.0,0.0,Winter,1.7097000000000002,10.54207490714548,0.0,0.0
2020-11-15 17:00:00,0.0,100.0,0.0,106.60035817780522,519.6051097444953,0.0,0.0,Winter,0.0,15.228622596829316,0.0,0.0
2020-11-15 18:00:00,0.0,100.0,0.0,106.60035817780522,413.00475156669006,0.0,0.0,Winter,0.0,15.228622596829316,0.0,0.0
2020-11-15 19:00:00,0.0,100.0,0.0,106.60035817780522,306.40439338888484,0.0,0.0,Winter,0.0,15.228622596829316,0.0,0.0
2020-11-15 20:00:00,0.0,100.0,0.0,106.60035817780522,199.80403521107965,0.0,0.0,Winter,0.0,15.228622596829316,0.0,0.0
2020-11-15 21:00:00,0.0,100.0,0.0,106.60035817780522,93.20367703327442,0.0,0.0,Winter,0.0,15.228622596829316,0.0,0.0
2020-11-15 22:00:00,0.0,100.0,0.0,93.20367703327442,0.0,12.56720087392732,0.0,Winter,0.0,13.314811004753487,31.4180021848183,0.0
2020-11-15 23:00:00,0.0,40.0,0.0,0.0,0.0,40.0,60.0,Winter,0.0,0.0,100.0,60.0
2020-11-16 00:00:00,0.0,40.0,0.0,0.0,0.0,40.0,60.0,Winter,0.0,0.0,100.0,60.0
2020-11-16 01:00:00,0.0,40.0,0.0,0.0,0.0,40.0,60.0,Winter,0.0,0.0,100.0,60.0
2020-11-16 02:00:00,0.0,40.0,0.0,0.0,0.0,40.0,60.0,Winter,0.0,0.0,100.0,60.0
2020-11-16 03:00:00,0.0,40.0,0.0,0.0,0.0,40.0,60.0,Winter,0.0,0.0,100.0,60.0
2020-11-16 04:00:00,0.0,40.0,0.0,0.0,0.0,40.0,60.0,Winter,0.0,0.0,100.0,60.0
2020-11-16 05:00:00,0.0,40.0,0.0,0.0,0.0,40.0,60.0,Winter,0.0,0.0,100.0,60.0
2020-11-16 06:00:00,0.0,40.0,0.0,0.0,0.0,40.0,60.0,Winter,0.0,0.0,100.0,60.0
2020-11-16 07:00:00,398.646,100.0,200.0,0.0,187.6166303929372,0.0,0.0,Winter,22.147,0.0,0.0,0.0
2020-11-16 08:00:00,1575.0,100.0,200.0,0.0,375.2332607858744,0.0,0.0,Winter,87.5,0.0,0.0,0.0
2020-11-16 09:00:00,1859.472,100.0,200.0,0.0,562.8498911788115,0.0,0.0,Winter,103.304,0.0,0.0,0.0
2020-11-16 10:00:00,1783.53,100.0,137.15010882118844,0.0,691.5080975540917,0.0,0.0,Winter,99.08500000000001,0.0,0.0,0.0
2020-11-16 11:00:00,1731.33,100.0,8.491902445908286,0.0,699.4742081667259,0.0,0.0,Winter,96.185,0.0,0.0,0.0
2020-11-16 12:00:00,1767.186,100.0,0.5257918332740664,0.0,699.9674446269609,0.0,0.0,Winter,98.17699999999999,0.0,0.0,0.0
2020-11-16 13:00:00,1751.922,100.0,0.03255537303909659,0.0,699.9979842739149,0.0,0.0,Winter,97.329,0.0,0.0,0.0
2020-11-16 14:00:00,1357.182,100.0,0.0020157260851701724,0.0,699.9998751925942,0.0,0.0,Winter,75.399,0.0,0.0,0.0
2020-11-16 15:00:00,549.864,100.0,0.00012480740575119854,0.0,699.9999922723188,0.0,0.0,Winter,30.548000000000002,0.0,0.0,0.0
2020-11-16 16:00:00,24.226200000000002,100.0,0.0,80.77514220493376,619.224850067385,0.0,0.0,Winter,1.3459,11.53930602927625,0.0,0.0
2020-11-16 17:00:00,0.0,100.0,0.0,106.60035817780522,512.6244918895798,0.0,0.0,Winter,0.0,15.228622596829316,0.0,0.0
2020-11-16 18:00:00,0.0,100.0,0.0,106.60035817780522,406.0241337117746,0.0,0.0,Winter,0.0,15.228622596829316,0.0,0.0
2020-11-16 19:00:00,0.0,100.0,0.0,106.60035817780522,299.4237755339694,0.0,0.0,Winter,0.0,15.228622596829316,0.0,0.0
2020-11-16 20:00:00,0.0,100.0,0.0,106.60035817780522,192.82341735616419,0.0,0.0,Winter,0.0,15.228622596829316,0.0,0.0
2020-11-16 21:00:00,0.0,100.0,0.0,106.60035817780522,86.22305917835898,0.0,0.0,Winter,0.0,15.228622596829316,0.0,0.0
2020-11-16 22:00:00,0.0,100.0,0.0,86.22305917835898,0.0,19.115600873927363,0.0,Winter,0.0,12.317579882622711,47.78900218481841,0.0
2020-11-16 23:00:00,0.0,40.0,0.0,0.0,0.0,40.0,60.0,Winter,0.0,0.0,100.0,60.0
2020-11-17 00:00:00,0.0,40.0,0.0,0.0,0.0,40.0,60.0,Winter,0.0,0.0,100.0,60.0
2020-11-17 01:00:00,0.0,40.0,0.0,0.0,0.0,40.0,60.0,Winter,0.0,0.0,100.0,60.0
2020-11-17 02:00:00,0.0,40.0,0.0,0.0,0.0,40.0,60.0,Winter,0.0,0.0,100.0,60.0
2020-11-17 03:00:00,0.0,40.0,0.0,0.0,0.0,40.0,60.0,Winter,0.0,0.0,100.0,60.0
2020-11-17 04:00:00,0.0,40.0,0.0,0.0,0.0,40.0,60.0,Winter,0.0,0.0,100.0,60.0
2020-11-17 05:00:00,0.0,40.0,0.0,0.0,0.0,40.0,60.0,Winter,0.0,0.0,100.0,60.0
2020-11-17 06:00:00,0.0,40.0,0.0,0.0,0.0,40.0,60.0,Winter,0.0,0.0,100.0,60.0
2020-11-17 07:00:00,320.688,100.0,200.0,0.0,187.6166303929372,0.0,0.0,Winter,17.816,0.0,0.0,0.0
2020-11-17 08:00:00,1270.242,100.0,200.0,0.0,375.2332607858744,0.0,0.0,Winter,70.56899999999999,0.0,0.0,0.0
2020-11-17 09:00:00,1659.294,100.0,200.0,0.0,562.8498911788115,0.0,0.0,Winter,92.183,0.0,0.0,0.0
2020-11-17 10:00:00,1614.816,100.0,137.15010882118844,0.0,691.5080975540917,0.0,0.0,Winter,89.712,0.0,0.0,0.0
2020-11-17 11:00:00,1537.686,100.0,8.491902445908286,0.0,699.4742081667259,0.0,0.0,Winter,85.42699999999999,0.0,0.0,0.0
2020-11-17 12:00:00,1563.39,100.0,0.5257918332740664,0.0,699.9674446269609,0.0,0.0,Winter,86.855,0.0,0.0,0.0
2020-11-17 13:00:00,1593.54,100.0,0.03255537303909659,0.0,699.9979842739149,0.0,0.0,Winter,88.53,0.0,0.0,0.0
2020-11-17 14:00:00,1270.656,100.0,0.0020157260851701724,0.0,699.9998751925942,0.0,0.0,Winter,70.592,0.0,0.0,0.0
2020-11-17 15:00:00,562.824,100.0,0.00012480740575119854,0.0,699.9999922723188,0.0,0.0,Winter,31.267999999999997,0.0,0.0,0.0
2020-11-17 16:00:00,21.555,100.0,0.0,83.6226509725793,616.3773412997396,0.0,0.0,Winter,1.1975,11.946092996082756,0.0,0.0
2020-11-17 17:00:00,0.0,100.0,0.0,106.60035817780522,509.77698312193434,0.0,0.0,Winter,0.0,15.228622596829316,0.0,0.0
2020-11-17 18:00:00,0.0,100.0,0.0,106.60035817780522,403.1766249441291,0.0,0.0,Winter,0.0,15.228622596829316,0.0,0.0
2020-11-17 19:00:00,0.0,100.0,0.0,106.60035817780522,296.57626676632395,0.0,0.0,Winter,0.0,15.228622596829316,0.0,0.0
2020-11-17 20:00:00,0.0,100.0,0.0,106.60035817780522,189.97590858851873,0.0,0.0,Winter,0.0,15.228622596829316,0.0,0.0
2020-11-17 21:00:00,0.0,100.0,0.0,106.60035817780522,83.37555041071352,0.0,0.0,Winter,0.0,15.228622596829316,0.0,0.0
2020-11-17 22:00:00,0.0,100.0,0.0,83.37555041071352,0.0,21.786800873927305,0.0,Winter,0.0,11.910792915816216,54.467002184818256,0.0
2020-11-17 23:00:00,0.0,40.0,0.0,0.0,0.0,40.0,60.0,Winter,0.0,0.0,100.0,60.0
2020-11-18 00:00:00,0.0,40.0,0.0,0.0,0.0,40.0,60.0,Winter,0.0,0.0,100.0,60.0
2020-11-18 01:00:00,0.0,40.0,0.0,0.0,0.0,40.0,60.0,Winter,0.0,0.0,100.0,60.0
2020-11-18 02:00:00,0.0,40.0,0.0,0.0,0.0,40.0,60.0,Winter,0.0,0.0,100.0,60.0
2020-11-18 03:00:00,0.0,40.0,0.0,0.0,0.0,40.0,60.0,Winter,0.0,0.0,100.0,60.0
2020-11-18 04:00:00,0.0,40.0,0.0,0.0,0.0,40.0,60.0,Winter,0.0,0.0,100.0,60.0
2020-11-18 05:00:00,0.0,40.0,0.0,0.0,0.0,40.0,60.0,Winter,0.0,0.0,100.0,60.0
2020-11-18 06:00:00,0.0,40.0,0.0,0.0,0.0,40.0,60.0,Winter,0.0,0.0,100.0,60.0
2020-11-18 07:00:00,336.384,100.0,200.0,0.0,187.6166303929372,0.0,0.0,Winter,18.688000000000002,0.0,0.0,0.0
2020-11-18 08:00:00,986.508,100.0,200.0,0.0,375.2332607858744,0.0,0.0,Winter,54.806,0.0,0.0,0.0
2020-11-18 09:00:00,1206.954,100.0,200.0,0.0,562.8498911788115,0.0,0.0,Winter,67.053,0.0,0.0,0.0
2020-11-18 10:00:00,1201.932,100.0,137.15010882118844,0.0,691.5080975540917,0.0,0.0,Winter,66.774,0.0,0.0,0.0
2020-11-18 11:00:00,994.788,100.0,8.491902445908286,0.0,699.4742081667259,0.0,0.0,Winter,55.266000000000005,0.0,0.0,0.0
2020-11-18 12:00:00,1606.734,100.0,0.5257918332740664,0.0,699.9674446269609,0.0,0.0,Winter,89.26299999999999,0.0,0.0,0.0
2020-11-18 13:00:00,1760.058,100.0,0.03255537303909659,0.0,699.9979842739149,0.0,0.0,Winter,97.78099999999999,0.0,0.0,0.0
2020-11-18 14:00:00,1605.33,100.0,0.0020157260851701724,0.0,699.9998751925942,0.0,0.0,Winter,89.18499999999999,0.0,0.0,0.0
2020-11-18 15:00:00,791.208,100.0,0.00012480740575119854,0.0,699.9999922723188,0.0,0.0,Winter,43.956,0.0,0.0,0.0
2020-11-18 16:00:00,27.1566,100.0,0.0,77.65132530889136,622.3486669634275,0.0,0.0,Winter,1.5087,11.093046472698767,0.0,0.0
2020-11-18 17:00:00,0.0,100.0,0.0,106.60035817780522,515.7483087856223,0.0,0.0,Winter,0.0,15.228622596829316,0.0,0.0
2020-11-18 18:00:00,0.0,100.0,0.0,106.60035817780522,409.14795060781705,0.0,0.0,Winter,0.0,15.228622596829316,0.0,0.0
2020-11-18 19:00:00,0.0,100.0,0.0,106.60035817780522,302.54759243001183,0.0,0.0,Winter,0.0,15.228622596829316,0.0,0.0
2020-11-18 20:00:00,0.0,100.0,0.0,106.60035817780522,195.94723425220664,0.0,0.0,Winter,0.0,15.228622596829316,0.0,0.0
2020-11-18 21:00:00,0.0,100.0,0.0,106.60035817780522,89.34687607440141,0.0,0.0,Winter,0.0,15.228622596829316,0.0,0.0
2020-11-18 22:00:00,0.0,100.0,0.0,89.34687607440141,0.0,16.185200873927343,0.0,Winter,0.0,12.7638394392002,40.46300218481836,0.0
2020-11-18 23:00:00,0.0,40.0,0.0,0.0,0.0,40.0,60.0,Winter,0.0,0.0,100.0,60.0
2020-11-19 00:00:00,0.0,40.0,0.0,0.0,0.0,40.0,60.0,Winter,0.0,0.0,100.0,60.0
2020-11-19 01:00:00,0.0,40.0,0.0,0.0,0.0,40.0,60.0,Winter,0.0,0.0,100.0,60.0
2020-11-19 02:00:00,0.0,40.0,0.0,0.0,0.0,40.0,60.0,Winter,0.0,0.0,100.0,60.0
2020-11-19 03:00:00,0.0,40.0,0.0,0.0,0.0,40.0,60.0,Winter,0.0,0.0,100.0,60.0
2020-11-19 04:00:00,0.0,40.0,0.0,0.0,0.0,40.0,60.0,Winter,0.0,0.0,100.0,60.0
2020-11-19 05:00:00,0.0,40.0,0.0,0.0,0.0,40.0,60.0,Winter,0.0,0.0,100.0,60.0
2020-11-19 06:00:00,0.0,40.0,0.0,0.0,0.0,40.0,60.0,Winter,0.0,0.0,100.0,60.0
2020-11-19 07:00:00,320.454,100.0,200.0,0.0,187.6166303929372,0.0,0.0,Winter,17.803,0.0,0.0,0.0
2020-11-19 08:00:00,1319.472,100.0,200.0,0.0,375.2332607858744,0.0,0.0,Winter,73.304,0.0,0.0,0.0
2020-11-19 09:00:00,1598.166,100.0,200.0,0.0,562.8498911788115,0.0,0.0,Winter,88.78699999999999,0.0,0.0,0.0
2020-11-19 10:00:00,1583.532,100.0,137.15010882118844,0.0,691.5080975540917,0.0,0.0,Winter,87.97399999999999,0.0,0.0,0.0
2020-11-19 11:00:00,1555.722,100.0,8.491902445908286,0.0,699.4742081667259,0.0,0.0,Winter,86.429,0.0,0.0,0.0
2020-11-19 12:00:00,1585.062,100.0,0.5257918332740664,0.0,699.9674446269609,0.0,0.0,Winter,88.059,0.0,0.0,0.0
2020-11-19 13:00:00,1635.84,100.0,0.03255537303909659,0.0,699.9979842739149,0.0,0.0,Winter,90.88,0.0,0.0,0.0
2020-11-19 14:00:00,1389.402,100.0,0.0020157260851701724,0.0,699.9998751925942,0.0,0.0,Winter,77.18900000000001,0.0,0.0,0.0
2020-11-19 15:00:00,648.504,100.0,0.00012480740575119854,0.0,699.9999922723188,0.0,0.0,Winter,36.028,0.0,0.0,0.0
2020-11-19 16:00:00,21.636,100.0,0.0,83.53630468245528,616.4636875898635,0.0,0.0,Winter,1.202,11.933757811779326,0.0,0.0
2020-11-19 17:00:00,0.0,100.0,0.0,106.60035817780522,509.86332941205836,0.0,0.0,Winter,0.0,15.228622596829316,0.0,0.0
2020-11-19 18:00:00,0.0,100.0,0.0,106.60035817780522,403.26297123425314,0.0,0.0,Winter,0.0,15.228622596829316,0.0,0.0
2020-11-19 19:00:00,0.0,100.0,0.0,106.60035817780522,296.6626130564479,0.0,0.0,Winter,0.0,15.228622596829316,0.0,0.0
2020-11-19 20:00:00,0.0,100.0,0.0,106.60035817780522,190.06225487864273,0.0,0.0,Winter,0.0,15.228622596829316,0.0,0.0
2020-11-19 21:00:00,0.0,100.0,0.0,106.60035817780522,83.46189670083751,0.0,0.0,Winter,0.0,15.228622596829316,0.0,0.0
2020-11-19 22:00:00,0.0,100.0,0.0,83.46189670083751,0.0,21.705800873927316,0.0,Winter,0.0,11.923128100119646,54.264502184818284,0.0
2020-11-19 23:00:00,0.0,40.0,0.0,0.0,0.0,40.0,60.0,Winter,0.0,0.0,100.0,60.0
2020-11-20 00:00:00,0.0,40.0,0.0,0.0,0.0,40.0,60.0,Winter,0.0,0.0,100.0,60.0
2020-11-20 01:00:00,0.0,40.0,0.0,0.0,0.0,40.0,60.0,Winter,0.0,0.0,100.0,60.0
2020-11-20 02:00:00,0.0,40.0,0.0,0.0,0.0,40.0,60.0,Winter,0.0,0.0,100.0,60.0
2020-11-20 03:00:00,0.0,40.0,0.0,0.0,0.0,40.0,60.0,Winter,0.0,0.0,100.0,60.0
2020-11-20 04:00:00,0.0,40.0,0.0,0.0,0.0,40.0,60.0,Winter,0.0,0.0,100.0,60.0
2020-11-20 05:00:00,0.0,40.0,0.0,0.0,0.0,40.0,60.0,Winter,0.0,0.0,100.0,60.0
2020-11-20 06:00:00,0.0,40.0,0.0,0.0,0.0,40.0,60.0,Winter,0.0,0.0,100.0,60.0
2020-11-20 07:00:00,56.206799999999994,96.20679999999999,0.0,0.0,0.0,40.0,3.793200000000006,Winter,3.1226,0.0,100.0,3.7932000000000055
2020-11-20 08:00:00,172.8306,100.0,72.8306,0.0,68.32115880747926,0.0,0.0,Winter,9.601700000000001,0.0,0.0,0.0
2020-11-20 09:00:00,300.33,100.0,200.0,0.0,255.9377892004165,0.0,0.0,Winter,16.685,0.0,0.0,0.0
2020-11-20 10:00:00,481.554,100.0,200.0,0.0,443.55441959335366,0.0,0.0,Winter,26.753,0.0,0.0,0.0
2020-11-20 11:00:00,730.296,100.0,200.0,0.0,631.1710499862909,0.0,0.0,Winter,40.572,0.0,0.0,0.0
2020-11-20 12:00:00,674.55,100.0,68.82895001370913,0.0,695.738328361571,0.0,0.0,Winter,37.474999999999994,0.0,0.0,0.0
2020-11-20 13:00:00,847.476,100.0,4.261671638429048,0.0,699.736130724787,0.0,0.0,Winter,47.082,0.0,0.0,0.0
2020-11-20 14:00:00,843.786,100.0,0.2638692752129864,0.0,699.9836620461855,0.0,0.0,Winter,46.876999999999995,0.0,0.0,0.0
2020-11-20 15:00:00,300.474,100.0,0.016337953814538196,0.0,699.9989884053965,0.0,0.0,Winter,16.692999999999998,0.0,0.0,0.0
2020-11-20 16:00:00,24.5718,100.0,0.0,80.40673136707127,619.5922570383252,0.0,0.0,Winter,1.3651,11.48667590958161,0.0,0.0
2020-11-20 17:00:00,0.0,100.0,0.0,106.60035817780522,512.99189886052,0.0,0.0,Winter,0.0,15.228622596829316,0.0,0.0
2020-11-20 18:00:00,0.0,100.0,0.0,106.60035817780522,406.3915406827148,0.0,0.0,Winter,0.0,15.228622596829316,0.0,0.0
2020-11-20 19:00:00,0.0,100.0,0.0,106.60035817780522,299.79118250490956,0.0,0.0,Winter,0.0,15.228622596829316,0.0,0.0
2020-11-20 20:00:00,0.0,100.0,0.0,106.60035817780522,193.19082432710437,0.0,0.0,Winter,0.0,15.228622596829316,0.0,0.0
2020-11-20 21:00:00,0.0,100.0,0.0,106.60035817780522,86.59046614929916,0.0,0.0,Winter,0.0,15.228622596829316,0.0,0.0
2020-11-20 22:00:00,0.0,100.0,0.0,86.59046614929916,0.0,18.770942584574,0.0,Winter,0.0,12.370066592757023,46.927356461435004,0.0
2020-11-20 23:00:00,0.0,40.0,0.0,0.0,0.0,40.0,60.0,Winter,0.0,0.0,100.0,60.0
2020-11-21 00:00:00,0.0,40.0,0.0,0.0,0.0,40.0,60.0,Winter,0.0,0.0,100.0,60.0
2020-11-21 01:00:00,0.0,40.0,0.0,0.0,0.0,40.0,60.0,Winter,0.0,0.0,100.0,60.0
2020-11-21 02:00:00,0.0,40.0,0.0,0.0,0.0,40.0,60.0,Winter,0.0,0.0,100.0,60.0
2020-11-21 03:00:00,0.0,40.0,0.0,0.0,0.0,40.0,60.0,Winter,0.0,0.0,100.0,60.0
2020-11-21 04:00:00,0.0,40.0,0.0,0.0,0.0,40.0,60.0,Winter,0.0,0.0,100.0,60.0
2020-11-21 05:00:00,0.0,40.0,0.0,0.0,0.0,40.0,60.0,Winter,0.0,0.0,100.0,60.0
2020-11-21 06:00:00,0.0,40.0,0.0,0.0,0.0,40.0,60.0,Winter,0.0,0.0,100.0,60.0
2020-11-21 07:00:00,436.392,100.0,200.0,0.0,187.6166303929372,0.0,0.0,Winter,24.244,0.0,0.0,0.0
2020-11-21 08:00:00,1775.322,100.0,200.0,0.0,375.2332607858744,0.0,0.0,Winter,98.62899999999999,0.0,0.0,0.0
2020-11-21 09:00:00,1866.168,100.0,200.0,0.0,562.8498911788115,0.0,0.0,Winter,103.67599999999999,0.0,0.0,0.0
2020-11-21 10:00:00,1666.17,100.0,137.15010882118844,0.0,691.5080975540917,0.0,0.0,Winter,92.56500000000001,0.0,0.0,0.0
2020-11-21 11:00:00,1226.088,100.0,8.491902445908286,0.0,699.4742081667259,0.0,0.0,Winter,68.116,0.0,0.0,0.0
2020-11-21 12:00:00,1641.114,100.0,0.5257918332740664,0.0,699.9674446269609,0.0,0.0,Winter,91.173,0.0,0.0,0.0
2020-11-21 13:00:00,1886.058,100.0,0.03255537303909659,0.0,699.9979842739149,0.0,0.0,Winter,104.78099999999999,0.0,0.0,0.0
2020-11-21 14:00:00,1925.622,100.0,0.0020157260851701724,0.0,699.9998751925942,0.0,0.0,Winter,106.979,0.0,0.0,0.0
2020-11-21 15:00:00,1218.6,100.0,0.00012480740575119854,0.0,699.9999922723188,0.0,0.0,Winter,67.69999999999999,0.0,0.0,0.0
2020-11-21 16:00:00,35.9514,100.0,0.0,68.27603700786975,631.7239552644492,0.0,0.0,Winter,1.9973,9.753719572552821,0.0,0.0
2020-11-21 17:00:00,0.0,100.0,0.0,106.60035817780522,525.1235970866439,0.0,0.0,Winter,0.0,15.228622596829316,0.0,0.0
2020-11-21 18:00:00,0.0,100.0,0.0,106.60035817780522,418.5232389088387,0.0,0.0,Winter,0.0,15.228622596829316,0.0,0.0
2020-11-21 19:00:00,0.0,100.0,0.0,106.60035817780522,311.9228807310335,0.0,0.0,Winter,0.0,15.228622596829316,0.0,0.0
2020-11-21 20:00:00,0.0,100.0,0.0,106.60035817780522,205.3225225532283,0.0,0.0,Winter,0.0,15.228622596829316,0.0,0.0
2020-11-21 21:00:00,0.0,100.0,0.0,106.60035817780522,98.72216437542309,0.0,0.0,Winter,0.0,15.228622596829316,0.0,0.0
2020-11-21 22:00:00,0.0,100.0,0.0,98.72216437542309,0.0,7.390400873927277,0.0,Winter,0.0,14.103166339346156,18.476002184818192,0.0
2020-11-21 23:00:00,0.0,40.0,0.0,0.0,0.0,40.0,60.0,Winter,0.0,0.0,100.0,60.0
2020-11-22 00:00:00,0.0,40.0,0.0,0.0,0.0,40.0,60.0,Winter,0.0,0.0,100.0,60.0
2020-11-22 01:00:00,0.0,40.0,0.0,0.0,0.0,40.0,60.0,Winter,0.0,0.0,100.0,60.0
2020-11-22 02:00:00,0.0,40.0,0.0,0.0,0.0,40.0,60.0,Winter,0.0,0.0,100.0,60.0
2020-11-22 03:00:00,0.0,40.0,0.0,0.0,0.0,40.0,60.0,Winter,0.0,0.0,100.0,60.0
2020-11-22 04:00:00,0.0,40.0,0.0,0.0,0.0,40.0,60.0,Winter,0.0,0.0,100.0,60.0
2020-11-22 05:00:00,0.0,40.0,0.0,0.0,0.0,40.0,60.0,Winter,0.0,0.0,100.0,60.0
2020-11-22 06:00:00,0.0,40.0,0.0,0.0,0.0,40.0,60.0,Winter,0.0,0.0,100.0,60.0
2020-11-22 07:00:00,55.93320000000001,95.9332,0.0,0.0,0.0,40.0,4.0667999999999935,Winter,3.1074000000000006,0.0,100.0,4.0667999999999935
2020-11-22 08:00:00,544.536,100.0,200.0,0.0,187.6166303929372,0.0,0.0,Winter,30.251999999999995,0.0,0.0,0.0
2020-11-22 09:00:00,1447.83,100.0,200.0,0.0,375.2332607858744,0.0,0.0,Winter,80.435,0.0,0.0,0.0
2020-11-22 10:00:00,1031.328,100.0,200.0,0.0,562.8498911788115,0.0,0.0,Winter,57.296,0.0,0.0,0.0
2020-11-22 11:00:00,1009.692,100.0,137.15010882118844,0.0,691.5080975540917,0.0,0.0,Winter,56.094,0.0,0.0,0.0
2020-11-22 12:00:00,1566.882,100.0,8.491902445908286,0.0,699.4742081667259,0.0,0.0,Winter,87.04899999999999,0.0,0.0,0.0
2020-11-22 13:00:00,781.542,100.0,0.5257918332740664,0.0,699.9674446269609,0.0,0.0,Winter,43.419000000000004,0.0,0.0,0.0
2020-11-22 14:00:00,1367.136,100.0,0.03255537303909659,0.0,699.9979842739149,0.0,0.0,Winter,75.952,0.0,0.0,0.0
2020-11-22 15:00:00,910.8,100.0,0.0020157260851701724,0.0,699.9998751925942,0.0,0.0,Winter,50.6,0.0,0.0,0.0
2020-11-22 16:00:00,22.1148,100.0,0.0,83.02590216749995,616.9739730250942,0.0,0.0,Winter,1.2286,11.860843166785708,0.0,0.0
2020-11-22 17:00:00,0.0,100.0,0.0,106.60035817780522,510.37361484728905,0.0,0.0,Winter,0.0,15.228622596829316,0.0,0.0
2020-11-22 18:00:00,0.0,100.0,0.0,106.60035817780522,403.7732566694838,0.0,0.0,Winter,0.0,15.228622596829316,0.0,0.0
2020-11-22 19:00:00,0.0,100.0,0.0,106.60035817780522,297.17289849167867,0.0,0.0,Winter,0.0,15.228622596829316,0.0,0.0
2020-11-22 20:00:00,0.0,100.0,0.0,106.60035817780522,190.57254031387345,0.0,0.0,Winter,0.0,15.228622596829316,0.0,0.0
2020-11-22 21:00:00,0.0,100.0,0.0,106.60035817780522,83.97218213606823,0.0,0.0,Winter,0.0,15.228622596829316,0.0,0.0
2020-11-22 22:00:00,0.0,100.0,0.0,83.97218213606823,0.0,21.227110704444428,0.0,Winter,0.0,11.996026019438318,53.06777676111108,0.0
2020-11-22 23:00:00,0.0,40.0,0.0,0.0,0.0,40.0,60.0,Winter,0.0,0.0,100.0,60.0
2020-11-23 00:00:00,0.0,40.0,0.0,0.0,0.0,40.0,60.0,Winter,0.0,0.0,100.0,60.0
2020-11-23 01:00:00,0.0,40.0,0.0,0.0,0.0,40.0,60.0,Winter,0.0,0.0,100.0,60.0
2020-11-23 02:00:00,0.0,40.0,0.0,0.0,0.0,40.0,60.0,Winter,0.0,0.0,100.0,60.0
2020-11-23 03:00:00,0.0,40.0,0.0,0.0,0.0,40.0,60.0,Winter,0.0,0.0,100.0,60.0
2020-11-23 04:00:00,0.0,40.0,0.0,0.0,0.0,40.0,60.0,Winter,0.0,0.0,100.0,60.0
2020-11-23 05:00:00,0.0,40.0,0.0,0.0,0.0,40.0,60.0,Winter,0.0,0.0,100.0,60.0
2020-11-23 06:00:00,0.0,40.0,0.0,0.0,0.0,40.0,60.0,Winter,0.0,0.0,100.0,60.0
2020-11-23 07:00:00,302.616,100.0,200.0,0.0,187.6166303929372,0.0,0.0,Winter,16.811999999999998,0.0,0.0,0.0
2020-11-23 08:00:00,1649.106,100.0,200.0,0.0,375.2332607858744,0.0,0.0,Winter,91.617,0.0,0.0,0.0
2020-11-23 09:00:00,1740.06,100.0,200.0,0.0,562.8498911788115,0.0,0.0,Winter,96.67,0.0,0.0,0.0
2020-11-23 10:00:00,1705.698,100.0,137.15010882118844,0.0,691.5080975540917,0.0,0.0,Winter,94.76100000000001,0.0,0.0,0.0
2020-11-23 11:00:00,1607.508,100.0,8.491902445908286,0.0,699.4742081667259,0.0,0.0,Winter,89.30600000000001,0.0,0.0,0.0
2020-11-23 12:00:00,1641.708,100.0,0.5257918332740664,0.0,699.9674446269609,0.0,0.0,Winter,91.206,0.0,0.0,0.0
2020-11-23 13:00:00,1720.404,100.0,0.03255537303909659,0.0,699.9979842739149,0.0,0.0,Winter,95.578,0.0,0.0,0.0
2020-11-23 14:00:00,1804.338,100.0,0.0020157260851701724,0.0,699.9998751925942,0.0,0.0,Winter,100.241,0.0,0.0,0.0
2020-11-23 15:00:00,1162.098,100.0,0.00012480740575119854,0.0,699.9999922723188,0.0,0.0,Winter,64.561,0.0,0.0,0.0
2020-11-23 16:00:00,25.002,100.0,0.0,79.94813662619036,620.0518556461284,0.0,0.0,Winter,1.389,11.421162375170052,0.0,0.0
2020-11-23 17:00:00,0.0,100.0,0.0,106.60035817780522,513.4514974683232,0.0,0.0,Winter,0.0,15.228622596829316,0.0,0.0
2020-11-23 18:00:00,0.0,100.0,0.0,106.60035817780522,406.851139290518,0.0,0.0,Winter,0.0,15.228622596829316,0.0,0.0
2020-11-23 19:00:00,0.0,100.0,0.0,106.60035817780522,300.2507811127128,0.0,0.0,Winter,0.0,15.228622596829316,0.0,0.0
2020-11-23 20:00:00,0.0,100.0,0.0,106.60035817780522,193.6504229349076,0.0,0.0,Winter,0.0,15.228622596829316,0.0,0.0
2020-11-23 21:00:00,0.0,100.0,0.0,106.60035817780522,87.05006475710239,0.0,0.0,Winter,0.0,15.228622596829316,0.0,0.0
2020-11-23 22:00:00,0.0,100.0,0.0,87.05006475710239,0.0,18.33980087392736,0.0,Winter,0.0,12.435723536728913,45.8495021848184,0.0
2020-11-23 23:00:00,0.0,40.0,0.0,0.0,0.0,40.0,60.0,Winter,0.0,0.0,100.0,60.0
2020-11-24 00:00:00,0.0,40.0,0.0,0.0,0.0,40.0,60.0,Winter,0.0,0.0,100.0,60.0
2020-11-24 01:00:00,0.0,40.0,0.0,0.0,0.0,40.0,60.0,Winter,0.0,0.0,100.0,60.0
2020-11-24 02:00:00,0.0,40.0,0.0,0.0,0.0,40.0,60.0,Winter,0.0,0.0,100.0,60.0
2020-11-24 03:00:00,0.0,40.0,0.0,0.0,0.0,40.0,60.0,Winter,0.0,0.0,100.0,60.0
2020-11-24 04:00:00,0.0,40.0,0.0,0.0,0.0,40.0,60.0,Winter,0.0,0.0,100.0,60.0
2020-11-24 05:00:00,0.0,40.0,0.0,0.0,0.0,40.0,60.0,Winter,0.0,0.0,100.0,60.0
2020-11-24 06:00:00,0.0,40.0,0.0,0.0,0.0,40.0,60.0,Winter,0.0,0.0,100.0,60.0
2020-11-24 07:00:00,339.948,100.0,200.0,0.0,187.6166303929372,0.0,0.0,Winter,18.886,0.0,0.0,0.0
2020-11-24 08:00:00,1647.774,100.0,200.0,0.0,375.2332607858744,0.0,0.0,Winter,91.54299999999999,0.0,0.0,0.0
2020-11-24 09:00:00,1856.466,100.0,200.0,0.0,562.8498911788115,0.0,0.0,Winter,103.13699999999999,0.0,0.0,0.0
2020-11-24 10:00:00,1586.592,100.0,137.15010882118844,0.0,691.5080975540917,0.0,0.0,Winter,88.144,0.0,0.0,0.0
2020-11-24 11:00:00,1557.702,100.0,8.491902445908286,0.0,699.4742081667259,0.0,0.0,Winter,86.539,0.0,0.0,0.0
2020-11-24 12:00:00,1637.892,100.0,0.5257918332740664,0.0,699.9674446269609,0.0,0.0,Winter,90.99400000000001,0.0,0.0,0.0
2020-11-24 13:00:00,1788.696,100.0,0.03255537303909659,0.0,699.9979842739149,0.0,0.0,Winter,99.372,0.0,0.0,0.0
2020-11-24 14:00:00,1884.492,100.0,0.0020157260851701724,0.0,699.9998751925942,0.0,0.0,Winter,104.694,0.0,0.0,0.0
2020-11-24 15:00:00,1169.1,100.0,0.00012480740575119854,0.0,699.9999922723188,0.0,0.0,Winter,64.95,0.0,0.0,0.0
2020-11-24 16:00:00,42.139799999999994,100.0,0.0,61.67918044239446,638.3208118299243,0.0,0.0,Winter,2.3411,8.811311491770638,0.0,0.0
2020-11-24 17:00:00,0.0,100.0,0.0,106.60035817780522,531.7204536521192,0.0,0.0,Winter,0.0,15.228622596829316,0.0,0.0
2020-11-24 18:00:00,0.0,100.0,0.0,106.60035817780522,425.1200954743139,0.0,0.0,Winter,0.0,15.228622596829316,0.0,0.0
2020-11-24 19:00:00,0.0,100.0,0.0,106.60035817780522,318.51973729650877,0.0,0.0,Winter,0.0,15.228622596829316,0.0,0.0
2020-11-24 20:00:00,0.0,100.0,0.0,106.60035817780522,211.91937911870355,0.0,0.0,Winter,0.0,15.228622596829316,0.0,0.0
2020-11-24 21:00:00,0.0,100.0,0.0,106.60035817780522,105.31902094089833,0.0,0.0,Winter,0.0,15.228622596829316,0.0,0.0
2020-11-24 22:00:00,0.0,100.0,0.0,105.31902094089833,0.0,1.2020008739273322,0.0,Winter,0.0,15.045574420128332,3.0050021848183306,0.0
2020-11-24 23:00:00,0.0,40.0,0.0,0.0,0.0,40.0,60.0,Winter,0.0,0.0,100.0,60.0
2020-11-25 00:00:00,0.0,40.0,0.0,0.0,0.0,40.0,60.0,Winter,0.0,0.0,100.0,60.0
2020-11-25 01:00:00,0.0,40.0,0.0,0.0,0.0,40.0,60.0,Winter,0.0,0.0,100.0,60.0
2020-11-25 02:00:00,0.0,40.0,0.0,0.0,0.0,40.0,60.0,Winter,0.0,0.0,100.0,60.0
2020-11-25 03:00:00,0.0,40.0,0.0,0.0,0.0,40.0,60.0,Winter,0.0,0.0,100.0,60.0
2020-11-25 04:00:00,0.0,40.0,0.0,0.0,0.0,40.0,60.0,Winter,0.0,0.0,100.0,60.0
2020-11-25 05:00:00,0.0,40.0,0.0,0.0,0.0,40.0,60.0,Winter,0.0,0.0,100.0,60.0
2020-11-25 06:00:00,0.0,40.0,0.0,0.0,0.0,40.0,60.0,Winter,0.0,0.0,100.0,60.0
2020-11-25 07:00:00,311.418,100.0,200.0,0.0,187.6166303929372,0.0,0.0,Winter,17.301,0.0,0.0,0.0
2020-11-25 08:00:00,1686.816,100.0,200.0,0.0,375.2332607858744,0.0,0.0,Winter,93.712,0.0,0.0,0.0
2020-11-25 09:00:00,1894.068,100.0,200.0,0.0,562.8498911788115,0.0,0.0,Winter,105.226,0.0,0.0,0.0
2020-11-25 10:00:00,1601.298,100.0,137.15010882118844,0.0,691.5080975540917,0.0,0.0,Winter,88.961,0.0,0.0,0.0
2020-11-25 11:00:00,1261.8,100.0,8.491902445908286,0.0,699.4742081667259,0.0,0.0,Winter,70.1,0.0,0.0,0.0
2020-11-25 12:00:00,1426.806,100.0,0.5257918332740664,0.0,699.9674446269609,0.0,0.0,Winter,79.267,0.0,0.0,0.0
2020-11-25 13:00:00,1743.894,100.0,0.03255537303909659,0.0,699.9979842739149,0.0,0.0,Winter,96.883,0.0,0.0,0.0
2020-11-25 14:00:00,1821.258,100.0,0.0020157260851701724,0.0,699.9998751925942,0.0,0.0,Winter,101.18100000000001,0.0,0.0,0.0
2020-11-25 15:00:00,1082.952,100.0,0.00012480740575119854,0.0,699.9999922723188,0.0,0.0,Winter,60.163999999999994,0.0,0.0,0.0
2020-11-25 16:00:00,16.05726,100.0,0.0,89.48326150426377,610.516730768055,0.0,0.0,Winter,0.89207,12.78332307203768,0.0,0.0
2020-11-25 17:00:00,0.0,100.0,0.0,106.60035817780522,503.91637259024986,0.0,0.0,Winter,0.0,15.228622596829316,0.0,0.0
2020-11-25 18:00:00,0.0,100.0,0.0,106.60035817780522,397.31601441244464,0.0,0.0,Winter,0.0,15.228622596829316,0.0,0.0
2020-11-25 19:00:00,0.0,100.0,0.0,106.60035817780522,290.7156562346395,0.0,0.0,Winter,0.0,15.228622596829316,0.0,0.0
2020-11-25 20:00:00,0.0,100.0,0.0,106.60035817780522,184.11529805683426,0.0,0.0,Winter,0.0,15.228622596829316,0.0,0.0
2020-11-25 21:00:00,0.0,100.0,0.0,106.60035817780522,77.51493987902904,0.0,0.0,Winter,0.0,15.228622596829316,0.0,0.0
2020-11-25 22:00:00,0.0,100.0,0.0,77.51493987902904,0.0,27.2845408739273,0.0,Winter,0.0,11.073562839861292,68.21135218481824,0.0
2020-11-25 23:00:00,0.0,40.0,0.0,0.0,0.0,40.0,60.0,Winter,0.0,0.0,100.0,60.0
2020-11-26 00:00:00,0.0,40.0,0.0,0.0,0.0,40.0,60.0,Winter,0.0,0.0,100.0,60.0
2020-11-26 01:00:00,0.0,40.0,0.0,0.0,0.0,40.0,60.0,Winter,0.0,0.0,100.0,60.0
2020-11-26 02:00:00,0.0,40.0,0.0,0.0,0.0,40.0,60.0,Winter,0.0,0.0,100.0,60.0
2020-11-26 03:00:00,0.0,40.0,0.0,0.0,0.0,40.0,60.0,Winter,0.0,0.0,100.0,60.0
2020-11-26 04:00:00,0.0,40.0,0.0,0.0,0.0,40.0,60.0,Winter,0.0,0.0,100.0,60.0
2020-11-26 05:00:00,0.0,40.0,0.0,0.0,0.0,40.0,60.0,Winter,0.0,0.0,100.0,60.0
2020-11-26 06:00:00,0.0,40.0,0.0,0.0,0.0,40.0,60.0,Winter,0.0,0.0,100.0,60.0
2020-11-26 07:00:00,211.914,100.0,111.91399999999999,0.0,104.98463786897585,0.0,0.0,Winter,11.772999999999998,0.0,0.0,0.0
2020-11-26 08:00:00,1767.438,100.0,200.0,0.0,292.60126826191305,0.0,0.0,Winter,98.191,0.0,0.0,0.0
2020-11-26 09:00:00,1902.852,100.0,200.0,0.0,480.2178986548502,0.0,0.0,Winter,105.714,0.0,0.0,0.0
2020-11-26 10:00:00,1705.464,100.0,200.0,0.0,667.8345290477874,0.0,0.0,Winter,94.748,0.0,0.0,0.0
2020-11-26 11:00:00,1536.228,100.0,32.16547095221258,0.0,698.0084154230675,0.0,0.0,Winter,85.346,0.0,0.0,0.0
2020-11-26 12:00:00,1575.684,100.0,1.9915845769324805,0.0,699.8766873604005,0.0,0.0,Winter,87.538,0.0,0.0,0.0
2020-11-26 13:00:00,1739.538,100.0,0.12331263959943317,0.0,699.9923648700332,0.0,0.0,Winter,96.641,0.0,0.0,0.0
2020-11-26 14:00:00,1821.042,100.0,0.007635129966889508,0.0,699.9995272568182,0.0,0.0,Winter,101.169,0.0,0.0,0.0
2020-11-26 15:00:00,1164.546,100.0,0.0004727431818610057,0.0,699.9999707292322,0.0,0.0,Winter,64.697,0.0,0.0,0.0
2020-11-26 16:00:00,37.924200000000006,100.0,0.0,66.17302514173801,633.8269455874943,0.0,0.0,Winter,2.1069000000000004,9.453289305962572,0.0,0.0
2020-11-26 17:00:00,0.0,100.0,0.0,106.60035817780522,527.226587409689,0.0,0.0,Winter,0.0,15.228622596829316,0.0,0.0
2020-11-26 18:00:00,0.0,100.0,0.0,106.60035817780522,420.6262292318839,0.0,0.0,Winter,0.0,15.228622596829316,0.0,0.0
2020-11-26 19:00:00,0.0,100.0,0.0,106.60035817780522,314.02587105407866,0.0,0.0,Winter,0.0,15.228622596829316,0.0,0.0
2020-11-26 20:00:00,0.0,100.0,0.0,106.60035817780522,207.42551287627347,0.0,0.0,Winter,0.0,15.228622596829316,0.0,0.0
2020-11-26 21:00:00,0.0,100.0,0.0,106.60035817780522,100.82515469846827,0.0,0.0,Winter,0.0,15.228622596829316,0.0,0.0
2020-11-26 22:00:00,0.0,100.0,0.0,100.82515469846827,0.0,5.417621083133824,0.0,Winter,0.0,14.403593528352609,13.544052707834558,0.0
2020-11-26 23:00:00,0.0,40.0,0.0,0.0,0.0,40.0,60.0,Winter,0.0,0.0,100.0,60.0
2020-11-27 00:00:00,0.0,40.0,0.0,0.0,0.0,40.0,60.0,Winter,0.0,0.0,100.0,60.0
2020-11-27 01:00:00,0.0,40.0,0.0,0.0,0.0,40.0,60.0,Winter,0.0,0.0,100.0,60.0
2020-11-27 02:00:00,0.0,40.0,0.0,0.0,0.0,40.0,60.0,Winter,0.0,0.0,100.0,60.0
2020-11-27 03:00:00,0.0,40.0,0.0,0.0,0.0,40.0,60.0,Winter,0.0,0.0,100.0,60.0
2020-11-27 04:00:00,0.0,40.0,0.0,0.0,0.0,40.0,60.0,Winter,0.0,0.0,100.0,60.0
2020-11-27 05:00:00,0.0,40.0,0.0,0.0,0.0,40.0,60.0,Winter,0.0,0.0,100.0,60.0
2020-11-27 06:00:00,0.0,40.0,0.0,0.0,0.0,40.0,60.0,Winter,0.0,0.0,100.0,60.0
2020-11-27 07:00:00,114.3792,100.0,14.379199999999997,0.0,13.48888525873061,0.0,0.0,Winter,6.3544,0.0,0.0,0.0
2020-11-27 08:00:00,1404.234,100.0,200.0,0.0,201.10551565166782,0.0,0.0,Winter,78.013,0.0,0.0,0.0
2020-11-27 09:00:00,1809.486,100.0,200.0,0.0,388.722146044605,0.0,0.0,Winter,100.52700000000002,0.0,0.0,0.0
2020-11-27 10:00:00,1664.712,100.0,200.0,0.0,576.3387764375422,0.0,0.0,Winter,92.484,0.0,0.0,0.0
2020-11-27 11:00:00,1274.724,100.0,123.66122356245783,0.0,692.3432868128224,0.0,0.0,Winter,70.818,0.0,0.0,0.0
2020-11-27 12:00:00,614.196,100.0,7.656713187177665,0.0,699.5259204531396,0.0,0.0,Winter,34.122,0.0,0.0,0.0
2020-11-27 13:00:00,989.586,100.0,0.4740795468604192,0.0,699.9706464887404,0.0,0.0,Winter,54.977,0.0,0.0,0.0
2020-11-27 14:00:00,607.914,100.0,0.029353511259658262,0.0,699.998182523104,0.0,0.0,Winter,33.772999999999996,0.0,0.0,0.0
2020-11-27 15:00:00,151.75619999999998,100.0,0.0018174768959870562,0.0,699.9998874675592,0.0,0.0,Winter,8.430899999999998,0.0,0.0,0.0
2020-11-27 16:00:00,0.0,100.0,0.0,106.60035817780522,593.399529289754,0.0,0.0,Winter,0.0,15.228622596829316,0.0,0.0
2020-11-27 17:00:00,0.0,100.0,0.0,106.60035817780522,486.7991711119488,0.0,0.0,Winter,0.0,15.228622596829316,0.0,0.0
2020-11-27 18:00:00,0.0,100.0,0.0,106.60035817780522,380.1988129341436,0.0,0.0,Winter,0.0,15.228622596829316,0.0,0.0
2020-11-27 19:00:00,0.0,100.0,0.0,106.60035817780522,273.59845475633836,0.0,0.0,Winter,0.0,15.228622596829316,0.0,0.0
2020-11-27 20:00:00,0.0,100.0,0.0,106.60035817780522,166.9980965785332,0.0,0.0,Winter,0.0,15.228622596829316,0.0,0.0
2020-11-27 21:00:00,0.0,100.0,0.0,106.60035817780522,60.39773840072796,0.0,0.0,Winter,0.0,15.228622596829316,0.0,0.0
2020-11-27 22:00:00,0.0,96.65810081049344,0.0,60.39773840072796,0.0,40.0,3.341899189506563,Winter,0.0,8.628248342961136,100.0,3.3418991895065626
2020-11-27 23:00:00,0.0,40.0,0.0,0.0,0.0,40.0,60.0,Winter,0.0,0.0,100.0,60.0
2020-11-28 00:00:00,0.0,40.0,0.0,0.0,0.0,40.0,60.0,Winter,0.0,0.0,100.0,60.0
2020-11-28 01:00:00,0.0,40.0,0.0,0.0,0.0,40.0,60.0,Winter,0.0,0.0,100.0,60.0
2020-11-28 02:00:00,0.0,40.0,0.0,0.0,0.0,40.0,60.0,Winter,0.0,0.0,100.0,60.0
2020-11-28 03:00:00,0.0,40.0,0.0,0.0,0.0,40.0,60.0,Winter,0.0,0.0,100.0,60.0
2020-11-28 04:00:00,0.0,40.0,0.0,0.0,0.0,40.0,60.0,Winter,0.0,0.0,100.0,60.0
2020-11-28 05:00:00,0.0,40.0,0.0,0.0,0.0,40.0,60.0,Winter,0.0,0.0,100.0,60.0
2020-11-28 06:00:00,0.0,40.0,0.0,0.0,0.0,40.0,60.0,Winter,0.0,0.0,100.0,60.0
2020-11-28 07:00:00,299.232,100.0,199.23200000000003,0.0,186.89618253222832,0.0,0.0,Winter,16.624000000000002,0.0,0.0,0.0
2020-11-28 08:00:00,1703.754,100.0,200.0,0.0,374.5128129251655,0.0,0.0,Winter,94.65299999999999,0.0,0.0,0.0
2020-11-28 09:00:00,1811.016,100.0,200.0,0.0,562.1294433181027,0.0,0.0,Winter,100.61200000000001,0.0,0.0,0.0
2020-11-28 10:00:00,1698.408,100.0,137.87055668189726,0.0,691.4634896933828,0.0,0.0,Winter,94.356,0.0,0.0,0.0
2020-11-28 11:00:00,1546.668,100.0,8.536510306617128,0.0,699.4714461885933,0.0,0.0,Winter,85.92599999999999,0.0,0.0,0.0
2020-11-28 12:00:00,1588.122,100.0,0.5285538114067168,0.0,699.9672736139806,0.0,0.0,Winter,88.229,0.0,0.0,0.0
2020-11-28 13:00:00,1779.876,100.0,0.03272638601937797,0.0,699.9979736853302,0.0,0.0,Winter,98.882,0.0,0.0,0.0
2020-11-28 14:00:00,1878.444,100.0,0.0020263146698707717,0.0,699.9998745369825,0.0,0.0,Winter,104.35799999999999,0.0,0.0,0.0
2020-11-28 15:00:00,1095.21,100.0,0.00012546301749534906,0.0,699.9999922317254,0.0,0.0,Winter,60.845000000000006,0.0,0.0,0.0
2020-11-28 16:00:00,0.0,100.0,0.0,106.60035817780522,593.3996340539202,0.0,0.0,Winter,0.0,15.228622596829316,0.0,0.0
2020-11-28 17:00:00,0.0,100.0,0.0,106.60035817780522,486.79927587611496,0.0,0.0,Winter,0.0,15.228622596829316,0.0,0.0
2020-11-28 18:00:00,0.0,100.0,0.0,106.60035817780522,380.19891769830974,0.0,0.0,Winter,0.0,15.228622596829316,0.0,0.0
2020-11-28 19:00:00,0.0,100.0,0.0,106.60035817780522,273.5985595205046,0.0,0.0,Winter,0.0,15.228622596829316,0.0,0.0
2020-11-28 20:00:00,0.0,100.0,0.0,106.60035817780522,166.99820134269936,0.0,0.0,Winter,0.0,15.228622596829316,0.0,0.0
2020-11-28 21:00:00,0.0,100.0,0.0,106.60035817780522,60.397843164894134,0.0,0.0,Winter,0.0,15.228622596829316,0.0,0.0
2020-11-28 22:00:00,0.0,96.65819908799264,0.0,60.397843164894134,0.0,40.0,3.3418009120073506,Winter,0.0,8.628263309270592,100.0,3.3418009120073506
2020-11-28 23:00:00,0.0,40.0,0.0,0.0,0.0,40.0,60.0,Winter,0.0,0.0,100.0,60.0
2020-11-29 00:00:00,0.0,40.0,0.0,0.0,0.0,40.0,60.0,Winter,0.0,0.0,100.0,60.0
2020-11-29 01:00:00,0.0,40.0,0.0,0.0,0.0,40.0,60.0,Winter,0.0,0.0,100.0,60.0
2020-11-29 02:00:00,0.0,40.0,0.0,0.0,0.0,40.0,60.0,Winter,0.0,0.0,100.0,60.0
2020-11-29 03:00:00,0.0,40.0,0.0,0.0,0.0,40.0,60.0,Winter,0.0,0.0,100.0,60.0
2020-11-29 04:00:00,0.0,40.0,0.0,0.0,0.0,40.0,60.0,Winter,0.0,0.0,100.0,60.0
2020-11-29 05:00:00,0.0,40.0,0.0,0.0,0.0,40.0,60.0,Winter,0.0,0.0,100.0,60.0
2020-11-29 06:00:00,0.0,40.0,0.0,0.0,0.0,40.0,60.0,Winter,0.0,0.0,100.0,60.0
2020-11-29 07:00:00,228.222,100.0,128.222,0.0,120.28289791121597,0.0,0.0,Winter,12.679000000000002,0.0,0.0,0.0
2020-11-29 08:00:00,1719.468,100.0,200.0,0.0,307.8995283041532,0.0,0.0,Winter,95.526,0.0,0.0,0.0
2020-11-29 09:00:00,1842.966,100.0,200.0,0.0,495.51615869709036,0.0,0.0,Winter,102.38699999999999,0.0,0.0,0.0
2020-11-29 10:00:00,1671.75,100.0,200.0,0.0,683.1327890900276,0.0,0.0,Winter,92.875,0.0,0.0,0.0
2020-11-29 11:00:00,1487.808,100.0,16.86721090997243,0.0,698.9556354653076,0.0,0.0,Winter,82.65599999999999,0.0,0.0,0.0
2020-11-29 12:00:00,1550.448,100.0,1.0443645346923731,0.0,699.9353362398119,0.0,0.0,Winter,86.136,0.0,0.0,0.0
2020-11-29 13:00:00,1730.79,100.0,0.06466376018803567,0.0,699.9959962237871,0.0,0.0,Winter,96.155,0.0,0.0,0.0
2020-11-29 14:00:00,1784.664,100.0,0.004003776212921366,0.0,699.9997520987966,0.0,0.0,Winter,99.148,0.0,0.0,0.0
2020-11-29 15:00:00,955.242,100.0,0.00024790120334364474,0.0,699.9999846507388,0.0,0.0,Winter,53.069,0.0,0.0,0.0
2020-11-29 16:00:00,16.32186,100.0,0.0,89.2011969565253,610.7987876942136,0.0,0.0,Winter,0.90677,12.743028136646469,0.0,0.0
2020-11-29 17:00:00,0.0,100.0,0.0,106.60035817780522,504.19842951640834,0.0,0.0,Winter,0.0,15.228622596829316,0.0,0.0
2020-11-29 18:00:00,0.0,100.0,0.0,106.60035817780522,397.5980713386032,0.0,0.0,Winter,0.0,15.228622596829316,0.0,0.0
2020-11-29 19:00:00,0.0,100.0,0.0,106.60035817780522,290.99771316079796,0.0,0.0,Winter,0.0,15.228622596829316,0.0,0.0
2020-11-29 20:00:00,0.0,100.0,0.0,106.60035817780522,184.39735498299274,0.0,0.0,Winter,0.0,15.228622596829316,0.0,0.0
2020-11-29 21:00:00,0.0,100.0,0.0,106.60035817780522,77.79699680518753,0.0,0.0,Winter,0.0,15.228622596829316,0.0,0.0
2020-11-29 22:00:00,0.0,100.0,0.0,77.79699680518753,0.0,27.019948023603078,0.0,Winter,0.0,11.113856686455362,67.5498700590077,0.0
2020-11-29 23:00:00,0.0,40.0,0.0,0.0,0.0,40.0,60.0,Winter,0.0,0.0,100.0,60.0
2020-11-30 00:00:00,0.0,40.0,0.0,0.0,0.0,40.0,60.0,Winter,0.0,0.0,100.0,60.0
2020-11-30 01:00:00,0.0,40.0,0.0,0.0,0.0,40.0,60.0,Winter,0.0,0.0,100.0,60.0
2020-11-30 02:00:00,0.0,40.0,0.0,0.0,0.0,40.0,60.0,Winter,0.0,0.0,100.0,60.0
2020-11-30 03:00:00,0.0,40.0,0.0,0.0,0.0,40.0,60.0,Winter,0.0,0.0,100.0,60.0
2020-11-30 04:00:00,0.0,40.0,0.0,0.0,0.0,40.0,60.0,Winter,0.0,0.0,100.0,60.0
2020-11-30 05:00:00,0.0,40.0,0.0,0.0,0.0,40.0,60.0,Winter,0.0,0.0,100.0,60.0
2020-11-30 06:00:00,0.0,40.0,0.0,0.0,0.0,40.0,60.0,Winter,0.0,0.0,100.0,60.0
2020-11-30 07:00:00,65.1834,100.0,0.0,0.0,0.0,34.816599999999994,0.0,Winter,3.6213,0.0,87.04149999999998,0.0
2020-11-30 08:00:00,611.748,100.0,200.0,0.0,187.6166303929372,0.0,0.0,Winter,33.986000000000004,0.0,0.0,0.0
2020-11-30 09:00:00,1220.994,100.0,200.0,0.0,375.2332607858744,0.0,0.0,Winter,67.833,0.0,0.0,0.0
2020-11-30 10:00:00,1192.698,100.0,200.0,0.0,562.8498911788115,0.0,0.0,Winter,66.26100000000001,0.0,0.0,0.0
2020-11-30 11:00:00,1016.604,100.0,137.15010882118844,0.0,691.5080975540917,0.0,0.0,Winter,56.47800000000001,0.0,0.0,0.0
2020-11-30 12:00:00,1548.09,100.0,8.491902445908286,0.0,699.4742081667259,0.0,0.0,Winter,86.005,0.0,0.0,0.0
2020-11-30 13:00:00,1763.55,100.0,0.5257918332740664,0.0,699.9674446269609,0.0,0.0,Winter,97.975,0.0,0.0,0.0
2020-11-30 14:00:00,1470.528,100.0,0.03255537303909659,0.0,699.9979842739149,0.0,0.0,Winter,81.696,0.0,0.0,0.0
2020-11-30 15:00:00,611.262,100.0,0.0020157260851701724,0.0,699.9998751925942,0.0,0.0,Winter,33.958999999999996,0.0,0.0,0.0
2020-11-30 16:00:00,22.7304,100.0,0.0,82.36967036255737,617.6302048300369,0.0,0.0,Winter,1.2628,11.767095766079624,0.0,0.0
2020-11-30 17:00:00,0.0,100.0,0.0,106.60035817780522,511.02984665223164,0.0,0.0,Winter,0.0,15.228622596829316,0.0,0.0
2020-11-30 18:00:00,0.0,100.0,0.0,106.60035817780522,404.4294884744264,0.0,0.0,Winter,0.0,15.228622596829316,0.0,0.0
2020-11-30 19:00:00,0.0,100.0,0.0,106.60035817780522,297.82913029662126,0.0,0.0,Winter,0.0,15.228622596829316,0.0,0.0
2020-11-30 20:00:00,0.0,100.0,0.0,106.60035817780522,191.22877211881604,0.0,0.0,Winter,0.0,15.228622596829316,0.0,0.0
2020-11-30 21:00:00,0.0,100.0,0.0,106.60035817780522,84.62841394101082,0.0,0.0,Winter,0.0,15.228622596829316,0.0,0.0
2020-11-30 22:00:00,0.0,100.0,0.0,84.62841394101082,0.0,20.6115107044444,0.0,Winter,0.0,12.089773420144404,51.528776761111,0.0
2020-11-30 23:00:00,0.0,40.0,0.0,0.0,0.0,40.0,60.0,Winter,0.0,0.0,100.0,60.0
2020-12-01 00:00:00,0.0,40.0,0.0,0.0,0.0,40.0,60.0,Winter,0.0,0.0,100.0,60.0
2020-12-01 01:00:00,0.0,40.0,0.0,0.0,0.0,40.0,60.0,Winter,0.0,0.0,100.0,60.0
2020-12-01 02:00:00,0.0,40.0,0.0,0.0,0.0,40.0,60.0,Winter,0.0,0.0,100.0,60.0
2020-12-01 03:00:00,0.0,40.0,0.0,0.0,0.0,40.0,60.0,Winter,0.0,0.0,100.0,60.0
2020-12-01 04:00:00,0.0,40.0,0.0,0.0,0.0,40.0,60.0,Winter,0.0,0.0,100.0,60.0
2020-12-01 05:00:00,0.0,40.0,0.0,0.0,0.0,40.0,60.0,Winter,0.0,0.0,100.0,60.0
2020-12-01 06:00:00,0.0,40.0,0.0,0.0,0.0,40.0,60.0,Winter,0.0,0.0,100.0,60.0
2020-12-01 07:00:00,67.779,100.0,0.0,0.0,0.0,32.221000000000004,0.0,Winter,3.7655000000000003,0.0,80.55250000000001,0.0
2020-12-01 08:00:00,725.832,100.0,200.0,0.0,187.6166303929372,0.0,0.0,Winter,40.324,0.0,0.0,0.0
2020-12-01 09:00:00,1549.458,100.0,200.0,0.0,375.2332607858744,0.0,0.0,Winter,86.081,0.0,0.0,0.0
2020-12-01 10:00:00,1538.964,100.0,200.0,0.0,562.8498911788115,0.0,0.0,Winter,85.49799999999999,0.0,0.0,0.0
2020-12-01 11:00:00,1233.504,100.0,137.15010882118844,0.0,691.5080975540917,0.0,0.0,Winter,68.528,0.0,0.0,0.0
2020-12-01 12:00:00,1273.248,100.0,8.491902445908286,0.0,699.4742081667259,0.0,0.0,Winter,70.736,0.0,0.0,0.0
2020-12-01 13:00:00,1592.064,100.0,0.5257918332740664,0.0,699.9674446269609,0.0,0.0,Winter,88.44800000000001,0.0,0.0,0.0
2020-12-01 14:00:00,1177.758,100.0,0.03255537303909659,0.0,699.9979842739149,0.0,0.0,Winter,65.43100000000001,0.0,0.0,0.0
2020-12-01 15:00:00,153.0,100.0,0.0020157260851701724,0.0,699.9998751925942,0.0,0.0,Winter,8.5,0.0,0.0,0.0
2020-12-01 16:00:00,17.13654,100.0,0.0,88.33274515852236,611.6671300340719,0.0,0.0,Winter,0.95203,12.618963594074623,0.0,0.0
2020-12-01 17:00:00,0.0,100.0,0.0,106.60035817780522,505.06677185626666,0.0,0.0,Winter,0.0,15.228622596829316,0.0,0.0
2020-12-01 18:00:00,0.0,100.0,0.0,106.60035817780522,398.46641367846144,0.0,0.0,Winter,0.0,15.228622596829316,0.0,0.0
2020-12-01 19:00:00,0.0,100.0,0.0,106.60035817780522,291.8660555006563,0.0,0.0,Winter,0.0,15.228622596829316,0.0,0.0
2020-12-01 20:00:00,0.0,100.0,0.0,106.60035817780522,185.26569732285105,0.0,0.0,Winter,0.0,15.228622596829316,0.0,0.0
2020-12-01 21:00:00,0.0,100.0,0.0,106.60035817780522,78.66533914504583,0.0,0.0,Winter,0.0,15.228622596829316,0.0,0.0
2020-12-01 22:00:00,0.0,100.0,0.0,78.66533914504583,0.0,26.205370704444405,0.0,Winter,0.0,11.237905592149405,65.51342676111102,0.0
2020-12-01 23:00:00,0.0,40.0,0.0,0.0,0.0,40.0,60.0,Winter,0.0,0.0,100.0,60.0
2020-12-02 00:00:00,0.0,40.0,0.0,0.0,0.0,40.0,60.0,Winter,0.0,0.0,100.0,60.0
2020-12-02 01:00:00,0.0,40.0,0.0,0.0,0.0,40.0,60.0,Winter,0.0,0.0,100.0,60.0
2020-12-02 02:00:00,0.0,40.0,0.0,0.0,0.0,40.0,60.0,Winter,0.0,0.0,100.0,60.0
2020-12-02 03:00:00,0.0,40.0,0.0,0.0,0.0,40.0,60.0,Winter,0.0,0.0,100.0,60.0
2020-12-02 04:00:00,0.0,40.0,0.0,0.0,0.0,40.0,60.0,Winter,0.0,0.0,100.0,60.0
2020-12-02 05:00:00,0.0,40.0,0.0,0.0,0.0,40.0,60.0,Winter,0.0,0.0,100.0,60.0
2020-12-02 06:00:00,0.0,40.0,0.0,0.0,0.0,40.0,60.0,Winter,0.0,0.0,100.0,60.0
2020-12-02 07:00:00,77.8428,100.0,0.0,0.0,0.0,22.157200000000003,0.0,Winter,4.3246,0.0,55.393,0.0
2020-12-02 08:00:00,249.3,100.0,149.3,0.0,140.05581458832762,0.0,0.0,Winter,13.850000000000001,0.0,0.0,0.0
2020-12-02 09:00:00,1144.818,100.0,200.0,0.0,327.67244498126485,0.0,0.0,Winter,63.601,0.0,0.0,0.0
2020-12-02 10:00:00,1544.724,100.0,200.0,0.0,515.289075374202,0.0,0.0,Winter,85.818,0.0,0.0,0.0
2020-12-02 11:00:00,449.982,100.0,184.71092462579801,0.0,688.5632817494821,0.0,0.0,Winter,24.999000000000002,0.0,0.0,0.0
2020-12-02 12:00:00,1085.31,100.0,11.436718250517849,0.0,699.29187445406,0.0,0.0,Winter,60.295,0.0,0.0,0.0
2020-12-02 13:00:00,1695.924,100.0,0.7081255459400126,0.0,699.9561550981822,0.0,0.0,Winter,94.218,0.0,0.0,0.0
2020-12-02 14:00:00,1799.568,100.0,0.04384490181785077,0.0,699.997285261877,0.0,0.0,Winter,99.976,0.0,0.0,0.0
2020-12-02 15:00:00,995.832,100.0,0.002714738123002462,0.0,699.9998319119721,0.0,0.0,Winter,55.324,0.0,0.0,0.0
2020-12-02 16:00:00,30.978,100.0,0.0,73.5776992214847,626.4221326904874,0.0,0.0,Winter,1.7209999999999999,10.51109988878353,0.0,0.0
2020-12-02 17:00:00,0.0,100.0,0.0,106.60035817780522,519.8217745126823,0.0,0.0,Winter,0.0,15.228622596829316,0.0,0.0
2020-12-02 18:00:00,0.0,100.0,0.0,106.60035817780522,413.221416334877,0.0,0.0,Winter,0.0,15.228622596829316,0.0,0.0
2020-12-02 19:00:00,0.0,100.0,0.0,106.60035817780522,306.62105815707184,0.0,0.0,Winter,0.0,15.228622596829316,0.0,0.0
2020-12-02 20:00:00,0.0,100.0,0.0,106.60035817780522,200.02069997926662,0.0,0.0,Winter,0.0,15.228622596829316,0.0,0.0
2020-12-02 21:00:00,0.0,100.0,0.0,106.60035817780522,93.4203418014614,0.0,0.0,Winter,0.0,15.228622596829316,0.0,0.0
2020-12-02 22:00:00,0.0,100.0,0.0,93.4203418014614,0.0,12.36395130526678,0.0,Winter,0.0,13.345763114494485,30.909878263166952,0.0
2020-12-02 23:00:00,0.0,40.0,0.0,0.0,0.0,40.0,60.0,Winter,0.0,0.0,100.0,60.0
2020-12-03 00:00:00,0.0,40.0,0.0,0.0,0.0,40.0,60.0,Winter,0.0,0.0,100.0,60.0
2020-12-03 01:00:00,0.0,40.0,0.0,0.0,0.0,40.0,60.0,Winter,0.0,0.0,100.0,60.0
2020-12-03 02:00:00,0.0,40.0,0.0,0.0,0.0,40.0,60.0,Winter,0.0,0.0,100.0,60.0
2020-12-03 03:00:00,0.0,40.0,0.0,0.0,0.0,40.0,60.0,Winter,0.0,0.0,100.0,60.0
2020-12-03 04:00:00,0.0,40.0,0.0,0.0,0.0,40.0,60.0,Winter,0.0,0.0,100.0,60.0
2020-12-03 05:00:00,0.0,40.0,0.0,0.0,0.0,40.0,60.0,Winter,0.0,0.0,100.0,60.0
2020-12-03 06:00:00,0.0,40.0,0.0,0.0,0.0,40.0,60.0,Winter,0.0,0.0,100.0,60.0
2020-12-03 07:00:00,57.4884,97.4884,0.0,0.0,0.0,40.0,2.5116000000000014,Winter,3.1938,0.0,100.0,2.5116000000000014
2020-12-03 08:00:00,1501.902,100.0,200.0,0.0,187.6166303929372,0.0,0.0,Winter,83.43900000000001,0.0,0.0,0.0
2020-12-03 09:00:00,1472.544,100.0,200.0,0.0,375.2332607858744,0.0,0.0,Winter,81.808,0.0,0.0,0.0
2020-12-03 10:00:00,1651.932,100.0,200.0,0.0,562.8498911788115,0.0,0.0,Winter,91.774,0.0,0.0,0.0
2020-12-03 11:00:00,1551.978,100.0,137.15010882118844,0.0,691.5080975540917,0.0,0.0,Winter,86.221,0.0,0.0,0.0
2020-12-03 12:00:00,1463.346,100.0,8.491902445908286,0.0,699.4742081667259,0.0,0.0,Winter,81.297,0.0,0.0,0.0
2020-12-03 13:00:00,1124.19,100.0,0.5257918332740664,0.0,699.9674446269609,0.0,0.0,Winter,62.455000000000005,0.0,0.0,0.0
2020-12-03 14:00:00,1181.484,100.0,0.03255537303909659,0.0,699.9979842739149,0.0,0.0,Winter,65.63799999999999,0.0,0.0,0.0
2020-12-03 15:00:00,570.438,100.0,0.0020157260851701724,0.0,699.9998751925942,0.0,0.0,Winter,31.690999999999995,0.0,0.0,0.0
2020-12-03 16:00:00,0.0,100.0,0.0,106.60035817780522,593.399517014789,0.0,0.0,Winter,0.0,15.228622596829316,0.0,0.0
2020-12-03 17:00:00,0.0,100.0,0.0,106.60035817780522,486.79915883698385,0.0,0.0,Winter,0.0,15.228622596829316,0.0,0.0
2020-12-03 18:00:00,0.0,100.0,0.0,106.60035817780522,380.19880065917863,0.0,0.0,Winter,0.0,15.228622596829316,0.0,0.0
2020-12-03 19:00:00,0.0,100.0,0.0,106.60035817780522,273.5984424813734,0.0,0.0,Winter,0.0,15.228622596829316,0.0,0.0
2020-12-03 20:00:00,0.0,100.0,0.0,106.60035817780522,166.99808430356822,0.0,0.0,Winter,0.0,15.228622596829316,0.0,0.0
2020-12-03 21:00:00,0.0,100.0,0.0,106.60035817780522,60.397726125763015,0.0,0.0,Winter,0.0,15.228622596829316,0.0,0.0
2020-12-03 22:00:00,0.0,96.65808929555563,0.0,60.397726125763015,0.0,40.0,3.3419107044443734,Winter,0.0,8.628246589394717,100.0,3.341910704444374
2020-12-03 23:00:00,0.0,40.0,0.0,0.0,0.0,40.0,60.0,Winter,0.0,0.0,100.0,60.0
2020-12-04 00:00:00,0.0,40.0,0.0,0.0,0.0,40.0,60.0,Winter,0.0,0.0,100.0,60.0
2020-12-04 01:00:00,0.0,40.0,0.0,0.0,0.0,40.0,60.0,Winter,0.0,0.0,100.0,60.0
2020-12-04 02:00:00,0.0,40.0,0.0,0.0,0.0,40.0,60.0,Winter,0.0,0.0,100.0,60.0
2020-12-04 03:00:00,0.0,40.0,0.0,0.0,0.0,40.0,60.0,Winter,0.0,0.0,100.0,60.0
2020-12-04 04:00:00,0.0,40.0,0.0,0.0,0.0,40.0,60.0,Winter,0.0,0.0,100.0,60.0
2020-12-04 05:00:00,0.0,40.0,0.0,0.0,0.0,40.0,60.0,Winter,0.0,0.0,100.0,60.0
2020-12-04 06:00:00,0.0,40.0,0.0,0.0,0.0,40.0,60.0,Winter,0.0,0.0,100.0,60.0
2020-12-04 07:00:00,0.0,40.0,0.0,0.0,0.0,40.0,60.0,Winter,0.0,0.0,100.0,60.0
2020-12-04 08:00:00,186.246,100.0,86.24600000000001,0.0,80.90591952434632,0.0,0.0,Winter,10.347000000000001,0.0,0.0,0.0
2020-12-04 09:00:00,555.372,100.0,200.0,0.0,268.5225499172835,0.0,0.0,Winter,30.854,0.0,0.0,0.0
2020-12-04 10:00:00,396.144,100.0,200.0,0.0,456.1391803102207,0.0,0.0,Winter,22.008,0.0,0.0,0.0
2020-12-04 11:00:00,581.346,100.0,200.0,0.0,643.7558107031579,0.0,0.0,Winter,32.297,0.0,0.0,0.0
2020-12-04 12:00:00,480.006,100.0,56.24418929684209,0.0,696.517537078438,0.0,0.0,Winter,26.666999999999994,0.0,0.0,0.0
2020-12-04 13:00:00,852.444,100.0,3.4824629215620226,0.0,699.784376872497,0.0,0.0,Winter,47.358,0.0,0.0,0.0
2020-12-04 14:00:00,440.532,100.0,0.21562312750297133,0.0,699.9866492955815,0.0,0.0,Winter,24.474,0.0,0.0,0.0
2020-12-04 15:00:00,421.344,100.0,0.013350704418495297,0.0,699.9991733664634,0.0,0.0,Winter,23.408,0.0,0.0,0.0
2020-12-04 16:00:00,17.497799999999998,100.0,0.0,87.94764070456921,612.0515326618943,0.0,0.0,Winter,0.9720999999999999,12.563948672081315,0.0,0.0
2020-12-04 17:00:00,0.0,100.0,0.0,106.60035817780522,505.451174484089,0.0,0.0,Winter,0.0,15.228622596829316,0.0,0.0
2020-12-04 18:00:00,0.0,100.0,0.0,106.60035817780522,398.85081630628383,0.0,0.0,Winter,0.0,15.228622596829316,0.0,0.0
2020-12-04 19:00:00,0.0,100.0,0.0,106.60035817780522,292.2504581284786,0.0,0.0,Winter,0.0,15.228622596829316,0.0,0.0
2020-12-04 20:00:00,0.0,100.0,0.0,106.60035817780522,185.65009995067342,0.0,0.0,Winter,0.0,15.228622596829316,0.0,0.0
2020-12-04 21:00:00,0.0,100.0,0.0,106.60035817780522,79.04974177286819,0.0,0.0,Winter,0.0,15.228622596829316,0.0,0.0
2020-12-04 22:00:00,0.0,100.0,0.0,79.04974177286819,0.0,25.8447690757133,0.0,Winter,0.0,11.292820253266884,64.61192268928325,0.0
2020-12-04 23:00:00,0.0,40.0,0.0,0.0,0.0,40.0,60.0,Winter,0.0,0.0,100.0,60.0
2020-12-05 00:00:00,0.0,40.0,0.0,0.0,0.0,40.0,60.0,Winter,0.0,0.0,100.0,60.0
2020-12-05 01:00:00,0.0,40.0,0.0,0.0,0.0,40.0,60.0,Winter,0.0,0.0,100.0,60.0
2020-12-05 02:00:00,0.0,40.0,0.0,0.0,0.0,40.0,60.0,Winter,0.0,0.0,100.0,60.0
2020-12-05 03:00:00,0.0,40.0,0.0,0.0,0.0,40.0,60.0,Winter,0.0,0.0,100.0,60.0
2020-12-05 04:00:00,0.0,40.0,0.0,0.0,0.0,40.0,60.0,Winter,0.0,0.0,100.0,60.0
2020-12-05 05:00:00,0.0,40.0,0.0,0.0,0.0,40.0,60.0,Winter,0.0,0.0,100.0,60.0
2020-12-05 06:00:00,0.0,40.0,0.0,0.0,0.0,40.0,60.0,Winter,0.0,0.0,100.0,60.0
2020-12-05 07:00:00,55.211400000000005,95.2114,0.0,0.0,0.0,40.0,4.788599999999995,Winter,3.0673000000000004,0.0,100.0,4.788599999999995
2020-12-05 08:00:00,1289.16,100.0,200.0,0.0,187.6166303929372,0.0,0.0,Winter,71.62,0.0,0.0,0.0
2020-12-05 09:00:00,1846.53,100.0,200.0,0.0,375.2332607858744,0.0,0.0,Winter,102.585,0.0,0.0,0.0
2020-12-05 10:00:00,1696.032,100.0,200.0,0.0,562.8498911788115,0.0,0.0,Winter,94.22399999999999,0.0,0.0,0.0
2020-12-05 11:00:00,1515.654,100.0,137.15010882118844,0.0,691.5080975540917,0.0,0.0,Winter,84.20299999999999,0.0,0.0,0.0
2020-12-05 12:00:00,1132.668,100.0,8.491902445908286,0.0,699.4742081667259,0.0,0.0,Winter,62.925999999999995,0.0,0.0,0.0
2020-12-05 13:00:00,627.624,100.0,0.5257918332740664,0.0,699.9674446269609,0.0,0.0,Winter,34.868,0.0,0.0,0.0
2020-12-05 14:00:00,1021.932,100.0,0.03255537303909659,0.0,699.9979842739149,0.0,0.0,Winter,56.774,0.0,0.0,0.0
2020-12-05 15:00:00,641.718,100.0,0.0020157260851701724,0.0,699.9998751925942,0.0,0.0,Winter,35.650999999999996,0.0,0.0,0.0
2020-12-05 16:00:00,0.0,100.0,0.0,106.60035817780522,593.399517014789,0.0,0.0,Winter,0.0,15.228622596829316,0.0,0.0
2020-12-05 17:00:00,0.0,100.0,0.0,106.60035817780522,486.79915883698385,0.0,0.0,Winter,0.0,15.228622596829316,0.0,0.0
2020-12-05 18:00:00,0.0,100.0,0.0,106.60035817780522,380.19880065917863,0.0,0.0,Winter,0.0,15.228622596829316,0.0,0.0
2020-12-05 19:00:00,0.0,100.0,0.0,106.60035817780522,273.5984424813734,0.0,0.0,Winter,0.0,15.228622596829316,0.0,0.0
2020-12-05 20:00:00,0.0,100.0,0.0,106.60035817780522,166.99808430356822,0.0,0.0,Winter,0.0,15.228622596829316,0.0,0.0
2020-12-05 21:00:00,0.0,100.0,0.0,106.60035817780522,60.397726125763015,0.0,0.0,Winter,0.0,15.228622596829316,0.0,0.0
2020-12-05 22:00:00,0.0,96.65808929555563,0.0,60.397726125763015,0.0,40.0,3.3419107044443734,Winter,0.0,8.628246589394717,100.0,3.341910704444374
2020-12-05 23:00:00,0.0,40.0,0.0,0.0,0.0,40.0,60.0,Winter,0.0,0.0,100.0,60.0
2020-12-06 00:00:00,0.0,40.0,0.0,0.0,0.0,40.0,60.0,Winter,0.0,0.0,100.0,60.0
2020-12-06 01:00:00,0.0,40.0,0.0,0.0,0.0,40.0,60.0,Winter,0.0,0.0,100.0,60.0
2020-12-06 02:00:00,0.0,40.0,0.0,0.0,0.0,40.0,60.0,Winter,0.0,0.0,100.0,60.0
2020-12-06 03:00:00,0.0,40.0,0.0,0.0,0.0,40.0,60.0,Winter,0.0,0.0,100.0,60.0
2020-12-06 04:00:00,0.0,40.0,0.0,0.0,0.0,40.0,60.0,Winter,0.0,0.0,100.0,60.0
2020-12-06 05:00:00,0.0,40.0,0.0,0.0,0.0,40.0,60.0,Winter,0.0,0.0,100.0,60.0
2020-12-06 06:00:00,0.0,40.0,0.0,0.0,0.0,40.0,60.0,Winter,0.0,0.0,100.0,60.0
2020-12-06 07:00:00,110.3166,100.0,10.316599999999994,0.0,9.677828645558874,0.0,0.0,Winter,6.128699999999999,0.0,0.0,0.0
2020-12-06 08:00:00,491.346,100.0,200.0,0.0,197.2944590384961,0.0,0.0,Winter,27.297,0.0,0.0,0.0
2020-12-06 09:00:00,588.42,100.0,200.0,0.0,384.91108943143325,0.0,0.0,Winter,32.69,0.0,0.0,0.0
2020-12-06 10:00:00,275.958,100.0,175.95800000000003,0.0,549.9743246848356,0.0,0.0,Winter,15.331,0.0,0.0,0.0
2020-12-06 11:00:00,274.338,100.0,150.0256753151645,0.0,690.7108830601156,0.0,0.0,Winter,15.241000000000001,0.0,0.0,0.0
2020-12-06 12:00:00,521.064,100.0,9.289116939884378,0.0,699.4248471580509,0.0,0.0,Winter,28.947999999999997,0.0,0.0,0.0
2020-12-06 13:00:00,431.028,100.0,0.575152841949137,0.0,699.964388348888,0.0,0.0,Winter,23.946,0.0,0.0,0.0
2020-12-06 14:00:00,1463.418,100.0,0.035611651112092656,0.0,699.9977950388097,0.0,0.0,Winter,81.30099999999999,0.0,0.0,0.0
2020-12-06 15:00:00,1001.376,100.0,0.002204961190233007,0.0,699.9998634757532,0.0,0.0,Winter,55.632000000000005,0.0,0.0,0.0
2020-12-06 16:00:00,20.1402,100.0,0.0,85.1308328400789,614.8690306356742,0.0,0.0,Winter,1.1189,12.1615475485827,0.0,0.0
2020-12-06 17:00:00,0.0,100.0,0.0,106.60035817780522,508.26867245786906,0.0,0.0,Winter,0.0,15.228622596829316,0.0,0.0
2020-12-06 18:00:00,0.0,100.0,0.0,106.60035817780522,401.66831428006384,0.0,0.0,Winter,0.0,15.228622596829316,0.0,0.0
2020-12-06 19:00:00,0.0,100.0,0.0,106.60035817780522,295.0679561022586,0.0,0.0,Winter,0.0,15.228622596829316,0.0,0.0
2020-12-06 20:00:00,0.0,100.0,0.0,106.60035817780522,188.46759792445343,0.0,0.0,Winter,0.0,15.228622596829316,0.0,0.0
2020-12-06 21:00:00,0.0,100.0,0.0,106.60035817780522,81.86723974664822,0.0,0.0,Winter,0.0,15.228622596829316,0.0,0.0
2020-12-06 22:00:00,0.0,100.0,0.0,81.86723974664822,0.0,23.20172169581562,0.0,Winter,0.0,11.69531996380689,58.00430423953905,0.0
2020-12-06 23:00:00,0.0,40.0,0.0,0.0,0.0,40.0,60.0,Winter,0.0,0.0,100.0,60.0
2020-12-07 00:00:00,0.0,40.0,0.0,0.0,0.0,40.0,60.0,Winter,0.0,0.0,100.0,60.0
2020-12-07 01:00:00,0.0,40.0,0.0,0.0,0.0,40.0,60.0,Winter,0.0,0.0,100.0,60.0
2020-12-07 02:00:00,0.0,40.0,0.0,0.0,0.0,40.0,60.0,Winter,0.0,0.0,100.0,60.0
2020-12-07 03:00:00,0.0,40.0,0.0,0.0,0.0,40.0,60.0,Winter,0.0,0.0,100.0,60.0
2020-12-07 04:00:00,0.0,40.0,0.0,0.0,0.0,40.0,60.0,Winter,0.0,0.0,100.0,60.0
2020-12-07 05:00:00,0.0,40.0,0.0,0.0,0.0,40.0,60.0,Winter,0.0,0.0,100.0,60.0
2020-12-07 06:00:00,0.0,40.0,0.0,0.0,0.0,40.0,60.0,Winter,0.0,0.0,100.0,60.0
2020-12-07 07:00:00,89.96940000000001,100.0,0.0,0.0,0.0,10.030599999999993,0.0,Winter,4.9983,0.0,25.076499999999978,0.0
2020-12-07 08:00:00,1044.414,100.0,200.0,0.0,187.6166303929372,0.0,0.0,Winter,58.023,0.0,0.0,0.0
2020-12-07 09:00:00,1039.266,100.0,200.0,0.0,375.2332607858744,0.0,0.0,Winter,57.737,0.0,0.0,0.0
2020-12-07 10:00:00,1315.08,100.0,200.0,0.0,562.8498911788115,0.0,0.0,Winter,73.05999999999999,0.0,0.0,0.0
2020-12-07 11:00:00,1031.724,100.0,137.15010882118844,0.0,691.5080975540917,0.0,0.0,Winter,57.31799999999999,0.0,0.0,0.0
2020-12-07 12:00:00,820.116,100.0,8.491902445908286,0.0,699.4742081667259,0.0,0.0,Winter,45.562,0.0,0.0,0.0
2020-12-07 13:00:00,1345.23,100.0,0.5257918332740664,0.0,699.9674446269609,0.0,0.0,Winter,74.735,0.0,0.0,0.0
2020-12-07 14:00:00,1019.268,100.0,0.03255537303909659,0.0,699.9979842739149,0.0,0.0,Winter,56.626,0.0,0.0,0.0
2020-12-07 15:00:00,264.33,100.0,0.0020157260851701724,0.0,699.9998751925942,0.0,0.0,Winter,14.684999999999999,0.0,0.0,0.0
2020-12-07 16:00:00,17.15022,100.0,0.0,88.31816222952362,611.6817129630706,0.0,0.0,Winter,0.95279,12.616880318503373,0.0,0.0
2020-12-07 17:00:00,0.0,100.0,0.0,106.60035817780522,505.0813547852654,0.0,0.0,Winter,0.0,15.228622596829316,0.0,0.0
2020-12-07 18:00:00,0.0,100.0,0.0,106.60035817780522,398.4809966074602,0.0,0.0,Winter,0.0,15.228622596829316,0.0,0.0
2020-12-07 19:00:00,0.0,100.0,0.0,106.60035817780522,291.880638429655,0.0,0.0,Winter,0.0,15.228622596829316,0.0,0.0
2020-12-07 20:00:00,0.0,100.0,0.0,106.60035817780522,185.2802802518498,0.0,0.0,Winter,0.0,15.228622596829316,0.0,0.0
2020-12-07 21:00:00,0.0,100.0,0.0,106.60035817780522,78.67992207404457,0.0,0.0,Winter,0.0,15.228622596829316,0.0,0.0
2020-12-07 22:00:00,0.0,100.0,0.0,78.67992207404457,0.0,26.191690704444397,0.0,Winter,0.0,11.239988867720653,65.479226761111,0.0
2020-12-07 23:00:00,0.0,40.0,0.0,0.0,0.0,40.0,60.0,Winter,0.0,0.0,100.0,60.0
2020-12-08 00:00:00,0.0,40.0,0.0,0.0,0.0,40.0,60.0,Winter,0.0,0.0,100.0,60.0
2020-12-08 01:00:00,0.0,40.0,0.0,0.0,0.0,40.0,60.0,Winter,0.0,0.0,100.0,60.0
2020-12-08 02:00:00,0.0,40.0,0.0,0.0,0.0,40.0,60.0,Winter,0.0,0.0,100.0,60.0
2020-12-08 03:00:00,0.0,40.0,0.0,0.0,0.0,40.0,60.0,Winter,0.0,0.0,100.0,60.0
2020-12-08 04:00:00,0.0,40.0,0.0,0.0,0.0,40.0,60.0,Winter,0.0,0.0,100.0,60.0
2020-12-08 05:00:00,0.0,40.0,0.0,0.0,0.0,40.0,60.0,Winter,0.0,0.0,100.0,60.0
2020-12-08 06:00:00,0.0,40.0,0.0,0.0,0.0,40.0,60.0,Winter,0.0,0.0,100.0,60.0
2020-12-08 07:00:00,125.2962,100.0,25.2962,0.0,23.72993902872909,0.0,0.0,Winter,6.9609000000000005,0.0,0.0,0.0
2020-12-08 08:00:00,391.716,100.0,200.0,0.0,211.34656942166626,0.0,0.0,Winter,21.762,0.0,0.0,0.0
2020-12-08 09:00:00,1651.68,100.0,200.0,0.0,398.96319981460346,0.0,0.0,Winter,91.76,0.0,0.0,0.0
2020-12-08 10:00:00,1648.386,100.0,200.0,0.0,586.5798302075407,0.0,0.0,Winter,91.577,0.0,0.0,0.0
2020-12-08 11:00:00,1471.14,100.0,113.42016979245935,0.0,692.9773805828207,0.0,0.0,Winter,81.73,0.0,0.0,0.0
2020-12-08 12:00:00,1401.246,100.0,7.02261941717926,0.0,699.5651815407367,0.0,0.0,Winter,77.84700000000001,0.0,0.0,0.0
2020-12-08 13:00:00,1611.468,100.0,0.43481845926330426,0.0,699.9730774115349,0.0,0.0,Winter,89.52600000000001,0.0,0.0,0.0
2020-12-08 14:00:00,1526.832,100.0,0.02692258846515324,0.0,699.9983330381813,0.0,0.0,Winter,84.82400000000001,0.0,0.0,0.0
2020-12-08 15:00:00,887.4,100.0,0.0016669618187006563,0.0,699.9998967869783,0.0,0.0,Winter,49.3,0.0,0.0,0.0
2020-12-08 16:00:00,28.5858,100.0,0.0,76.12779298981417,623.8721037971642,0.0,0.0,Winter,1.5880999999999998,10.875398998544881,0.0,0.0
2020-12-08 17:00:00,0.0,100.0,0.0,106.60035817780522,517.271745619359,0.0,0.0,Winter,0.0,15.228622596829316,0.0,0.0
2020-12-08 18:00:00,0.0,100.0,0.0,106.60035817780522,410.67138744155375,0.0,0.0,Winter,0.0,15.228622596829316,0.0,0.0
2020-12-08 19:00:00,0.0,100.0,0.0,106.60035817780522,304.0710292637485,0.0,0.0,Winter,0.0,15.228622596829316,0.0,0.0
2020-12-08 20:00:00,0.0,100.0,0.0,106.60035817780522,197.47067108594337,0.0,0.0,Winter,0.0,15.228622596829316,0.0,0.0
2020-12-08 21:00:00,0.0,100.0,0.0,106.60035817780522,90.87031290813813,0.0,0.0,Winter,0.0,15.228622596829316,0.0,0.0
2020-12-08 22:00:00,0.0,100.0,0.0,90.87031290813813,0.0,14.756090447116492,0.0,Winter,0.0,12.981473272591163,36.89022611779123,0.0
2020-12-08 23:00:00,0.0,40.0,0.0,0.0,0.0,40.0,60.0,Winter,0.0,0.0,100.0,60.0
2020-12-09 00:00:00,0.0,40.0,0.0,0.0,0.0,40.0,60.0,Winter,0.0,0.0,100.0,60.0
2020-12-09 01:00:00,0.0,40.0,0.0,0.0,0.0,40.0,60.0,Winter,0.0,0.0,100.0,60.0
2020-12-09 02:00:00,0.0,40.0,0.0,0.0,0.0,40.0,60.0,Winter,0.0,0.0,100.0,60.0
2020-12-09 03:00:00,0.0,40.0,0.0,0.0,0.0,40.0,60.0,Winter,0.0,0.0,100.0,60.0
2020-12-09 04:00:00,0.0,40.0,0.0,0.0,0.0,40.0,60.0,Winter,0.0,0.0,100.0,60.0
2020-12-09 05:00:00,0.0,40.0,0.0,0.0,0.0,40.0,60.0,Winter,0.0,0.0,100.0,60.0
2020-12-09 06:00:00,0.0,40.0,0.0,0.0,0.0,40.0,60.0,Winter,0.0,0.0,100.0,60.0
2020-12-09 07:00:00,0.0,40.0,0.0,0.0,0.0,40.0,60.0,Winter,0.0,0.0,100.0,60.0
2020-12-09 08:00:00,98.3736,100.0,0.0,0.0,0.0,1.6264000000000038,0.0,Winter,5.4652,0.0,4.06600000000001,0.0
2020-12-09 09:00:00,982.044,100.0,200.0,0.0,187.6166303929372,0.0,0.0,Winter,54.55799999999999,0.0,0.0,0.0
2020-12-09 10:00:00,893.178,100.0,200.0,0.0,375.2332607858744,0.0,0.0,Winter,49.620999999999995,0.0,0.0,0.0
2020-12-09 11:00:00,1010.79,100.0,200.0,0.0,562.8498911788115,0.0,0.0,Winter,56.155,0.0,0.0,0.0
2020-12-09 12:00:00,619.884,100.0,137.15010882118844,0.0,691.5080975540917,0.0,0.0,Winter,34.438,0.0,0.0,0.0
2020-12-09 13:00:00,1524.762,100.0,8.491902445908286,0.0,699.4742081667259,0.0,0.0,Winter,84.709,0.0,0.0,0.0
2020-12-09 14:00:00,1755.054,100.0,0.5257918332740664,0.0,699.9674446269609,0.0,0.0,Winter,97.503,0.0,0.0,0.0
2020-12-09 15:00:00,989.352,100.0,0.03255537303909659,0.0,699.9979842739149,0.0,0.0,Winter,54.964,0.0,0.0,0.0
2020-12-09 16:00:00,31.3398,100.0,0.0,73.19201912559741,626.8059651483173,0.0,0.0,Winter,1.7410999999999999,10.456002732228201,0.0,0.0
2020-12-09 17:00:00,0.0,100.0,0.0,106.60035817780522,520.2056069705122,0.0,0.0,Winter,0.0,15.228622596829316,0.0,0.0
2020-12-09 18:00:00,0.0,100.0,0.0,106.60035817780522,413.605248792707,0.0,0.0,Winter,0.0,15.228622596829316,0.0,0.0
2020-12-09 19:00:00,0.0,100.0,0.0,106.60035817780522,307.0048906149018,0.0,0.0,Winter,0.0,15.228622596829316,0.0,0.0
2020-12-09 20:00:00,0.0,100.0,0.0,106.60035817780522,200.40453243709658,0.0,0.0,Winter,0.0,15.228622596829316,0.0,0.0
2020-12-09 21:00:00,0.0,100.0,0.0,106.60035817780522,93.80417425929137,0.0,0.0,Winter,0.0,15.228622596829316,0.0,0.0
2020-12-09 22:00:00,0.0,100.0,0.0,93.80417425929137,0.0,12.003884543399295,0.0,Winter,0.0,13.400596322755911,30.009711358498237,0.0
2020-12-09 23:00:00,0.0,40.0,0.0,0.0,0.0,40.0,60.0,Winter,0.0,0.0,100.0,60.0
2020-12-10 00:00:00,0.0,40.0,0.0,0.0,0.0,40.0,60.0,Winter,0.0,0.0,100.0,60.0
2020-12-10 01:00:00,0.0,40.0,0.0,0.0,0.0,40.0,60.0,Winter,0.0,0.0,100.0,60.0
2020-12-10 02:00:00,0.0,40.0,0.0,0.0,0.0,40.0,60.0,Winter,0.0,0.0,100.0,60.0
2020-12-10 03:00:00,0.0,40.0,0.0,0.0,0.0,40.0,60.0,Winter,0.0,0.0,100.0,60.0
2020-12-10 04:00:00,0.0,40.0,0.0,0.0,0.0,40.0,60.0,Winter,0.0,0.0,100.0,60.0
2020-12-10 05:00:00,0.0,40.0,0.0,0.0,0.0,40.0,60.0,Winter,0.0,0.0,100.0,60.0
2020-12-10 06:00:00,0.0,40.0,0.0,0.0,0.0,40.0,60.0,Winter,0.0,0.0,100.0,60.0
2020-12-10 07:00:00,147.64860000000002,100.0,47.648600000000016,0.0,44.69834887470455,0.0,0.0,Winter,8.2027,0.0,0.0,0.0
2020-12-10 08:00:00,1494.522,100.0,200.0,0.0,232.31497926764172,0.0,0.0,Winter,83.029,0.0,0.0,0.0
2020-12-10 09:00:00,1824.012,100.0,200.0,0.0,419.9316096605789,0.0,0.0,Winter,101.33399999999999,0.0,0.0,0.0
2020-12-10 10:00:00,1590.12,100.0,200.0,0.0,607.5482400535161,0.0,0.0,Winter,88.34,0.0,0.0,0.0
2020-12-10 11:00:00,1370.07,100.0,92.45175994648389,0.0,694.2756784287963,0.0,0.0,Winter,76.115,0.0,0.0,0.0
2020-12-10 12:00:00,1535.292,100.0,5.724321571203763,0.0,699.6455680511706,0.0,0.0,Winter,85.294,0.0,0.0,0.0
2020-12-10 13:00:00,1738.944,100.0,0.3544319488294423,0.0,699.9780546908855,0.0,0.0,Winter,96.60799999999999,0.0,0.0,0.0
2020-12-10 14:00:00,1843.632,100.0,0.021945309114526027,0.0,699.9986412156304,0.0,0.0,Winter,102.424,0.0,0.0,0.0
2020-12-10 15:00:00,1084.05,100.0,0.0013587843695422634,0.0,699.9999158683547,0.0,0.0,Winter,60.224999999999994,0.0,0.0,0.0
2020-12-10 16:00:00,29.403,100.0,0.0,75.25665486278515,624.7432610055696,0.0,0.0,Winter,1.6335,10.750950694683594,0.0,0.0
2020-12-10 17:00:00,0.0,100.0,0.0,106.60035817780522,518.1429028277644,0.0,0.0,Winter,0.0,15.228622596829316,0.0,0.0
2020-12-10 18:00:00,0.0,100.0,0.0,106.60035817780522,411.5425446499592,0.0,0.0,Winter,0.0,15.228622596829316,0.0,0.0
2020-12-10 19:00:00,0.0,100.0,0.0,106.60035817780522,304.942186472154,0.0,0.0,Winter,0.0,15.228622596829316,0.0,0.0
2020-12-10 20:00:00,0.0,100.0,0.0,106.60035817780522,198.34182829434877,0.0,0.0,Winter,0.0,15.228622596829316,0.0,0.0
2020-12-10 21:00:00,0.0,100.0,0.0,106.60035817780522,91.74147011654357,0.0,0.0,Winter,0.0,15.228622596829316,0.0,0.0
2020-12-10 22:00:00,0.0,100.0,0.0,91.74147011654357,0.0,13.93887254719877,0.0,Winter,0.0,13.105924302363366,34.847181367996924,0.0
2020-12-10 23:00:00,0.0,40.0,0.0,0.0,0.0,40.0,60.0,Winter,0.0,0.0,100.0,60.0
2020-12-11 00:00:00,0.0,40.0,0.0,0.0,0.0,40.0,60.0,Winter,0.0,0.0,100.0,60.0
2020-12-11 01:00:00,0.0,40.0,0.0,0.0,0.0,40.0,60.0,Winter,0.0,0.0,100.0,60.0
2020-12-11 02:00:00,0.0,40.0,0.0,0.0,0.0,40.0,60.0,Winter,0.0,0.0,100.0,60.0
2020-12-11 03:00:00,0.0,40.0,0.0,0.0,0.0,40.0,60.0,Winter,0.0,0.0,100.0,60.0
2020-12-11 04:00:00,0.0,40.0,0.0,0.0,0.0,40.0,60.0,Winter,0.0,0.0,100.0,60.0
2020-12-11 05:00:00,0.0,40.0,0.0,0.0,0.0,40.0,60.0,Winter,0.0,0.0,100.0,60.0
2020-12-11 06:00:00,0.0,40.0,0.0,0.0,0.0,40.0,60.0,Winter,0.0,0.0,100.0,60.0
2020-12-11 07:00:00,80.5374,100.0,0.0,0.0,0.0,19.462599999999995,0.0,Winter,4.4743,0.0,48.65649999999999,0.0
2020-12-11 08:00:00,1246.788,100.0,200.0,0.0,187.6166303929372,0.0,0.0,Winter,69.266,0.0,0.0,0.0
2020-12-11 09:00:00,1785.51,100.0,200.0,0.0,375.2332607858744,0.0,0.0,Winter,99.195,0.0,0.0,0.0
2020-12-11 10:00:00,1354.446,100.0,200.0,0.0,562.8498911788115,0.0,0.0,Winter,75.247,0.0,0.0,0.0
2020-12-11 11:00:00,1341.486,100.0,137.15010882118844,0.0,691.5080975540917,0.0,0.0,Winter,74.52700000000002,0.0,0.0,0.0
2020-12-11 12:00:00,1548.0,100.0,8.491902445908286,0.0,699.4742081667259,0.0,0.0,Winter,86.0,0.0,0.0,0.0
2020-12-11 13:00:00,1712.394,100.0,0.5257918332740664,0.0,699.9674446269609,0.0,0.0,Winter,95.133,0.0,0.0,0.0
2020-12-11 14:00:00,1680.498,100.0,0.03255537303909659,0.0,699.9979842739149,0.0,0.0,Winter,93.361,0.0,0.0,0.0
2020-12-11 15:00:00,701.244,100.0,0.0020157260851701724,0.0,699.9998751925942,0.0,0.0,Winter,38.958000000000006,0.0,0.0,0.0
2020-12-11 16:00:00,0.0,100.0,0.0,106.60035817780522,593.399517014789,0.0,0.0,Winter,0.0,15.228622596829316,0.0,0.0
2020-12-11 17:00:00,0.0,100.0,0.0,106.60035817780522,486.79915883698385,0.0,0.0,Winter,0.0,15.228622596829316,0.0,0.0
2020-12-11 18:00:00,0.0,100.0,0.0,106.60035817780522,380.19880065917863,0.0,0.0,Winter,0.0,15.228622596829316,0.0,0.0
2020-12-11 19:00:00,0.0,100.0,0.0,106.60035817780522,273.5984424813734,0.0,0.0,Winter,0.0,15.228622596829316,0.0,0.0
2020-12-11 20:00:00,0.0,100.0,0.0,106.60035817780522,166.99808430356822,0.0,0.0,Winter,0.0,15.228622596829316,0.0,0.0
2020-12-11 21:00:00,0.0,100.0,0.0,106.60035817780522,60.397726125763015,0.0,0.0,Winter,0.0,15.228622596829316,0.0,0.0
2020-12-11 22:00:00,0.0,96.65808929555563,0.0,60.397726125763015,0.0,40.0,3.3419107044443734,Winter,0.0,8.628246589394717,100.0,3.341910704444374
2020-12-11 23:00:00,0.0,40.0,0.0,0.0,0.0,40.0,60.0,Winter,0.0,0.0,100.0,60.0
2020-12-12 00:00:00,0.0,40.0,0.0,0.0,0.0,40.0,60.0,Winter,0.0,0.0,100.0,60.0
2020-12-12 01:00:00,0.0,40.0,0.0,0.0,0.0,40.0,60.0,Winter,0.0,0.0,100.0,60.0
2020-12-12 02:00:00,0.0,40.0,0.0,0.0,0.0,40.0,60.0,Winter,0.0,0.0,100.0,60.0
2020-12-12 03:00:00,0.0,40.0,0.0,0.0,0.0,40.0,60.0,Winter,0.0,0.0,100.0,60.0
2020-12-12 04:00:00,0.0,40.0,0.0,0.0,0.0,40.0,60.0,Winter,0.0,0.0,100.0,60.0
2020-12-12 05:00:00,0.0,40.0,0.0,0.0,0.0,40.0,60.0,Winter,0.0,0.0,100.0,60.0
2020-12-12 06:00:00,0.0,40.0,0.0,0.0,0.0,40.0,60.0,Winter,0.0,0.0,100.0,60.0
2020-12-12 07:00:00,84.25619999999999,100.0,0.0,0.0,0.0,15.743800000000007,0.0,Winter,4.680899999999999,0.0,39.35950000000002,0.0
2020-12-12 08:00:00,1098.738,100.0,200.0,0.0,187.6166303929372,0.0,0.0,Winter,61.041000000000004,0.0,0.0,0.0
2020-12-12 09:00:00,1539.486,100.0,200.0,0.0,375.2332607858744,0.0,0.0,Winter,85.52700000000002,0.0,0.0,0.0
2020-12-12 10:00:00,1282.662,100.0,200.0,0.0,562.8498911788115,0.0,0.0,Winter,71.259,0.0,0.0,0.0
2020-12-12 11:00:00,825.894,100.0,137.15010882118844,0.0,691.5080975540917,0.0,0.0,Winter,45.883,0.0,0.0,0.0
2020-12-12 12:00:00,920.502,100.0,8.491902445908286,0.0,699.4742081667259,0.0,0.0,Winter,51.139,0.0,0.0,0.0
2020-12-12 13:00:00,1513.71,100.0,0.5257918332740664,0.0,699.9674446269609,0.0,0.0,Winter,84.095,0.0,0.0,0.0
2020-12-12 14:00:00,1102.536,100.0,0.03255537303909659,0.0,699.9979842739149,0.0,0.0,Winter,61.25200000000001,0.0,0.0,0.0
2020-12-12 15:00:00,540.198,100.0,0.0020157260851701724,0.0,699.9998751925942,0.0,0.0,Winter,30.011,0.0,0.0,0.0
2020-12-12 16:00:00,28.283399999999997,100.0,0.0,76.45015247294386,623.5497227196504,0.0,0.0,Winter,1.5712999999999997,10.921450353277693,0.0,0.0
2020-12-12 17:00:00,0.0,100.0,0.0,106.60035817780522,516.9493645418452,0.0,0.0,Winter,0.0,15.228622596829316,0.0,0.0
2020-12-12 18:00:00,0.0,100.0,0.0,106.60035817780522,410.34900636403995,0.0,0.0,Winter,0.0,15.228622596829316,0.0,0.0
2020-12-12 19:00:00,0.0,100.0,0.0,106.60035817780522,303.74864818623473,0.0,0.0,Winter,0.0,15.228622596829316,0.0,0.0
2020-12-12 20:00:00,0.0,100.0,0.0,106.60035817780522,197.14829000842954,0.0,0.0,Winter,0.0,15.228622596829316,0.0,0.0
2020-12-12 21:00:00,0.0,100.0,0.0,106.60035817780522,90.54793183062434,0.0,0.0,Winter,0.0,15.228622596829316,0.0,0.0
2020-12-12 22:00:00,0.0,100.0,0.0,90.54793183062434,0.0,15.058510704444402,0.0,Winter,0.0,12.935418832946333,37.646276761111004,0.0
2020-12-12 23:00:00,0.0,40.0,0.0,0.0,0.0,40.0,60.0,Winter,0.0,0.0,100.0,60.0
2020-12-13 00:00:00,0.0,40.0,0.0,0.0,0.0,40.0,60.0,Winter,0.0,0.0,100.0,60.0
2020-12-13 01:00:00,0.0,40.0,0.0,0.0,0.0,40.0,60.0,Winter,0.0,0.0,100.0,60.0
2020-12-13 02:00:00,0.0,40.0,0.0,0.0,0.0,40.0,60.0,Winter,0.0,0.0,100.0,60.0
2020-12-13 03:00:00,0.0,40.0,0.0,0.0,0.0,40.0,60.0,Winter,0.0,0.0,100.0,60.0
2020-12-13 04:00:00,0.0,40.0,0.0,0.0,0.0,40.0,60.0,Winter,0.0,0.0,100.0,60.0
2020-12-13 05:00:00,0.0,40.0,0.0,0.0,0.0,40.0,60.0,Winter,0.0,0.0,100.0,60.0
2020-12-13 06:00:00,0.0,40.0,0.0,0.0,0.0,40.0,60.0,Winter,0.0,0.0,100.0,60.0
2020-12-13 07:00:00,111.77459999999999,100.0,11.774599999999992,0.0,11.045553881123384,0.0,0.0,Winter,6.209699999999999,0.0,0.0,0.0
2020-12-13 08:00:00,629.91,100.0,200.0,0.0,198.66218427406056,0.0,0.0,Winter,34.995,0.0,0.0,0.0
2020-12-13 09:00:00,1244.322,100.0,200.0,0.0,386.27881466699773,0.0,0.0,Winter,69.12899999999999,0.0,0.0,0.0
2020-12-13 10:00:00,1356.444,100.0,200.0,0.0,573.895445059935,0.0,0.0,Winter,75.358,0.0,0.0,0.0
2020-12-13 11:00:00,1245.042,100.0,126.10455494006501,0.0,692.192003435215,0.0,0.0,Winter,69.169,0.0,0.0,0.0
2020-12-13 12:00:00,613.854,100.0,7.807996564784903,0.0,699.516553463238,0.0,0.0,Winter,34.103,0.0,0.0,0.0
2020-12-13 13:00:00,814.284,100.0,0.4834465367620578,0.0,699.9700665142501,0.0,0.0,Winter,45.238,0.0,0.0,0.0
2020-12-13 14:00:00,958.032,100.0,0.029933485749876126,0.0,699.9981466129116,0.0,0.0,Winter,53.224000000000004,0.0,0.0,0.0
2020-12-13 15:00:00,331.02,100.0,0.0018533870883984491,0.0,699.9998852441133,0.0,0.0,Winter,18.389999999999997,0.0,0.0,0.0
2020-12-13 16:00:00,0.0,100.0,0.0,106.60035817780522,593.3995270663081,0.0,0.0,Winter,0.0,15.228622596829316,0.0,0.0
2020-12-13 17:00:00,0.0,100.0,0.0,106.60035817780522,486.7991688885029,0.0,0.0,Winter,0.0,15.228622596829316,0.0,0.0
2020-12-13 18:00:00,0.0,100.0,0.0,106.60035817780522,380.19881071069767,0.0,0.0,Winter,0.0,15.228622596829316,0.0,0.0
2020-12-13 19:00:00,0.0,100.0,0.0,106.60035817780522,273.59845253289245,0.0,0.0,Winter,0.0,15.228622596829316,0.0,0.0
2020-12-13 20:00:00,0.0,100.0,0.0,106.60035817780522,166.99809435508726,0.0,0.0,Winter,0.0,15.228622596829316,0.0,0.0
2020-12-13 21:00:00,0.0,100.0,0.0,106.60035817780522,60.39773617728204,0.0,0.0,Winter,0.0,15.228622596829316,0.0,0.0
2020-12-13 22:00:00,0.0,96.65809872471628,0.0,60.39773617728204,0.0,40.0,3.3419012752837176,Winter,0.0,8.628248025326005,100.0,3.341901275283718
2020-12-13 23:00:00,0.0,40.0,0.0,0.0,0.0,40.0,60.0,Winter,0.0,0.0,100.0,60.0
2020-12-14 00:00:00,0.0,40.0,0.0,0.0,0.0,40.0,60.0,Winter,0.0,0.0,100.0,60.0
2020-12-14 01:00:00,0.0,40.0,0.0,0.0,0.0,40.0,60.0,Winter,0.0,0.0,100.0,60.0
2020-12-14 02:00:00,0.0,40.0,0.0,0.0,0.0,40.0,60.0,Winter,0.0,0.0,100.0,60.0
2020-12-14 03:00:00,0.0,40.0,0.0,0.0,0.0,40.0,60.0,Winter,0.0,0.0,100.0,60.0
2020-12-14 04:00:00,0.0,40.0,0.0,0.0,0.0,40.0,60.0,Winter,0.0,0.0,100.0,60.0
2020-12-14 05:00:00,0.0,40.0,0.0,0.0,0.0,40.0,60.0,Winter,0.0,0.0,100.0,60.0
2020-12-14 06:00:00,0.0,40.0,0.0,0.0,0.0,40.0,60.0,Winter,0.0,0.0,100.0,60.0
2020-12-14 07:00:00,0.0,40.0,0.0,0.0,0.0,40.0,60.0,Winter,0.0,0.0,100.0,60.0
2020-12-14 08:00:00,68.1804,100.0,0.0,0.0,0.0,31.819599999999994,0.0,Winter,3.7878000000000003,0.0,79.54899999999998,0.0
2020-12-14 09:00:00,722.07,100.0,200.0,0.0,187.6166303929372,0.0,0.0,Winter,40.115,0.0,0.0,0.0
2020-12-14 10:00:00,980.82,100.0,200.0,0.0,375.2332607858744,0.0,0.0,Winter,54.49,0.0,0.0,0.0
2020-12-14 11:00:00,1338.102,100.0,200.0,0.0,562.8498911788115,0.0,0.0,Winter,74.339,0.0,0.0,0.0
2020-12-14 12:00:00,1452.492,100.0,137.15010882118844,0.0,691.5080975540917,0.0,0.0,Winter,80.694,0.0,0.0,0.0
2020-12-14 13:00:00,1627.56,100.0,8.491902445908286,0.0,699.4742081667259,0.0,0.0,Winter,90.42,0.0,0.0,0.0
2020-12-14 14:00:00,1299.6,100.0,0.5257918332740664,0.0,699.9674446269609,0.0,0.0,Winter,72.2,0.0,0.0,0.0
2020-12-14 15:00:00,642.024,100.0,0.03255537303909659,0.0,699.9979842739149,0.0,0.0,Winter,35.668,0.0,0.0,0.0
2020-12-14 16:00:00,0.0,100.0,0.0,106.60035817780522,593.3976260961097,0.0,0.0,Winter,0.0,15.228622596829316,0.0,0.0
2020-12-14 17:00:00,0.0,100.0,0.0,106.60035817780522,486.79726791830444,0.0,0.0,Winter,0.0,15.228622596829316,0.0,0.0
2020-12-14 18:00:00,0.0,100.0,0.0,106.60035817780522,380.1969097404992,0.0,0.0,Winter,0.0,15.228622596829316,0.0,0.0
2020-12-14 19:00:00,0.0,100.0,0.0,106.60035817780522,273.596551562694,0.0,0.0,Winter,0.0,15.228622596829316,0.0,0.0
2020-12-14 20:00:00,0.0,100.0,0.0,106.60035817780522,166.9961933848888,0.0,0.0,Winter,0.0,15.228622596829316,0.0,0.0
2020-12-14 21:00:00,0.0,100.0,0.0,106.60035817780522,60.3958352070836,0.0,0.0,Winter,0.0,15.228622596829316,0.0,0.0
2020-12-14 22:00:00,0.0,96.65631545660074,0.0,60.3958352070836,0.0,40.0,3.343684543399263,Winter,0.0,8.6279764581548,100.0,3.3436845433992635
2020-12-14 23:00:00,0.0,40.0,0.0,0.0,0.0,40.0,60.0,Winter,0.0,0.0,100.0,60.0
2020-12-15 00:00:00,0.0,40.0,0.0,0.0,0.0,40.0,60.0,Winter,0.0,0.0,100.0,60.0
2020-12-15 01:00:00,0.0,40.0,0.0,0.0,0.0,40.0,60.0,Winter,0.0,0.0,100.0,60.0
2020-12-15 02:00:00,0.0,40.0,0.0,0.0,0.0,40.0,60.0,Winter,0.0,0.0,100.0,60.0
2020-12-15 03:00:00,0.0,40.0,0.0,0.0,0.0,40.0,60.0,Winter,0.0,0.0,100.0,60.0
2020-12-15 04:00:00,0.0,40.0,0.0,0.0,0.0,40.0,60.0,Winter,0.0,0.0,100.0,60.0
2020-12-15 05:00:00,0.0,40.0,0.0,0.0,0.0,40.0,60.0,Winter,0.0,0.0,100.0,60.0
2020-12-15 06:00:00,0.0,40.0,0.0,0.0,0.0,40.0,60.0,Winter,0.0,0.0,100.0,60.0
2020-12-15 07:00:00,112.67640000000002,100.0,12.676400000000015,0.0,11.89151726756516,0.0,0.0,Winter,6.259800000000001,0.0,0.0,0.0
2020-12-15 08:00:00,1494.828,100.0,200.0,0.0,199.50814766050235,0.0,0.0,Winter,83.04599999999999,0.0,0.0,0.0
2020-12-15 09:00:00,1849.68,100.0,200.0,0.0,387.12477805343957,0.0,0.0,Winter,102.76,0.0,0.0,0.0
2020-12-15 10:00:00,1665.252,100.0,200.0,0.0,574.7414084463768,0.0,0.0,Winter,92.514,0.0,0.0,0.0
2020-12-15 11:00:00,1505.16,100.0,125.2585915536232,0.0,692.2443828216569,0.0,0.0,Winter,83.62,0.0,0.0,0.0
2020-12-15 12:00:00,1518.318,100.0,7.75561717834312,0.0,699.5197966297484,0.0,0.0,Winter,84.351,0.0,0.0,0.0
2020-12-15 13:00:00,1563.156,100.0,0.4802033702515764,0.0,699.9702673208981,0.0,0.0,Winter,86.842,0.0,0.0,0.0
2020-12-15 14:00:00,632.232,100.0,0.029732679101871325,0.0,699.9981590462264,0.0,0.0,Winter,35.124,0.0,0.0,0.0
2020-12-15 15:00:00,155.60819999999998,100.0,0.0018409537735860795,0.0,699.999886013945,0.0,0.0,Winter,8.644899999999998,0.0,0.0,0.0
2020-12-15 16:00:00,0.0,100.0,0.0,106.60035817780522,593.3995278361398,0.0,0.0,Winter,0.0,15.228622596829316,0.0,0.0
2020-12-15 17:00:00,0.0,100.0,0.0,106.60035817780522,486.79916965833456,0.0,0.0,Winter,0.0,15.228622596829316,0.0,0.0
2020-12-15 18:00:00,0.0,100.0,0.0,106.60035817780522,380.1988114805294,0.0,0.0,Winter,0.0,15.228622596829316,0.0,0.0
2020-12-15 19:00:00,0.0,100.0,0.0,106.60035817780522,273.5984533027242,0.0,0.0,Winter,0.0,15.228622596829316,0.0,0.0
2020-12-15 20:00:00,0.0,100.0,0.0,106.60035817780522,166.99809512491896,0.0,0.0,Winter,0.0,15.228622596829316,0.0,0.0
2020-12-15 21:00:00,0.0,100.0,0.0,106.60035817780522,60.39773694711375,0.0,0.0,Winter,0.0,15.228622596829316,0.0,0.0
2020-12-15 22:00:00,0.0,96.65809944688243,0.0,60.39773694711375,0.0,40.0,3.3419005531175685,Winter,0.0,8.628248135301963,100.0,3.341900553117569
2020-12-15 23:00:00,0.0,40.0,0.0,0.0,0.0,40.0,60.0,Winter,0.0,0.0,100.0,60.0
2020-12-16 00:00:00,0.0,40.0,0.0,0.0,0.0,40.0,60.0,Winter,0.0,0.0,100.0,60.0
2020-12-16 01:00:00,0.0,40.0,0.0,0.0,0.0,40.0,60.0,Winter,0.0,0.0,100.0,60.0
2020-12-16 02:00:00,0.0,40.0,0.0,0.0,0.0,40.0,60.0,Winter,0.0,0.0,100.0,60.0
2020-12-16 03:00:00,0.0,40.0,0.0,0.0,0.0,40.0,60.0,Winter,0.0,0.0,100.0,60.0
2020-12-16 04:00:00,0.0,40.0,0.0,0.0,0.0,40.0,60.0,Winter,0.0,0.0,100.0,60.0
2020-12-16 05:00:00,0.0,40.0,0.0,0.0,0.0,40.0,60.0,Winter,0.0,0.0,100.0,60.0
2020-12-16 06:00:00,0.0,40.0,0.0,0.0,0.0,40.0,60.0,Winter,0.0,0.0,100.0,60.0
2020-12-16 07:00:00,89.6958,100.0,0.0,0.0,0.0,10.304199999999994,0.0,Winter,4.9831,0.0,25.760499999999986,0.0
2020-12-16 08:00:00,110.46419999999999,100.0,10.464199999999991,0.0,9.816289718788859,0.0,0.0,Winter,6.136899999999999,0.0,0.0,0.0
2020-12-16 09:00:00,271.602,100.0,171.60199999999998,0.0,170.79323476223286,0.0,0.0,Winter,15.089,0.0,0.0,0.0
2020-12-16 10:00:00,442.134,100.0,200.0,0.0,358.4098651551701,0.0,0.0,Winter,24.563000000000002,0.0,0.0,0.0
2020-12-16 11:00:00,646.398,100.0,200.0,0.0,546.0264955481073,0.0,0.0,Winter,35.911,0.0,0.0,0.0
2020-12-16 12:00:00,614.844,100.0,153.9735044518927,0.0,690.4664459233874,0.0,0.0,Winter,34.15800000000001,0.0,0.0,0.0
2020-12-16 13:00:00,1288.548,100.0,9.533554076612578,0.0,699.4097123810019,0.0,0.0,Winter,71.586,0.0,0.0,0.0
2020-12-16 14:00:00,839.34,100.0,0.5902876189980889,0.0,699.9634512511974,0.0,0.0,Winter,46.63,0.0,0.0,0.0
2020-12-16 15:00:00,351.018,100.0,0.036548748802626506,0.0,699.9977370166745,0.0,0.0,Winter,19.500999999999998,0.0,0.0,0.0
2020-12-16 16:00:00,29.5704,100.0,0.0,75.07820586319549,624.919531153479,0.0,0.0,Winter,1.6427999999999998,10.725457980456499,0.0,0.0
2020-12-16 17:00:00,0.0,100.0,0.0,106.60035817780522,518.3191729756738,0.0,0.0,Winter,0.0,15.228622596829316,0.0,0.0
2020-12-16 18:00:00,0.0,100.0,0.0,106.60035817780522,411.7188147978686,0.0,0.0,Winter,0.0,15.228622596829316,0.0,0.0
2020-12-16 19:00:00,0.0,100.0,0.0,106.60035817780522,305.1184566200634,0.0,0.0,Winter,0.0,15.228622596829316,0.0,0.0
2020-12-16 20:00:00,0.0,100.0,0.0,106.60035817780522,198.5180984422582,0.0,0.0,Winter,0.0,15.228622596829316,0.0,0.0
2020-12-16 21:00:00,0.0,100.0,0.0,106.60035817780522,91.91774026445297,0.0,0.0,Winter,0.0,15.228622596829316,0.0,0.0
2020-12-16 22:00:00,0.0,100.0,0.0,91.91774026445297,0.0,13.773516491250632,0.0,Winter,0.0,13.131105752064713,34.43379122812658,0.0
2020-12-16 23:00:00,0.0,40.0,0.0,0.0,0.0,40.0,60.0,Winter,0.0,0.0,100.0,60.0
2020-12-17 00:00:00,0.0,40.0,0.0,0.0,0.0,40.0,60.0,Winter,0.0,0.0,100.0,60.0
2020-12-17 01:00:00,0.0,40.0,0.0,0.0,0.0,40.0,60.0,Winter,0.0,0.0,100.0,60.0
2020-12-17 02:00:00,0.0,40.0,0.0,0.0,0.0,40.0,60.0,Winter,0.0,0.0,100.0,60.0
2020-12-17 03:00:00,0.0,40.0,0.0,0.0,0.0,40.0,60.0,Winter,0.0,0.0,100.0,60.0
2020-12-17 04:00:00,0.0,40.0,0.0,0.0,0.0,40.0,60.0,Winter,0.0,0.0,100.0,60.0
2020-12-17 05:00:00,0.0,40.0,0.0,0.0,0.0,40.0,60.0,Winter,0.0,0.0,100.0,60.0
2020-12-17 06:00:00,0.0,40.0,0.0,0.0,0.0,40.0,60.0,Winter,0.0,0.0,100.0,60.0
2020-12-17 07:00:00,49.078799999999994,89.0788,0.0,0.0,0.0,40.0,10.921200000000006,Winter,2.7265999999999995,0.0,100.0,10.921200000000006
2020-12-17 08:00:00,1445.238,100.0,200.0,0.0,187.6166303929372,0.0,0.0,Winter,80.291,0.0,0.0,0.0
2020-12-17 09:00:00,1822.41,100.0,200.0,0.0,375.2332607858744,0.0,0.0,Winter,101.245,0.0,0.0,0.0
2020-12-17 10:00:00,1652.292,100.0,200.0,0.0,562.8498911788115,0.0,0.0,Winter,91.794,0.0,0.0,0.0
2020-12-17 11:00:00,1252.746,100.0,137.15010882118844,0.0,691.5080975540917,0.0,0.0,Winter,69.59700000000001,0.0,0.0,0.0
2020-12-17 12:00:00,1345.608,100.0,8.491902445908286,0.0,699.4742081667259,0.0,0.0,Winter,74.756,0.0,0.0,0.0
2020-12-17 13:00:00,1233.27,100.0,0.5257918332740664,0.0,699.9674446269609,0.0,0.0,Winter,68.515,0.0,0.0,0.0
2020-12-17 14:00:00,1214.892,100.0,0.03255537303909659,0.0,699.9979842739149,0.0,0.0,Winter,67.494,0.0,0.0,0.0
2020-12-17 15:00:00,165.9726,100.0,0.0020157260851701724,0.0,699.9998751925942,0.0,0.0,Winter,9.220699999999999,0.0,0.0,0.0
2020-12-17 16:00:00,20.622600000000002,100.0,0.0,84.61659271222915,615.3832824803651,0.0,0.0,Winter,1.1457000000000002,12.088084673175594,0.0,0.0
2020-12-17 17:00:00,0.0,100.0,0.0,106.60035817780522,508.78292430255993,0.0,0.0,Winter,0.0,15.228622596829316,0.0,0.0
2020-12-17 18:00:00,0.0,100.0,0.0,106.60035817780522,402.1825661247547,0.0,0.0,Winter,0.0,15.228622596829316,0.0,0.0
2020-12-17 19:00:00,0.0,100.0,0.0,106.60035817780522,295.5822079469495,0.0,0.0,Winter,0.0,15.228622596829316,0.0,0.0
2020-12-17 20:00:00,0.0,100.0,0.0,106.60035817780522,188.98184976914433,0.0,0.0,Winter,0.0,15.228622596829316,0.0,0.0
2020-12-17 21:00:00,0.0,100.0,0.0,106.60035817780522,82.3814915913391,0.0,0.0,Winter,0.0,15.228622596829316,0.0,0.0
2020-12-17 22:00:00,0.0,100.0,0.0,82.3814915913391,0.0,22.71931070444434,0.0,Winter,0.0,11.768784513048443,56.79827676111084,0.0
2020-12-17 23:00:00,0.0,40.0,0.0,0.0,0.0,40.0,60.0,Winter,0.0,0.0,100.0,60.0
2020-12-18 00:00:00,0.0,40.0,0.0,0.0,0.0,40.0,60.0,Winter,0.0,0.0,100.0,60.0
2020-12-18 01:00:00,0.0,40.0,0.0,0.0,0.0,40.0,60.0,Winter,0.0,0.0,100.0,60.0
2020-12-18 02:00:00,0.0,40.0,0.0,0.0,0.0,40.0,60.0,Winter,0.0,0.0,100.0,60.0
2020-12-18 03:00:00,0.0,40.0,0.0,0.0,0.0,40.0,60.0,Winter,0.0,0.0,100.0,60.0
2020-12-18 04:00:00,0.0,40.0,0.0,0.0,0.0,40.0,60.0,Winter,0.0,0.0,100.0,60.0
2020-12-18 05:00:00,0.0,40.0,0.0,0.0,0.0,40.0,60.0,Winter,0.0,0.0,100.0,60.0
2020-12-18 06:00:00,0.0,40.0,0.0,0.0,0.0,40.0,60.0,Winter,0.0,0.0,100.0,60.0
2020-12-18 07:00:00,34.5186,74.51859999999999,0.0,0.0,0.0,40.0,25.481400000000008,Winter,1.9177,0.0,100.0,25.481400000000008
2020-12-18 08:00:00,1287.342,100.0,200.0,0.0,187.6166303929372,0.0,0.0,Winter,71.519,0.0,0.0,0.0
2020-12-18 09:00:00,1552.734,100.0,200.0,0.0,375.2332607858744,0.0,0.0,Winter,86.263,0.0,0.0,0.0
2020-12-18 10:00:00,1605.042,100.0,200.0,0.0,562.8498911788115,0.0,0.0,Winter,89.169,0.0,0.0,0.0
2020-12-18 11:00:00,1125.108,100.0,137.15010882118844,0.0,691.5080975540917,0.0,0.0,Winter,62.50599999999999,0.0,0.0,0.0
2020-12-18 12:00:00,1308.33,100.0,8.491902445908286,0.0,699.4742081667259,0.0,0.0,Winter,72.685,0.0,0.0,0.0
2020-12-18 13:00:00,1493.316,100.0,0.5257918332740664,0.0,699.9674446269609,0.0,0.0,Winter,82.962,0.0,0.0,0.0
2020-12-18 14:00:00,1052.91,100.0,0.03255537303909659,0.0,699.9979842739149,0.0,0.0,Winter,58.495000000000005,0.0,0.0,0.0
2020-12-18 15:00:00,462.6,100.0,0.0020157260851701724,0.0,699.9998751925942,0.0,0.0,Winter,25.7,0.0,0.0,0.0
2020-12-18 16:00:00,40.599,100.0,0.0,63.32167876119808,636.6781964313961,0.0,0.0,Winter,2.2555,9.045954108742581,0.0,0.0
2020-12-18 17:00:00,0.0,100.0,0.0,106.60035817780522,530.0778382535909,0.0,0.0,Winter,0.0,15.228622596829316,0.0,0.0
2020-12-18 18:00:00,0.0,100.0,0.0,106.60035817780522,423.47748007578576,0.0,0.0,Winter,0.0,15.228622596829316,0.0,0.0
2020-12-18 19:00:00,0.0,100.0,0.0,106.60035817780522,316.87712189798054,0.0,0.0,Winter,0.0,15.228622596829316,0.0,0.0
2020-12-18 20:00:00,0.0,100.0,0.0,106.60035817780522,210.27676372017538,0.0,0.0,Winter,0.0,15.228622596829316,0.0,0.0
2020-12-18 21:00:00,0.0,100.0,0.0,106.60035817780522,103.67640554237015,0.0,0.0,Winter,0.0,15.228622596829316,0.0,0.0
2020-12-18 22:00:00,0.0,100.0,0.0,103.67640554237015,0.0,2.7429107044443697,0.0,Winter,0.0,14.810915077481448,6.857276761110924,0.0
2020-12-18 23:00:00,0.0,40.0,0.0,0.0,0.0,40.0,60.0,Winter,0.0,0.0,100.0,60.0
2020-12-19 00:00:00,0.0,40.0,0.0,0.0,0.0,40.0,60.0,Winter,0.0,0.0,100.0,60.0
2020-12-19 01:00:00,0.0,40.0,0.0,0.0,0.0,40.0,60.0,Winter,0.0,0.0,100.0,60.0
2020-12-19 02:00:00,0.0,40.0,0.0,0.0,0.0,40.0,60.0,Winter,0.0,0.0,100.0,60.0
2020-12-19 03:00:00,0.0,40.0,0.0,0.0,0.0,40.0,60.0,Winter,0.0,0.0,100.0,60.0
2020-12-19 04:00:00,0.0,40.0,0.0,0.0,0.0,40.0,60.0,Winter,0.0,0.0,100.0,60.0
2020-12-19 05:00:00,0.0,40.0,0.0,0.0,0.0,40.0,60.0,Winter,0.0,0.0,100.0,60.0
2020-12-19 06:00:00,0.0,40.0,0.0,0.0,0.0,40.0,60.0,Winter,0.0,0.0,100.0,60.0
2020-12-19 07:00:00,121.3848,100.0,21.3848,0.0,20.060720588134416,0.0,0.0,Winter,6.7436,0.0,0.0,0.0
2020-12-19 08:00:00,1483.164,100.0,200.0,0.0,207.6773509810716,0.0,0.0,Winter,82.39800000000001,0.0,0.0,0.0
2020-12-19 09:00:00,1768.194,100.0,200.0,0.0,395.2939813740088,0.0,0.0,Winter,98.23299999999999,0.0,0.0,0.0
2020-12-19 10:00:00,1607.94,100.0,200.0,0.0,582.9106117669461,0.0,0.0,Winter,89.33,0.0,0.0,0.0
2020-12-19 11:00:00,1415.628,100.0,117.08938823305397,0.0,692.7501941422262,0.0,0.0,Winter,78.64599999999999,0.0,0.0,0.0
2020-12-19 12:00:00,1412.154,100.0,7.24980585777387,0.0,699.5511148724187,0.0,0.0,Winter,78.45299999999999,0.0,0.0,0.0
2020-12-19 13:00:00,1457.064,100.0,0.4488851275813067,0.0,699.9722064477702,0.0,0.0,Winter,80.94800000000001,0.0,0.0,0.0
2020-12-19 14:00:00,1575.828,100.0,0.02779355222976301,0.0,699.9982791108501,0.0,0.0,Winter,87.546,0.0,0.0,0.0
2020-12-19 15:00:00,1035.342,100.0,0.0017208891498157754,0.0,699.999893447968,0.0,0.0,Winter,57.519000000000005,0.0,0.0,0.0
2020-12-19 16:00:00,26.1,100.0,0.0,78.77766469339805,621.22222875457,0.0,0.0,Winter,1.4500000000000002,11.253952099056864,0.0,0.0
2020-12-19 17:00:00,0.0,100.0,0.0,106.60035817780522,514.6218705767648,0.0,0.0,Winter,0.0,15.228622596829316,0.0,0.0
2020-12-19 18:00:00,0.0,100.0,0.0,106.60035817780522,408.0215123989596,0.0,0.0,Winter,0.0,15.228622596829316,0.0,0.0
2020-12-19 19:00:00,0.0,100.0,0.0,106.60035817780522,301.4211542211544,0.0,0.0,Winter,0.0,15.228622596829316,0.0,0.0
2020-12-19 20:00:00,0.0,100.0,0.0,106.60035817780522,194.8207960433492,0.0,0.0,Winter,0.0,15.228622596829316,0.0,0.0
2020-12-19 21:00:00,0.0,100.0,0.0,106.60035817780522,88.22043786554399,0.0,0.0,Winter,0.0,15.228622596829316,0.0,0.0
2020-12-19 22:00:00,0.0,100.0,0.0,88.22043786554399,0.0,17.241893579385774,0.0,Winter,0.0,12.602919695077713,43.104733948464435,0.0
2020-12-19 23:00:00,0.0,40.0,0.0,0.0,0.0,40.0,60.0,Winter,0.0,0.0,100.0,60.0
2020-12-20 00:00:00,0.0,40.0,0.0,0.0,0.0,40.0,60.0,Winter,0.0,0.0,100.0,60.0
2020-12-20 01:00:00,0.0,40.0,0.0,0.0,0.0,40.0,60.0,Winter,0.0,0.0,100.0,60.0
2020-12-20 02:00:00,0.0,40.0,0.0,0.0,0.0,40.0,60.0,Winter,0.0,0.0,100.0,60.0
2020-12-20 03:00:00,0.0,40.0,0.0,0.0,0.0,40.0,60.0,Winter,0.0,0.0,100.0,60.0
2020-12-20 04:00:00,0.0,40.0,0.0,0.0,0.0,40.0,60.0,Winter,0.0,0.0,100.0,60.0
2020-12-20 05:00:00,0.0,40.0,0.0,0.0,0.0,40.0,60.0,Winter,0.0,0.0,100.0,60.0
2020-12-20 06:00:00,0.0,40.0,0.0,0.0,0.0,40.0,60.0,Winter,0.0,0.0,100.0,60.0
2020-12-20 07:00:00,66.9618,100.0,0.0,0.0,0.0,33.0382,0.0,Winter,3.7201,0.0,82.59550000000002,0.0
2020-12-20 08:00:00,813.672,100.0,200.0,0.0,187.6166303929372,0.0,0.0,Winter,45.204,0.0,0.0,0.0
2020-12-20 09:00:00,496.656,100.0,200.0,0.0,375.2332607858744,0.0,0.0,Winter,27.592,0.0,0.0,0.0
2020-12-20 10:00:00,339.696,100.0,200.0,0.0,562.8498911788115,0.0,0.0,Winter,18.872000000000003,0.0,0.0,0.0
2020-12-20 11:00:00,340.47,100.0,137.15010882118844,0.0,691.5080975540917,0.0,0.0,Winter,18.915000000000003,0.0,0.0,0.0
2020-12-20 12:00:00,556.668,100.0,8.491902445908286,0.0,699.4742081667259,0.0,0.0,Winter,30.926,0.0,0.0,0.0
2020-12-20 13:00:00,564.444,100.0,0.5257918332740664,0.0,699.9674446269609,0.0,0.0,Winter,31.357999999999997,0.0,0.0,0.0
2020-12-20 14:00:00,952.146,100.0,0.03255537303909659,0.0,699.9979842739149,0.0,0.0,Winter,52.89699999999999,0.0,0.0,0.0
2020-12-20 15:00:00,164.4192,100.0,0.0020157260851701724,0.0,699.9998751925942,0.0,0.0,Winter,9.1344,0.0,0.0,0.0
2020-12-20 16:00:00,0.0,100.0,0.0,106.60035817780522,593.399517014789,0.0,0.0,Winter,0.0,15.228622596829316,0.0,0.0
2020-12-20 17:00:00,0.0,100.0,0.0,106.60035817780522,486.79915883698385,0.0,0.0,Winter,0.0,15.228622596829316,0.0,0.0
2020-12-20 18:00:00,0.0,100.0,0.0,106.60035817780522,380.19880065917863,0.0,0.0,Winter,0.0,15.228622596829316,0.0,0.0
2020-12-20 19:00:00,0.0,100.0,0.0,106.60035817780522,273.5984424813734,0.0,0.0,Winter,0.0,15.228622596829316,0.0,0.0
2020-12-20 20:00:00,0.0,100.0,0.0,106.60035817780522,166.99808430356822,0.0,0.0,Winter,0.0,15.228622596829316,0.0,0.0
2020-12-20 21:00:00,0.0,100.0,0.0,106.60035817780522,60.397726125763015,0.0,0.0,Winter,0.0,15.228622596829316,0.0,0.0
2020-12-20 22:00:00,0.0,96.65808929555563,0.0,60.397726125763015,0.0,40.0,3.3419107044443734,Winter,0.0,8.628246589394717,100.0,3.341910704444374
2020-12-20 23:00:00,0.0,40.0,0.0,0.0,0.0,40.0,60.0,Winter,0.0,0.0,100.0,60.0
2020-12-21 00:00:00,0.0,40.0,0.0,0.0,0.0,40.0,60.0,Winter,0.0,0.0,100.0,60.0
2020-12-21 01:00:00,0.0,40.0,0.0,0.0,0.0,40.0,60.0,Winter,0.0,0.0,100.0,60.0
2020-12-21 02:00:00,0.0,40.0,0.0,0.0,0.0,40.0,60.0,Winter,0.0,0.0,100.0,60.0
2020-12-21 03:00:00,0.0,40.0,0.0,0.0,0.0,40.0,60.0,Winter,0.0,0.0,100.0,60.0
2020-12-21 04:00:00,0.0,40.0,0.0,0.0,0.0,40.0,60.0,Winter,0.0,0.0,100.0,60.0
2020-12-21 05:00:00,0.0,40.0,0.0,0.0,0.0,40.0,60.0,Winter,0.0,0.0,100.0,60.0
2020-12-21 06:00:00,0.0,40.0,0.0,0.0,0.0,40.0,60.0,Winter,0.0,0.0,100.0,60.0
2020-12-21 07:00:00,92.10419999999999,100.0,0.0,0.0,0.0,7.895800000000008,0.0,Winter,5.116899999999999,0.0,19.73950000000002,0.0
2020-12-21 08:00:00,644.004,100.0,200.0,0.0,187.6166303929372,0.0,0.0,Winter,35.778,0.0,0.0,0.0
2020-12-21 09:00:00,694.26,100.0,200.0,0.0,375.2332607858744,0.0,0.0,Winter,38.57,0.0,0.0,0.0
2020-12-21 10:00:00,765.252,100.0,200.0,0.0,562.8498911788115,0.0,0.0,Winter,42.513999999999996,0.0,0.0,0.0
2020-12-21 11:00:00,1098.882,100.0,137.15010882118844,0.0,691.5080975540917,0.0,0.0,Winter,61.04900000000001,0.0,0.0,0.0
2020-12-21 12:00:00,1418.022,100.0,8.491902445908286,0.0,699.4742081667259,0.0,0.0,Winter,78.779,0.0,0.0,0.0
2020-12-21 13:00:00,1633.356,100.0,0.5257918332740664,0.0,699.9674446269609,0.0,0.0,Winter,90.742,0.0,0.0,0.0
2020-12-21 14:00:00,1744.2,100.0,0.03255537303909659,0.0,699.9979842739149,0.0,0.0,Winter,96.89999999999999,0.0,0.0,0.0
2020-12-21 15:00:00,902.718,100.0,0.0020157260851701724,0.0,699.9998751925942,0.0,0.0,Winter,50.151,0.0,0.0,0.0
2020-12-21 16:00:00,0.0,100.0,0.0,106.60035817780522,593.399517014789,0.0,0.0,Winter,0.0,15.228622596829316,0.0,0.0
2020-12-21 17:00:00,0.0,100.0,0.0,106.60035817780522,486.79915883698385,0.0,0.0,Winter,0.0,15.228622596829316,0.0,0.0
2020-12-21 18:00:00,0.0,100.0,0.0,106.60035817780522,380.19880065917863,0.0,0.0,Winter,0.0,15.228622596829316,0.0,0.0
2020-12-21 19:00:00,0.0,100.0,0.0,106.60035817780522,273.5984424813734,0.0,0.0,Winter,0.0,15.228622596829316,0.0,0.0
2020-12-21 20:00:00,0.0,100.0,0.0,106.60035817780522,166.99808430356822,0.0,0.0,Winter,0.0,15.228622596829316,0.0,0.0
2020-12-21 21:00:00,0.0,100.0,0.0,106.60035817780522,60.397726125763015,0.0,0.0,Winter,0.0,15.228622596829316,0.0,0.0
2020-12-21 22:00:00,0.0,96.65808929555563,0.0,60.397726125763015,0.0,40.0,3.3419107044443734,Winter,0.0,8.628246589394717,100.0,3.341910704444374
2020-12-21 23:00:00,0.0,40.0,0.0,0.0,0.0,40.0,60.0,Winter,0.0,0.0,100.0,60.0
2020-12-22 00:00:00,0.0,40.0,0.0,0.0,0.0,40.0,60.0,Winter,0.0,0.0,100.0,60.0
2020-12-22 01:00:00,0.0,40.0,0.0,0.0,0.0,40.0,60.0,Winter,0.0,0.0,100.0,60.0
2020-12-22 02:00:00,0.0,40.0,0.0,0.0,0.0,40.0,60.0,Winter,0.0,0.0,100.0,60.0
2020-12-22 03:00:00,0.0,40.0,0.0,0.0,0.0,40.0,60.0,Winter,0.0,0.0,100.0,60.0
2020-12-22 04:00:00,0.0,40.0,0.0,0.0,0.0,40.0,60.0,Winter,0.0,0.0,100.0,60.0
2020-12-22 05:00:00,0.0,40.0,0.0,0.0,0.0,40.0,60.0,Winter,0.0,0.0,100.0,60.0
2020-12-22 06:00:00,0.0,40.0,0.0,0.0,0.0,40.0,60.0,Winter,0.0,0.0,100.0,60.0
2020-12-22 07:00:00,57.11579999999999,97.1158,0.0,0.0,0.0,40.0,2.884200000000007,Winter,3.1730999999999994,0.0,100.0,2.884200000000007
2020-12-22 08:00:00,685.26,100.0,200.0,0.0,187.6166303929372,0.0,0.0,Winter,38.07,0.0,0.0,0.0
2020-12-22 09:00:00,429.858,100.0,200.0,0.0,375.2332607858744,0.0,0.0,Winter,23.881,0.0,0.0,0.0
2020-12-22 10:00:00,403.92,100.0,200.0,0.0,562.8498911788115,0.0,0.0,Winter,22.44,0.0,0.0,0.0
2020-12-22 11:00:00,748.89,100.0,137.15010882118844,0.0,691.5080975540917,0.0,0.0,Winter,41.605,0.0,0.0,0.0
2020-12-22 12:00:00,1092.762,100.0,8.491902445908286,0.0,699.4742081667259,0.0,0.0,Winter,60.709,0.0,0.0,0.0
2020-12-22 13:00:00,989.82,100.0,0.5257918332740664,0.0,699.9674446269609,0.0,0.0,Winter,54.99000000000001,0.0,0.0,0.0
2020-12-22 14:00:00,783.468,100.0,0.03255537303909659,0.0,699.9979842739149,0.0,0.0,Winter,43.525999999999996,0.0,0.0,0.0
2020-12-22 15:00:00,461.556,100.0,0.0020157260851701724,0.0,699.9998751925942,0.0,0.0,Winter,25.642,0.0,0.0,0.0
2020-12-22 16:00:00,32.1516,100.0,0.0,72.32663741790999,627.6732377746843,0.0,0.0,Winter,1.7862,10.332376773987143,0.0,0.0
2020-12-22 17:00:00,0.0,100.0,0.0,106.60035817780522,521.072879596879,0.0,0.0,Winter,0.0,15.228622596829316,0.0,0.0
2020-12-22 18:00:00,0.0,100.0,0.0,106.60035817780522,414.4725214190738,0.0,0.0,Winter,0.0,15.228622596829316,0.0,0.0
2020-12-22 19:00:00,0.0,100.0,0.0,106.60035817780522,307.8721632412686,0.0,0.0,Winter,0.0,15.228622596829316,0.0,0.0
2020-12-22 20:00:00,0.0,100.0,0.0,106.60035817780522,201.2718050634634,0.0,0.0,Winter,0.0,15.228622596829316,0.0,0.0
2020-12-22 21:00:00,0.0,100.0,0.0,106.60035817780522,94.67144688565818,0.0,0.0,Winter,0.0,15.228622596829316,0.0,0.0
2020-12-22 22:00:00,0.0,100.0,0.0,94.67144688565818,0.0,11.190310704444414,0.0,Winter,0.0,13.524492412236883,27.97577676111104,0.0
2020-12-22 23:00:00,0.0,40.0,0.0,0.0,0.0,40.0,60.0,Winter,0.0,0.0,100.0,60.0
2020-12-23 00:00:00,0.0,40.0,0.0,0.0,0.0,40.0,60.0,Winter,0.0,0.0,100.0,60.0
2020-12-23 01:00:00,0.0,40.0,0.0,0.0,0.0,40.0,60.0,Winter,0.0,0.0,100.0,60.0
2020-12-23 02:00:00,0.0,40.0,0.0,0.0,0.0,40.0,60.0,Winter,0.0,0.0,100.0,60.0
2020-12-23 03:00:00,0.0,40.0,0.0,0.0,0.0,40.0,60.0,Winter,0.0,0.0,100.0,60.0
2020-12-23 04:00:00,0.0,40.0,0.0,0.0,0.0,40.0,60.0,Winter,0.0,0.0,100.0,60.0
2020-12-23 05:00:00,0.0,40.0,0.0,0.0,0.0,40.0,60.0,Winter,0.0,0.0,100.0,60.0
2020-12-23 06:00:00,0.0,40.0,0.0,0.0,0.0,40.0,60.0,Winter,0.0,0.0,100.0,60.0
2020-12-23 07:00:00,72.75959999999999,100.0,0.0,0.0,0.0,27.240400000000008,0.0,Winter,4.042199999999999,0.0,68.10100000000003,0.0
2020-12-23 08:00:00,1355.994,100.0,200.0,0.0,187.6166303929372,0.0,0.0,Winter,75.333,0.0,0.0,0.0
2020-12-23 09:00:00,1807.722,100.0,200.0,0.0,375.2332607858744,0.0,0.0,Winter,100.42899999999999,0.0,0.0,0.0
2020-12-23 10:00:00,1533.042,100.0,200.0,0.0,562.8498911788115,0.0,0.0,Winter,85.169,0.0,0.0,0.0
2020-12-23 11:00:00,1289.466,100.0,137.15010882118844,0.0,691.5080975540917,0.0,0.0,Winter,71.637,0.0,0.0,0.0
2020-12-23 12:00:00,1217.646,100.0,8.491902445908286,0.0,699.4742081667259,0.0,0.0,Winter,67.647,0.0,0.0,0.0
2020-12-23 13:00:00,1043.226,100.0,0.5257918332740664,0.0,699.9674446269609,0.0,0.0,Winter,57.957,0.0,0.0,0.0
2020-12-23 14:00:00,679.23,100.0,0.03255537303909659,0.0,699.9979842739149,0.0,0.0,Winter,37.735,0.0,0.0,0.0
2020-12-23 15:00:00,432.522,100.0,0.0020157260851701724,0.0,699.9998751925942,0.0,0.0,Winter,24.029,0.0,0.0,0.0
2020-12-23 16:00:00,46.97279999999999,100.0,0.0,56.527185131661135,643.4726900609331,0.0,0.0,Winter,2.6095999999999995,8.075312161665876,0.0,0.0
2020-12-23 17:00:00,0.0,100.0,0.0,106.60035817780522,536.8723318831279,0.0,0.0,Winter,0.0,15.228622596829316,0.0,0.0
2020-12-23 18:00:00,0.0,100.0,0.0,106.60035817780522,430.2719737053227,0.0,0.0,Winter,0.0,15.228622596829316,0.0,0.0
2020-12-23 19:00:00,0.0,100.0,0.0,106.60035817780522,323.67161552751753,0.0,0.0,Winter,0.0,15.228622596829316,0.0,0.0
2020-12-23 20:00:00,0.0,100.0,0.0,106.60035817780522,217.0712573497123,0.0,0.0,Winter,0.0,15.228622596829316,0.0,0.0
2020-12-23 21:00:00,0.0,100.0,0.0,106.60035817780522,110.47089917190709,0.0,0.0,Winter,0.0,15.228622596829316,0.0,0.0
2020-12-23 22:00:00,0.0,100.0,0.0,106.60035817780522,3.8705409941018734,0.0,0.0,Winter,0.0,15.228622596829316,0.0,0.0
2020-12-23 23:00:00,0.0,43.63088929555561,0.0,3.8705409941018734,0.0,40.0,56.36911070444438,Winter,0.0,0.552934427728839,100.0,56.36911070444438
2020-12-24 00:00:00,0.0,40.0,0.0,0.0,0.0,40.0,60.0,Winter,0.0,0.0,100.0,60.0
2020-12-24 01:00:00,0.0,40.0,0.0,0.0,0.0,40.0,60.0,Winter,0.0,0.0,100.0,60.0
2020-12-24 02:00:00,0.0,40.0,0.0,0.0,0.0,40.0,60.0,Winter,0.0,0.0,100.0,60.0
2020-12-24 03:00:00,0.0,40.0,0.0,0.0,0.0,40.0,60.0,Winter,0.0,0.0,100.0,60.0
2020-12-24 04:00:00,0.0,40.0,0.0,0.0,0.0,40.0,60.0,Winter,0.0,0.0,100.0,60.0
2020-12-24 05:00:00,0.0,40.0,0.0,0.0,0.0,40.0,60.0,Winter,0.0,0.0,100.0,60.0
2020-12-24 06:00:00,0.0,40.0,0.0,0.0,0.0,40.0,60.0,Winter,0.0,0.0,100.0,60.0
2020-12-24 07:00:00,50.2092,90.20920000000001,0.0,0.0,0.0,40.0,9.790799999999997,Winter,2.7894,0.0,100.0,9.790799999999997
2020-12-24 08:00:00,1203.192,100.0,200.0,0.0,187.6166303929372,0.0,0.0,Winter,66.84400000000001,0.0,0.0,0.0
2020-12-24 09:00:00,1721.538,100.0,200.0,0.0,375.2332607858744,0.0,0.0,Winter,95.64099999999999,0.0,0.0,0.0
2020-12-24 10:00:00,1661.706,100.0,200.0,0.0,562.8498911788115,0.0,0.0,Winter,92.317,0.0,0.0,0.0
2020-12-24 11:00:00,1478.934,100.0,137.15010882118844,0.0,691.5080975540917,0.0,0.0,Winter,82.163,0.0,0.0,0.0
2020-12-24 12:00:00,1510.542,100.0,8.491902445908286,0.0,699.4742081667259,0.0,0.0,Winter,83.919,0.0,0.0,0.0
2020-12-24 13:00:00,1693.044,100.0,0.5257918332740664,0.0,699.9674446269609,0.0,0.0,Winter,94.058,0.0,0.0,0.0
2020-12-24 14:00:00,1827.108,100.0,0.03255537303909659,0.0,699.9979842739149,0.0,0.0,Winter,101.506,0.0,0.0,0.0
2020-12-24 15:00:00,1221.39,100.0,0.0020157260851701724,0.0,699.9998751925942,0.0,0.0,Winter,67.855,0.0,0.0,0.0
2020-12-24 16:00:00,20.116799999999998,100.0,0.0,85.1557773238925,614.8440978687017,0.0,0.0,Winter,1.1176,12.165111046270356,0.0,0.0
2020-12-24 17:00:00,0.0,100.0,0.0,106.60035817780522,508.2437396908966,0.0,0.0,Winter,0.0,15.228622596829316,0.0,0.0
2020-12-24 18:00:00,0.0,100.0,0.0,106.60035817780522,401.6433815130914,0.0,0.0,Winter,0.0,15.228622596829316,0.0,0.0
2020-12-24 19:00:00,0.0,100.0,0.0,106.60035817780522,295.0430233352862,0.0,0.0,Winter,0.0,15.228622596829316,0.0,0.0
2020-12-24 20:00:00,0.0,100.0,0.0,106.60035817780522,188.44266515748097,0.0,0.0,Winter,0.0,15.228622596829316,0.0,0.0
2020-12-24 21:00:00,0.0,100.0,0.0,106.60035817780522,81.84230697967577,0.0,0.0,Winter,0.0,15.228622596829316,0.0,0.0
2020-12-24 22:00:00,0.0,100.0,0.0,81.84230697967577,0.0,23.225110704444333,0.0,Winter,0.0,11.69175813995368,58.06277676111083,0.0
2020-12-24 23:00:00,0.0,40.0,0.0,0.0,0.0,40.0,60.0,Winter,0.0,0.0,100.0,60.0
2020-12-25 00:00:00,0.0,40.0,0.0,0.0,0.0,40.0,60.0,Winter,0.0,0.0,100.0,60.0
2020-12-25 01:00:00,0.0,40.0,0.0,0.0,0.0,40.0,60.0,Winter,0.0,0.0,100.0,60.0
2020-12-25 02:00:00,0.0,40.0,0.0,0.0,0.0,40.0,60.0,Winter,0.0,0.0,100.0,60.0
2020-12-25 03:00:00,0.0,40.0,0.0,0.0,0.0,40.0,60.0,Winter,0.0,0.0,100.0,60.0
2020-12-25 04:00:00,0.0,40.0,0.0,0.0,0.0,40.0,60.0,Winter,0.0,0.0,100.0,60.0
2020-12-25 05:00:00,0.0,40.0,0.0,0.0,0.0,40.0,60.0,Winter,0.0,0.0,100.0,60.0
2020-12-25 06:00:00,0.0,40.0,0.0,0.0,0.0,40.0,60.0,Winter,0.0,0.0,100.0,60.0
2020-12-25 07:00:00,40.7448,80.7448,0.0,0.0,0.0,40.0,19.255200000000002,Winter,2.2636,0.0,100.0,19.255200000000002
2020-12-25 08:00:00,1296.432,100.0,200.0,0.0,187.6166303929372,0.0,0.0,Winter,72.024,0.0,0.0,0.0
2020-12-25 09:00:00,1837.134,100.0,200.0,0.0,375.2332607858744,0.0,0.0,Winter,102.06299999999999,0.0,0.0,0.0
2020-12-25 10:00:00,1645.038,100.0,200.0,0.0,562.8498911788115,0.0,0.0,Winter,91.391,0.0,0.0,0.0
2020-12-25 11:00:00,1515.312,100.0,137.15010882118844,0.0,691.5080975540917,0.0,0.0,Winter,84.184,0.0,0.0,0.0
2020-12-25 12:00:00,1504.296,100.0,8.491902445908286,0.0,699.4742081667259,0.0,0.0,Winter,83.572,0.0,0.0,0.0
2020-12-25 13:00:00,1619.712,100.0,0.5257918332740664,0.0,699.9674446269609,0.0,0.0,Winter,89.984,0.0,0.0,0.0
2020-12-25 14:00:00,1680.588,100.0,0.03255537303909659,0.0,699.9979842739149,0.0,0.0,Winter,93.366,0.0,0.0,0.0
2020-12-25 15:00:00,1045.89,100.0,0.0020157260851701724,0.0,699.9998751925942,0.0,0.0,Winter,58.105000000000004,0.0,0.0,0.0
2020-12-25 16:00:00,37.8594,100.0,0.0,66.24210217383722,633.757773018757,0.0,0.0,Winter,2.1033,9.463157453405318,0.0,0.0
2020-12-25 17:00:00,0.0,100.0,0.0,106.60035817780522,527.1574148409518,0.0,0.0,Winter,0.0,15.228622596829316,0.0,0.0
2020-12-25 18:00:00,0.0,100.0,0.0,106.60035817780522,420.55705666314657,0.0,0.0,Winter,0.0,15.228622596829316,0.0,0.0
2020-12-25 19:00:00,0.0,100.0,0.0,106.60035817780522,313.9566984853414,0.0,0.0,Winter,0.0,15.228622596829316,0.0,0.0
2020-12-25 20:00:00,0.0,100.0,0.0,106.60035817780522,207.3563403075362,0.0,0.0,Winter,0.0,15.228622596829316,0.0,0.0
2020-12-25 21:00:00,0.0,100.0,0.0,106.60035817780522,100.75598212973097,0.0,0.0,Winter,0.0,15.228622596829316,0.0,0.0
2020-12-25 22:00:00,0.0,100.0,0.0,100.75598212973097,0.0,5.482510704444408,0.0,Winter,0.0,14.393711732818709,13.706276761111019,0.0
2020-12-25 23:00:00,0.0,40.0,0.0,0.0,0.0,40.0,60.0,Winter,0.0,0.0,100.0,60.0
2020-12-26 00:00:00,0.0,40.0,0.0,0.0,0.0,40.0,60.0,Winter,0.0,0.0,100.0,60.0
2020-12-26 01:00:00,0.0,40.0,0.0,0.0,0.0,40.0,60.0,Winter,0.0,0.0,100.0,60.0
2020-12-26 02:00:00,0.0,40.0,0.0,0.0,0.0,40.0,60.0,Winter,0.0,0.0,100.0,60.0
2020-12-26 03:00:00,0.0,40.0,0.0,0.0,0.0,40.0,60.0,Winter,0.0,0.0,100.0,60.0
2020-12-26 04:00:00,0.0,40.0,0.0,0.0,0.0,40.0,60.0,Winter,0.0,0.0,100.0,60.0
2020-12-26 05:00:00,0.0,40.0,0.0,0.0,0.0,40.0,60.0,Winter,0.0,0.0,100.0,60.0
2020-12-26 06:00:00,0.0,40.0,0.0,0.0,0.0,40.0,60.0,Winter,0.0,0.0,100.0,60.0
2020-12-26 07:00:00,52.94520000000001,92.9452,0.0,0.0,0.0,40.0,7.054799999999993,Winter,2.9414000000000002,0.0,100.0,7.054799999999993
2020-12-26 08:00:00,1304.784,100.0,200.0,0.0,187.6166303929372,0.0,0.0,Winter,72.48800000000001,0.0,0.0,0.0
2020-12-26 09:00:00,1802.322,100.0,200.0,0.0,375.2332607858744,0.0,0.0,Winter,100.129,0.0,0.0,0.0
2020-12-26 10:00:00,1628.622,100.0,200.0,0.0,562.8498911788115,0.0,0.0,Winter,90.47900000000001,0.0,0.0,0.0
2020-12-26 11:00:00,1462.284,100.0,137.15010882118844,0.0,691.5080975540917,0.0,0.0,Winter,81.23800000000001,0.0,0.0,0.0
2020-12-26 12:00:00,1451.79,100.0,8.491902445908286,0.0,699.4742081667259,0.0,0.0,Winter,80.655,0.0,0.0,0.0
2020-12-26 13:00:00,1555.776,100.0,0.5257918332740664,0.0,699.9674446269609,0.0,0.0,Winter,86.432,0.0,0.0,0.0
2020-12-26 14:00:00,1544.634,100.0,0.03255537303909659,0.0,699.9979842739149,0.0,0.0,Winter,85.813,0.0,0.0,0.0
2020-12-26 15:00:00,738.9,100.0,0.0020157260851701724,0.0,699.9998751925942,0.0,0.0,Winter,41.05,0.0,0.0,0.0
2020-12-26 16:00:00,22.9482,100.0,0.0,82.13749478244611,617.8623804101481,0.0,0.0,Winter,1.2749,11.73392782606373,0.0,0.0
2020-12-26 17:00:00,0.0,100.0,0.0,106.60035817780522,511.262022232343,0.0,0.0,Winter,0.0,15.228622596829316,0.0,0.0
2020-12-26 18:00:00,0.0,100.0,0.0,106.60035817780522,404.66166405453777,0.0,0.0,Winter,0.0,15.228622596829316,0.0,0.0
2020-12-26 19:00:00,0.0,100.0,0.0,106.60035817780522,298.06130587673255,0.0,0.0,Winter,0.0,15.228622596829316,0.0,0.0
2020-12-26 20:00:00,0.0,100.0,0.0,106.60035817780522,191.46094769892736,0.0,0.0,Winter,0.0,15.228622596829316,0.0,0.0
2020-12-26 21:00:00,0.0,100.0,0.0,106.60035817780522,84.86058952112215,0.0,0.0,Winter,0.0,15.228622596829316,0.0,0.0
2020-12-26 22:00:00,0.0,100.0,0.0,84.86058952112215,0.0,20.39371070444433,0.0,Winter,0.0,12.122941360160306,50.98427676111083,0.0
2020-12-26 23:00:00,0.0,40.0,0.0,0.0,0.0,40.0,60.0,Winter,0.0,0.0,100.0,60.0
2020-12-27 00:00:00,0.0,40.0,0.0,0.0,0.0,40.0,60.0,Winter,0.0,0.0,100.0,60.0
2020-12-27 01:00:00,0.0,40.0,0.0,0.0,0.0,40.0,60.0,Winter,0.0,0.0,100.0,60.0
2020-12-27 02:00:00,0.0,40.0,0.0,0.0,0.0,40.0,60.0,Winter,0.0,0.0,100.0,60.0
2020-12-27 03:00:00,0.0,40.0,0.0,0.0,0.0,40.0,60.0,Winter,0.0,0.0,100.0,60.0
2020-12-27 04:00:00,0.0,40.0,0.0,0.0,0.0,40.0,60.0,Winter,0.0,0.0,100.0,60.0
2020-12-27 05:00:00,0.0,40.0,0.0,0.0,0.0,40.0,60.0,Winter,0.0,0.0,100.0,60.0
2020-12-27 06:00:00,0.0,40.0,0.0,0.0,0.0,40.0,60.0,Winter,0.0,0.0,100.0,60.0
2020-12-27 07:00:00,88.0398,100.0,0.0,0.0,0.0,11.9602,0.0,Winter,4.891100000000001,0.0,29.9005,0.0
2020-12-27 08:00:00,1110.546,100.0,200.0,0.0,187.6166303929372,0.0,0.0,Winter,61.697,0.0,0.0,0.0
2020-12-27 09:00:00,1145.7,100.0,200.0,0.0,375.2332607858744,0.0,0.0,Winter,63.650000000000006,0.0,0.0,0.0
2020-12-27 10:00:00,1582.308,100.0,200.0,0.0,562.8498911788115,0.0,0.0,Winter,87.90599999999999,0.0,0.0,0.0
2020-12-27 11:00:00,1522.566,100.0,137.15010882118844,0.0,691.5080975540917,0.0,0.0,Winter,84.587,0.0,0.0,0.0
2020-12-27 12:00:00,1522.242,100.0,8.491902445908286,0.0,699.4742081667259,0.0,0.0,Winter,84.56899999999999,0.0,0.0,0.0
2020-12-27 13:00:00,1666.98,100.0,0.5257918332740664,0.0,699.9674446269609,0.0,0.0,Winter,92.61,0.0,0.0,0.0
2020-12-27 14:00:00,1815.048,100.0,0.03255537303909659,0.0,699.9979842739149,0.0,0.0,Winter,100.836,0.0,0.0,0.0
2020-12-27 15:00:00,1239.552,100.0,0.0020157260851701724,0.0,699.9998751925942,0.0,0.0,Winter,68.86399999999999,0.0,0.0,0.0
2020-12-27 16:00:00,58.9284,100.0,0.0,43.782472709355446,656.2174024832389,0.0,0.0,Winter,3.2738000000000005,6.25463895847935,0.0,0.0
2020-12-27 17:00:00,0.0,100.0,0.0,106.60035817780522,549.6170443054336,0.0,0.0,Winter,0.0,15.228622596829316,0.0,0.0
2020-12-27 18:00:00,0.0,100.0,0.0,106.60035817780522,443.0166861276284,0.0,0.0,Winter,0.0,15.228622596829316,0.0,0.0
2020-12-27 19:00:00,0.0,100.0,0.0,106.60035817780522,336.41632794982326,0.0,0.0,Winter,0.0,15.228622596829316,0.0,0.0
2020-12-27 20:00:00,0.0,100.0,0.0,106.60035817780522,229.81596977201804,0.0,0.0,Winter,0.0,15.228622596829316,0.0,0.0
2020-12-27 21:00:00,0.0,100.0,0.0,106.60035817780522,123.2156115942128,0.0,0.0,Winter,0.0,15.228622596829316,0.0,0.0
2020-12-27 22:00:00,0.0,100.0,0.0,106.60035817780522,16.61525341640759,0.0,0.0,Winter,0.0,15.228622596829316,0.0,0.0
2020-12-27 23:00:00,0.0,55.58648929555565,0.0,16.61525341640759,0.0,40.0,44.41351070444435,Winter,0.0,2.37360763091537,100.0,44.41351070444435
2020-12-28 00:00:00,0.0,40.0,0.0,0.0,0.0,40.0,60.0,Winter,0.0,0.0,100.0,60.0
2020-12-28 01:00:00,0.0,40.0,0.0,0.0,0.0,40.0,60.0,Winter,0.0,0.0,100.0,60.0
2020-12-28 02:00:00,0.0,40.0,0.0,0.0,0.0,40.0,60.0,Winter,0.0,0.0,100.0,60.0
2020-12-28 03:00:00,0.0,40.0,0.0,0.0,0.0,40.0,60.0,Winter,0.0,0.0,100.0,60.0
2020-12-28 04:00:00,0.0,40.0,0.0,0.0,0.0,40.0,60.0,Winter,0.0,0.0,100.0,60.0
2020-12-28 05:00:00,0.0,40.0,0.0,0.0,0.0,40.0,60.0,Winter,0.0,0.0,100.0,60.0
2020-12-28 06:00:00,0.0,40.0,0.0,0.0,0.0,40.0,60.0,Winter,0.0,0.0,100.0,60.0
2020-12-28 07:00:00,0.0,40.0,0.0,0.0,0.0,40.0,60.0,Winter,0.0,0.0,100.0,60.0
2020-12-28 08:00:00,144.6156,100.0,44.6156,0.0,41.85314267479564,0.0,0.0,Winter,8.0342,0.0,0.0,0.0
2020-12-28 09:00:00,311.004,100.0,200.0,0.0,229.46977306773283,0.0,0.0,Winter,17.278000000000002,0.0,0.0,0.0
2020-12-28 10:00:00,564.93,100.0,200.0,0.0,417.08640346067006,0.0,0.0,Winter,31.384999999999998,0.0,0.0,0.0
2020-12-28 11:00:00,1226.664,100.0,200.0,0.0,604.7030338536073,0.0,0.0,Winter,68.148,0.0,0.0,0.0
2020-12-28 12:00:00,842.742,100.0,95.29696614639275,0.0,694.0995122288873,0.0,0.0,Winter,46.819,0.0,0.0,0.0
2020-12-28 13:00:00,688.896,100.0,5.900487771112704,0.0,699.6346603953418,0.0,0.0,Winter,38.27199999999999,0.0,0.0,0.0
2020-12-28 14:00:00,451.188,100.0,0.3653396046581911,0.0,699.9773793232171,0.0,0.0,Winter,25.066,0.0,0.0,0.0
2020-12-28 15:00:00,137.5164,100.0,0.022620676782913508,0.0,699.9985993989932,0.0,0.0,Winter,7.639800000000001,0.0,0.0,0.0
2020-12-28 16:00:00,0.0,100.0,0.0,106.60035817780522,593.398241221188,0.0,0.0,Winter,0.0,15.228622596829316,0.0,0.0
2020-12-28 17:00:00,0.0,100.0,0.0,106.60035817780522,486.7978830433828,0.0,0.0,Winter,0.0,15.228622596829316,0.0,0.0
2020-12-28 18:00:00,0.0,100.0,0.0,106.60035817780522,380.1975248655776,0.0,0.0,Winter,0.0,15.228622596829316,0.0,0.0
2020-12-28 19:00:00,0.0,100.0,0.0,106.60035817780522,273.59716668777236,0.0,0.0,Winter,0.0,15.228622596829316,0.0,0.0
2020-12-28 20:00:00,0.0,100.0,0.0,106.60035817780522,166.99680850996717,0.0,0.0,Winter,0.0,15.228622596829316,0.0,0.0
2020-12-28 21:00:00,0.0,100.0,0.0,106.60035817780522,60.396450332161955,0.0,0.0,Winter,0.0,15.228622596829316,0.0,0.0
2020-12-28 22:00:00,0.0,96.6568924950731,0.0,60.396450332161955,0.0,40.0,3.3431075049269126,Winter,0.0,8.628064333165995,100.0,3.343107504926913
2020-12-28 23:00:00,0.0,40.0,0.0,0.0,0.0,40.0,60.0,Winter,0.0,0.0,100.0,60.0
2020-12-29 00:00:00,0.0,40.0,0.0,0.0,0.0,40.0,60.0,Winter,0.0,0.0,100.0,60.0
2020-12-29 01:00:00,0.0,40.0,0.0,0.0,0.0,40.0,60.0,Winter,0.0,0.0,100.0,60.0
2020-12-29 02:00:00,0.0,40.0,0.0,0.0,0.0,40.0,60.0,Winter,0.0,0.0,100.0,60.0
2020-12-29 03:00:00,0.0,40.0,0.0,0.0,0.0,40.0,60.0,Winter,0.0,0.0,100.0,60.0
2020-12-29 04:00:00,0.0,40.0,0.0,0.0,0.0,40.0,60.0,Winter,0.0,0.0,100.0,60.0
2020-12-29 05:00:00,0.0,40.0,0.0,0.0,0.0,40.0,60.0,Winter,0.0,0.0,100.0,60.0
2020-12-29 06:00:00,0.0,40.0,0.0,0.0,0.0,40.0,60.0,Winter,0.0,0.0,100.0,60.0
2020-12-29 07:00:00,0.0,40.0,0.0,0.0,0.0,40.0,60.0,Winter,0.0,0.0,100.0,60.0
2020-12-29 08:00:00,63.7848,100.0,0.0,0.0,0.0,36.2152,0.0,Winter,3.5435999999999996,0.0,90.53800000000001,0.0
2020-12-29 09:00:00,155.39219999999997,100.0,55.392199999999974,0.0,51.96248957025825,0.0,0.0,Winter,8.6329,0.0,0.0,0.0
2020-12-29 10:00:00,302.958,100.0,200.0,0.0,239.57911996319544,0.0,0.0,Winter,16.831000000000003,0.0,0.0,0.0
2020-12-29 11:00:00,262.8,100.0,162.8,0.0,392.2990571030463,0.0,0.0,Winter,14.600000000000001,0.0,0.0,0.0
2020-12-29 12:00:00,256.266,100.0,156.26600000000002,0.0,538.88955892796,0.0,0.0,Winter,14.237000000000002,0.0,0.0,0.0
2020-12-29 13:00:00,238.086,100.0,138.086,0.0,668.4257090501555,0.0,0.0,Winter,13.227,0.0,0.0,0.0
2020-12-29 14:00:00,387.828,100.0,31.574290949844407,0.0,698.0450194254357,0.0,0.0,Winter,21.546,0.0,0.0,0.0
2020-12-29 15:00:00,91.36619999999999,100.0,0.0,9.203661724355355,688.8413577010804,0.0,0.0,Winter,5.0759,1.3148088177650505,0.0,0.0
2020-12-29 16:00:00,0.0,100.0,0.0,106.60035817780522,582.2409995232751,0.0,0.0,Winter,0.0,15.228622596829316,0.0,0.0
2020-12-29 17:00:00,0.0,100.0,0.0,106.60035817780522,475.64064134547,0.0,0.0,Winter,0.0,15.228622596829316,0.0,0.0
2020-12-29 18:00:00,0.0,100.0,0.0,106.60035817780522,369.04028316766477,0.0,0.0,Winter,0.0,15.228622596829316,0.0,0.0
2020-12-29 19:00:00,0.0,100.0,0.0,106.60035817780522,262.43992498985955,0.0,0.0,Winter,0.0,15.228622596829316,0.0,0.0
2020-12-29 20:00:00,0.0,100.0,0.0,106.60035817780522,155.83956681205436,0.0,0.0,Winter,0.0,15.228622596829316,0.0,0.0
2020-12-29 21:00:00,0.0,100.0,0.0,106.60035817780522,49.23920863424915,0.0,0.0,Winter,0.0,15.228622596829316,0.0,0.0
2020-12-29 22:00:00,0.0,86.19047203586322,0.0,49.23920863424915,0.0,40.0,13.809527964136777,Winter,0.0,7.034172662035592,100.0,13.809527964136779
2020-12-29 23:00:00,0.0,40.0,0.0,0.0,0.0,40.0,60.0,Winter,0.0,0.0,100.0,60.0
2020-12-30 00:00:00,0.0,40.0,0.0,0.0,0.0,40.0,60.0,Winter,0.0,0.0,100.0,60.0
2020-12-30 01:00:00,0.0,40.0,0.0,0.0,0.0,40.0,60.0,Winter,0.0,0.0,100.0,60.0
2020-12-30 02:00:00,0.0,40.0,0.0,0.0,0.0,40.0,60.0,Winter,0.0,0.0,100.0,60.0
2020-12-30 03:00:00,0.0,40.0,0.0,0.0,0.0,40.0,60.0,Winter,0.0,0.0,100.0,60.0
2020-12-30 04:00:00,0.0,40.0,0.0,0.0,0.0,40.0,60.0,Winter,0.0,0.0,100.0,60.0
2020-12-30 05:00:00,0.0,40.0,0.0,0.0,0.0,40.0,60.0,Winter,0.0,0.0,100.0,60.0
2020-12-30 06:00:00,0.0,40.0,0.0,0.0,0.0,40.0,60.0,Winter,0.0,0.0,100.0,60.0
2020-12-30 07:00:00,30.207600000000003,70.2076,0.0,0.0,0.0,40.0,29.7924,Winter,1.6782000000000001,0.0,100.0,29.7924
2020-12-30 08:00:00,447.606,100.0,200.0,0.0,187.6166303929372,0.0,0.0,Winter,24.867,0.0,0.0,0.0
2020-12-30 09:00:00,984.924,100.0,200.0,0.0,375.2332607858744,0.0,0.0,Winter,54.718,0.0,0.0,0.0
2020-12-30 10:00:00,1123.29,100.0,200.0,0.0,562.8498911788115,0.0,0.0,Winter,62.405,0.0,0.0,0.0
2020-12-30 11:00:00,1199.916,100.0,137.15010882118844,0.0,691.5080975540917,0.0,0.0,Winter,66.662,0.0,0.0,0.0
2020-12-30 12:00:00,1432.44,100.0,8.491902445908286,0.0,699.4742081667259,0.0,0.0,Winter,79.58000000000001,0.0,0.0,0.0
2020-12-30 13:00:00,1563.984,100.0,0.5257918332740664,0.0,699.9674446269609,0.0,0.0,Winter,86.888,0.0,0.0,0.0
2020-12-30 14:00:00,1428.444,100.0,0.03255537303909659,0.0,699.9979842739149,0.0,0.0,Winter,79.35799999999999,0.0,0.0,0.0
2020-12-30 15:00:00,660.168,100.0,0.0020157260851701724,0.0,699.9998751925942,0.0,0.0,Winter,36.676,0.0,0.0,0.0
2020-12-30 16:00:00,30.000600000000002,100.0,0.0,74.61961112231458,625.3802640702796,0.0,0.0,Winter,1.6667,10.65994444604494,0.0,0.0
2020-12-30 17:00:00,0.0,100.0,0.0,106.60035817780522,518.7799058924745,0.0,0.0,Winter,0.0,15.228622596829316,0.0,0.0
2020-12-30 18:00:00,0.0,100.0,0.0,106.60035817780522,412.17954771466924,0.0,0.0,Winter,0.0,15.228622596829316,0.0,0.0
2020-12-30 19:00:00,0.0,100.0,0.0,106.60035817780522,305.5791895368641,0.0,0.0,Winter,0.0,15.228622596829316,0.0,0.0
2020-12-30 20:00:00,0.0,100.0,0.0,106.60035817780522,198.97883135905886,0.0,0.0,Winter,0.0,15.228622596829316,0.0,0.0
2020-12-30 21:00:00,0.0,100.0,0.0,106.60035817780522,92.37847318125364,0.0,0.0,Winter,0.0,15.228622596829316,0.0,0.0
2020-12-30 22:00:00,0.0,100.0,0.0,92.37847318125364,0.0,13.341310704444382,0.0,Winter,0.0,13.196924740179092,33.353276761110955,0.0
2020-12-30 23:00:00,0.0,40.0,0.0,0.0,0.0,40.0,60.0,Winter,0.0,0.0,100.0,60.0
